11 0.7453125 0.57890625 0.11484375 0.11796875
11 0.60703125 0.62890625 0.1453125 0.0609375
11 0.51953125 0.39453125 0.1203125 0.1390625
11 0.67265625 0.24609375 0.05 0.2265625
10 0.61953125 0.21875 0.05625 0.07890625
1 0.53046875 0.03359375 0.05 0.05625
0 0.87421875 0.615625 0.08671875 0.08359375
0 0.95546875 0.50859375 0.0890625 0.0390625
0 0.96484375 0.571875 0.0703125 0.05625
0 0.77734375 0.29921875 0.08671875 0.0921875
0 0.490625 0.5890625 0.06015625 0.0453125
11 0.06640625 0.9046875 0.12421875 0.1390625
11 0.2203125 0.7640625 0.05 0.209375
10 0.16796875 0.728125 0.05625 0.07890625
0 0.32578125 0.80859375 0.08671875 0.0921875