1 0.58984375 0.06953125 0.0421875 0.04609375
1 0.8265625 0.01484375 0.03125 0.0296875
1 0.71328125 0.0625 0.0203125 0.03046875
1 0.7328125 0.0890625 0.0203125 0.040625
1 0.59453125 0.2046875 0.05546875 0.040625
1 0.88515625 0.09609375 0.0515625 0.05625
1 0.69921875 0.115625 0.03359375 0.03203125
1 0.65078125 0.0171875 0.02421875 0.03203125
1 0.57109375 0.10703125 0.028125 0.0578125
1 0.590625 0.13125 0.03828125 0.04375
1 0.55859375 0.0078125 0.0296875 0.015625
0 0.67578125 0.434375 0.0828125 0.05
9 0.97421875 0.35546875 0.0109375 0.08125
1 0.99609375 0.3796875 0.0078125 0.05
1 0.39140625 0.7078125 0.1125 0.109375
1 0.19921875 0.4828125 0.0703125 0.046875
0 0.4546875 0.528125 0.1171875 0.10703125
11 0.9578125 0.471875 0.046875 0.025
9 0.7984375 0.5421875 0.03671875 0.05
9 0.98984375 0.52109375 0.0203125 0.0609375
1 0.6125 0.6140625 0.08125 0.07734375
1 0.7125 0.70078125 0.05625 0.07890625
0 0.6296875 0.93984375 0.10234375 0.1046875
1 0.6796875 0.81328125 0.09453125 0.11484375
1 0.5515625 0.596875 0.025 0.0625
10 0.80390625 0.66015625 0.04765625 0.0515625
10 0.85234375 0.7734375 0.053125 0.05703125
1 0.990625 0.79375 0.01875 0.053125
9 0.875 0.72734375 0.0703125 0.06328125
9 0.97578125 0.853125 0.0484375 0.059375