5 0.86796875 0.34453125 0.2640625 0.3703125
5 0.55 0.13515625 0.3 0.2703125
8 0.29296875 0.6796875 0.0515625 0.040625
8 0.32109375 0.675 0.0359375 0.03125
9 0.27890625 0.871875 0.034375 0.03515625
1 0.2078125 0.72265625 0.03046875 0.03125
1 0.25625 0.8375 0.03203125 0.0359375
1 0.346875 0.9609375 0.04375 0.0453125
1 0.25078125 0.8703125 0.0390625 0.04140625
8 0.7875 0.86328125 0.046875 0.08203125
8 0.92734375 0.82734375 0.05390625 0.05
8 0.71328125 0.91796875 0.053125 0.096875
8 0.63125 0.67734375 0.0625 0.0359375
8 0.59375 0.85078125 0.1015625 0.1265625
8 0.56953125 0.74765625 0.06875 0.0546875
12 0.7046875 0.74921875 0.15859375 0.07734375
12 0.859375 0.93828125 0.06171875 0.10703125
12 0.740625 0.984375 0.1125 0.03125