0 0.22421875 0.30234375 0.1015625 0.07265625
10 0.36328125 0.3296875 0.08359375 0.0625
1 0.2234375 0.1453125 0.04140625 0.05234375
1 0.4234375 0.11328125 0.03125 0.0796875
1 0.04140625 0.20078125 0.0828125 0.0828125
6 0.9078125 0.0203125 0.11875 0.040625
6 0.7453125 0.18515625 0.06796875 0.0515625
9 0.565625 0.07421875 0.12109375 0.103125
6 0.71953125 0.01875 0.0921875 0.0375
4 0.53515625 0.29921875 0.1921875 0.1796875
10 0.7484375 0.42109375 0.034375 0.0484375
10 0.7171875 0.4515625 0.034375 0.04296875
11 0.58515625 0.584375 0.0359375 0.07265625
11 0.540625 0.546875 0.059375 0.05390625
11 0.57109375 0.51328125 0.04921875 0.04921875
0 0.76875 0.5625 0.07265625 0.1109375
0 0.7921875 0.48671875 0.0390625 0.0703125
0 0.69453125 0.503125 0.09765625 0.08203125
0 0.5625 0.434375 0.115625 0.090625
9 0.55 0.47890625 0.0203125 0.03046875
9 0.62578125 0.5234375 0.0359375 0.04375
1 0.8703125 0.6140625 0.05625 0.0703125