7 0.878125 0.07265625 0.14765625 0.125
1 0.0671875 0.478125 0.053125 0.01875
4 0.50234375 0.971875 0.0984375 0.05625
4 0.0171875 0.89765625 0.034375 0.1484375
3 0.22109375 0.7796875 0.1046875 0.0921875
1 0.7203125 0.959375 0.046875 0.04765625
1 0.78125 0.91171875 0.03359375 0.04765625
1 0.73984375 0.846875 0.0234375 0.0546875
1 0.61875 0.81171875 0.01875 0.0765625
1 0.90546875 0.95859375 0.04140625 0.059375
1 0.87109375 0.56328125 0.05625 0.0890625
1 0.65703125 0.5203125 0.05859375 0.07265625
1 0.978125 0.73984375 0.04375 0.0421875