9 0.70078125 0.2515625 0.06953125 0.1078125
0 0.7078125 0.434375 0.0578125 0.16484375
0 0.66875 0.48515625 0.01875 0.0859375
0 0.8546875 0.396875 0.0359375 0.1046875
10 0.31640625 0.6265625 0.02265625 0.0734375
11 0.2515625 0.621875 0.0375 0.084375
9 0.24375 0.72734375 0.028125 0.10703125
1 0.19140625 0.71171875 0.0265625 0.11640625
1 0.21640625 0.68984375 0.01953125 0.06796875
6 0.146875 0.7046875 0.0234375 0.06015625
9 0.453125 0.9125 0.05703125 0.09765625
9 0.57109375 0.665625 0.04296875 0.065625
0 0.578125 0.6125 0.090625 0.065625
9 0.99140625 0.965625 0.0171875 0.06875