10 0.81015625 0.10625 0.06640625 0.084375
6 0.76796875 0.44609375 0.09765625 0.07109375
6 0.81953125 0.2640625 0.10234375 0.10703125
10 0.11640625 0.5921875 0.0546875 0.046875
10 0.02734375 0.59609375 0.0390625 0.0546875
6 0.246875 0.58125 0.046875 0.025
5 0.11875 0.96953125 0.2375 0.0609375
5 0.20859375 0.759375 0.096875 0.084375
5 0.2046875 0.90234375 0.196875 0.1953125
5 0.08671875 0.9046875 0.14609375 0.16015625
11 0.62421875 0.93515625 0.1109375 0.1171875
10 0.39375 0.7109375 0.03671875 0.015625
1 0.66953125 0.80703125 0.0203125 0.0640625