11 0.74375 0.28125 0.090625 0.0875
11 0.79765625 0.1484375 0.078125 0.07890625
1 0.628125 0.40234375 0.0484375 0.1140625
1 0.71953125 0.57265625 0.03984375 0.06484375
1 0.8359375 0.2546875 0.02890625 0.0484375
10 0.821875 0.025 0.05625 0.05
1 0.81484375 0.515625 0.07109375 0.08515625
11 0.8046875 0.58125 0.10703125 0.0828125
9 0.83046875 0.396875 0.05546875 0.0515625
9 0.85859375 0.3109375 0.0140625 0.0546875
1 0.90625 0.48515625 0.08203125 0.08359375
7 0.2265625 0.85625 0.453125 0.2875
8 0.63046875 0.93984375 0.1109375 0.1203125
8 0.71484375 0.80546875 0.0640625 0.0875
8 0.75625 0.91796875 0.06953125 0.0796875
8 0.86328125 0.92265625 0.02890625 0.05078125
8 0.9671875 0.9609375 0.065625 0.078125