8 0.2546875 0.13046875 0.09921875 0.0765625
8 0.08046875 0.0078125 0.0953125 0.015625
8 0.32734375 0.17734375 0.0265625 0.04921875
12 0.14453125 0.25625 0.1125 0.09609375
12 0.05390625 0.26015625 0.1078125 0.1234375
12 0.28515625 0.23046875 0.11171875 0.0765625
1 0.690625 0.509375 0.04296875 0.04375
1 0.6203125 0.38046875 0.03125 0.0234375
1 0.76328125 0.4 0.03125 0.03671875
1 0.79296875 0.5875 0.03984375 0.0421875
1 0.72421875 0.565625 0.03515625 0.0453125
1 0.6578125 0.41015625 0.0265625 0.0328125
1 0.678125 0.41796875 0.01953125 0.04453125
1 0.7328125 0.453125 0.021875 0.03515625