10 0.83984375 0.21484375 0.08046875 0.06953125
0 0.9765625 0.0734375 0.046875 0.071875
0 0.91796875 0.0453125 0.0328125 0.090625
0 0.83828125 0.03828125 0.0484375 0.0765625
0 0.3171875 0.859375 0.0484375 0.08828125
0 0.34921875 0.94921875 0.0609375 0.05703125
10 0.65390625 0.409375 0.05 0.06875
1 0.6171875 0.41484375 0.0375 0.0546875
1 0.484375 0.4171875 0.0375 0.0484375
1 0.70234375 0.4796875 0.0375 0.0421875
1 0.78671875 0.5015625 0.03359375 0.04296875
1 0.74765625 0.48046875 0.0234375 0.04453125
9 0.53359375 0.3625 0.0578125 0.025
9 0.55 0.44140625 0.071875 0.065625
10 0.90078125 0.5359375 0.03671875 0.0453125
10 0.8671875 0.55859375 0.02109375 0.0453125
10 0.89453125 0.453125 0.0453125 0.046875
10 0.9875 0.36015625 0.025 0.0203125
11 0.99140625 0.4875 0.0171875 0.071875
11 0.43984375 0.959375 0.0203125 0.08125
11 0.52265625 0.78203125 0.06171875 0.03984375
11 0.53359375 0.73359375 0.04921875 0.0484375
11 0.58984375 0.709375 0.03359375 0.03359375
10 0.57109375 0.66796875 0.03984375 0.03984375
10 0.5765625 0.77734375 0.02265625 0.02578125
10 0.559375 0.8109375 0.02890625 0.02734375
1 0.44296875 0.69375 0.0265625 0.040625
1 0.45859375 0.74296875 0.0265625 0.03125
1 0.4765625 0.70234375 0.03359375 0.03359375
1 0.503125 0.68046875 0.0234375 0.021875
1 0.4515625 0.6453125 0.0171875 0.025
1 0.50078125 0.8203125 0.02890625 0.03125
7 0.69453125 0.65703125 0.05546875 0.0484375
7 0.63671875 0.6515625 0.0625 0.0359375
9 0.48125 0.9140625 0.03984375 0.03828125
1 0.76484375 0.9953125 0.0421875 0.009375
1 0.8171875 0.925 0.02890625 0.05546875
1 0.74296875 0.971875 0.0375 0.0421875
1 0.478125 0.62421875 0.0171875 0.01640625
1 0.5078125 0.6625 0.015625 0.01875
1 0.50859375 0.628125 0.0171875 0.02109375
1 0.53828125 0.67109375 0.0171875 0.01875
1 0.47265625 0.76640625 0.02109375 0.02109375
1 0.490625 0.75234375 0.03515625 0.03359375
1 0.47421875 0.73046875 0.0171875 0.01953125
1 0.53828125 0.7 0.01875 0.01875