4 0.4953125 0.34765625 0.06875 0.2078125
3 0.7953125 0.17421875 0.0734375 0.13671875
10 0.96796875 0.38828125 0.0640625 0.0828125
10 0.89296875 0.1 0.053125 0.0953125
3 0.690625 0.12734375 0.07265625 0.09375
9 0.684375 0.02578125 0.065625 0.0515625
9 0.85703125 0.17421875 0.059375 0.0921875
1 0.56015625 0.60234375 0.0609375 0.1703125
0 0.9625 0.50546875 0.075 0.0921875
4 0.58203125 0.97734375 0.0609375 0.0453125
4 0.559375 0.88828125 0.040625 0.06796875
9 0.603125 0.9546875 0.0484375 0.065625
1 0.95234375 0.9015625 0.0953125 0.071875
1 0.934375 0.9953125 0.078125 0.009375