10 0.621875 0.2484375 0.1015625 0.0734375
11 0.47109375 0.06484375 0.1640625 0.1296875
11 0.315625 0.24140625 0.11015625 0.0890625
5 0.92265625 0.04609375 0.0859375 0.0921875
5 0.78203125 0.07734375 0.0796875 0.13359375
5 0.896875 0.1390625 0.0625 0.0765625
5 0.98828125 0.0859375 0.0234375 0.1375
5 0.94765625 0.1421875 0.09609375 0.1671875
12 0.2734375 0.36640625 0.01484375 0.02890625
12 0.26015625 0.2984375 0.0421875 0.028125
12 0.340625 0.3265625 0.0578125 0.0828125
4 0.8953125 0.3375 0.09140625 0.07265625
1 0.75546875 0.42265625 0.0265625 0.0328125
10 0.071875 0.84296875 0.02265625 0.06640625
10 0.04765625 0.796875 0.0203125 0.04765625