4 0.16640625 0.0625 0.1421875 0.125
1 0.10546875 0.0171875 0.0234375 0.034375
7 0.23046875 0.42421875 0.1359375 0.1703125
7 0.16484375 0.23203125 0.12890625 0.20859375
7 0.34140625 0.325 0.1171875 0.2
0 0.55859375 0.18671875 0.07265625 0.21953125
0 0.58203125 0.053125 0.0390625 0.10625
0 0.48671875 0.07421875 0.0953125 0.1484375
9 0.41953125 0.10390625 0.034375 0.0859375
4 0.95234375 0.115625 0.0953125 0.171875
10 0.78515625 0.48515625 0.065625 0.04375
10 0.8921875 0.5046875 0.046875 0.009375
11 0.84921875 0.5 0.0671875 0.01875
10 0.60234375 0.60390625 0.05546875 0.08125
10 0.83046875 0.5625 0.0578125 0.03515625
11 0.9078125 0.58828125 0.0734375 0.1125
9 0.53203125 0.97109375 0.0546875 0.0578125
9 0.63125 0.93203125 0.02578125 0.06484375
9 0.48515625 0.7859375 0.0953125 0.1109375
9 0.6671875 0.9765625 0.04375 0.046875