1 0.209375 0.0375 0.040625 0.075
1 0.309375 0.19140625 0.040625 0.1109375
9 0.87109375 0.01640625 0.0421875 0.0328125
9 0.3484375 0.29375 0.0375 0.096875
9 0.3640625 0.23984375 0.06875 0.0328125
9 0.45234375 0.3984375 0.0796875 0.040625
10 0.95390625 0.28984375 0.0578125 0.0671875
9 0.9875 0.23984375 0.025 0.0296875
4 0.01640625 0.62109375 0.0328125 0.0984375
4 0.22265625 0.4421875 0.0546875 0.046875
11 0.10390625 0.434375 0.0609375 0.03125
0 0.36484375 0.5375 0.0703125 0.090625
9 0.41875 0.55078125 0.04296875 0.06015625
9 0.96953125 0.6875 0.04296875 0.05546875
9 0.853125 0.6828125 0.08046875 0.04609375
9 0.87109375 0.48359375 0.06015625 0.0390625
1 0.890625 0.63046875 0.04296875 0.03046875
1 0.9796875 0.634375 0.040625 0.03125
8 0.4359375 0.95546875 0.03515625 0.04609375
8 0.35859375 0.9078125 0.0375 0.0515625
8 0.33984375 0.97734375 0.0203125 0.0265625
8 0.3796875 0.95703125 0.02265625 0.02265625
8 0.434375 0.90703125 0.0546875 0.04375
1 0.88515625 0.98125 0.1640625 0.0375