0 0.15625 0.13984375 0.153125 0.15390625
9 0.04296875 0.12421875 0.0796875 0.10390625
9 0.3125 0.0875 0.053125 0.121875
11 0.58125 0.18046875 0.1390625 0.13671875
11 0.990625 0.23828125 0.01875 0.0546875
10 0.80234375 0.3578125 0.05703125 0.0546875
7 0.81796875 0.08828125 0.03359375 0.078125
7 0.75078125 0.18203125 0.04140625 0.0640625
0 0.546875 0.434375 0.05 0.05
0 0.76328125 0.4703125 0.0734375 0.0359375
9 0.71953125 0.43125 0.0328125 0.04375
9 0.4078125 0.796875 0.03125 0.10390625
11 0.37578125 0.8921875 0.0390625 0.215625
11 0.44921875 0.88125 0.02734375 0.1171875
1 0.76796875 0.89140625 0.0640625 0.07265625
0 0.74140625 0.58125 0.14765625 0.18515625
0 0.9046875 0.87421875 0.1203125 0.1671875