1 0.53359375 0.03359375 0.0953125 0.0671875
0 0.6015625 0.1546875 0.084375 0.10703125
0 0.4375 0.19375 0.015625 0.090625
0 0.9484375 0.14765625 0.103125 0.084375
0 0.85859375 0.2 0.04296875 0.134375
0 0.796875 0.021875 0.09375 0.04375
0 0.728125 0.2796875 0.103125 0.09765625
0 0.38671875 0.553125 0.05859375 0.06640625
1 0.4078125 0.9796875 0.04375 0.040625
1 0.39765625 0.7375 0.0640625 0.125
1 0.58125 0.5796875 0.078125 0.07578125
1 0.80078125 0.9953125 0.0421875 0.009375
1 0.73984375 0.646875 0.05390625 0.0546875
1 0.80390625 0.63125 0.0515625 0.05625
1 0.7703125 0.753125 0.0453125 0.03046875
1 0.71171875 0.8375 0.0625 0.07421875
1 0.640625 0.7734375 0.084375 0.06953125
1 0.96015625 0.71484375 0.0734375 0.08046875