1 0.52578125 0.17890625 0.02890625 0.053125
0 0.52421875 0.4234375 0.0703125 0.096875
0 0.76640625 0.37109375 0.05859375 0.09453125
0 0.8609375 0.5078125 0.0609375 0.08359375
8 0.9359375 0.33515625 0.0484375 0.12109375
5 0.8921875 0.084375 0.08125 0.07734375
5 0.796875 0.03046875 0.059375 0.0609375
5 0.81640625 0.21015625 0.065625 0.12109375
5 0.903125 0.1890625 0.0453125 0.096875
5 0.67578125 0.01640625 0.0421875 0.0328125
5 0.66875 0.52421875 0.059375 0.0703125
0 0.0515625 0.59609375 0.05 0.0734375
0 0.26796875 0.64375 0.0734375 0.0359375
9 0.13515625 0.5671875 0.0671875 0.015625
9 0.225 0.603125 0.0328125 0.0484375
0 0.24609375 0.7546875 0.14765625 0.18515625
0 0.40859375 0.98203125 0.1203125 0.0359375