4 0.26328125 0.27734375 0.0515625 0.0828125
10 0.2671875 0.11640625 0.04375 0.0703125
10 0.23125 0.0375 0.05859375 0.06640625
9 0.30234375 0.009375 0.0265625 0.01875
9 0.34375 0.0265625 0.034375 0.053125
1 0.5859375 0.11484375 0.05390625 0.02109375
1 0.72890625 0.090625 0.0453125 0.06953125
1 0.46015625 0.25 0.07109375 0.07890625
1 0.35625 0.26328125 0.065625 0.06640625
1 0.29765625 0.26484375 0.0171875 0.0734375
1 0.02734375 0.5265625 0.05078125 0.0796875
1 0.10703125 0.57890625 0.053125 0.0796875
1 0.25 0.53984375 0.053125 0.065625
1 0.19296875 0.71953125 0.0375 0.078125
1 0.275 0.6890625 0.028125 0.071875
1 0.2296875 0.91484375 0.11875 0.1265625
1 0.06015625 0.821875 0.05078125 0.08984375
0 0.1921875 0.59296875 0.0390625 0.10390625
1 0.71875 0.665625 0.0375 0.06953125
1 0.36015625 0.92890625 0.04609375 0.0765625
0 0.43359375 0.88046875 0.0421875 0.1125