5 0.7328125 0.19765625 0.084375 0.2828125
5 0.93515625 0.234375 0.1296875 0.1375
11 0.46015625 0.40390625 0.1578125 0.1296875
9 0.3234375 0.3828125 0.096875 0.08203125
9 0.509375 0.58359375 0.053125 0.01328125
9 0.325 0.47578125 0.0703125 0.06328125
11 0.04296875 0.6625 0.08515625 0.07265625
11 0.08828125 0.825 0.06796875 0.0703125
1 0.0328125 0.7125 0.0515625 0.05625
9 0.02109375 0.85390625 0.0421875 0.0671875
0 0.64140625 0.86875 0.0359375 0.1375
1 0.62421875 0.62421875 0.0703125 0.0703125
1 0.36875 0.85546875 0.1046875 0.09296875
1 0.3609375 0.6640625 0.125 0.11484375
1 0.61171875 0.7671875 0.0953125 0.084375
1 0.828125 0.63359375 0.05703125 0.06484375
1 0.72265625 0.37578125 0.0609375 0.0734375
1 0.98046875 0.915625 0.0390625 0.06875
1 0.85703125 0.53125 0.07734375 0.08203125
1 0.97890625 0.528125 0.0421875 0.071875