4 0.02109375 0.1078125 0.0421875 0.215625
3 0.2203125 0.0265625 0.04375 0.053125
3 0.25390625 0.23671875 0.0890625 0.134375
1 0.3765625 0.11640625 0.015625 0.0734375
1 0.459375 0.12578125 0.08046875 0.1640625
1 0.4515625 0.20546875 0.11015625 0.14140625
1 0.409375 0.32578125 0.04921875 0.09375
1 0.38046875 0.21171875 0.0234375 0.0671875
1 0.56015625 0.17578125 0.03515625 0.071875
4 0.81484375 0.0875 0.1203125 0.175
1 0.896875 0.2625 0.12265625 0.140625
10 0.88984375 0.1453125 0.053125 0.078125
10 0.95625 0.47578125 0.0875 0.0484375
1 0.11640625 0.53046875 0.2296875 0.0609375
1 0.2453125 0.8421875 0.14140625 0.20234375
1 0.11015625 0.6296875 0.10703125 0.16015625
1 0.271875 0.94296875 0.19375 0.1140625
1 0.265625 0.52734375 0.084375 0.0546875
1 0.05 0.97890625 0.0625 0.0421875