9 0.04375 0.046875 0.04609375 0.07890625
9 0.06640625 0.1671875 0.025 0.08984375
1 0.40859375 0.21171875 0.1015625 0.0890625
0 0.171875 0.478125 0.13125 0.04375
0 0.04609375 0.46796875 0.0859375 0.0640625
6 0.525 0.7265625 0.05078125 0.115625
10 0.91328125 0.66484375 0.04609375 0.08515625
10 0.87890625 0.53125 0.0390625 0.0625
10 0.84921875 0.77421875 0.0515625 0.071875
1 0.696875 0.6359375 0.0421875 0.0953125
1 0.76875 0.79921875 0.059375 0.0703125
4 0.82578125 0.5390625 0.0546875 0.078125
4 0.79453125 0.51640625 0.0546875 0.0328125
10 0.75390625 0.55859375 0.046875 0.06328125
10 0.759375 0.63828125 0.053125 0.06328125
10 0.80859375 0.70859375 0.05859375 0.08359375