9 0.50703125 0.38984375 0.1140625 0.0671875
9 0.96015625 0.15390625 0.0796875 0.1171875
10 0.7703125 0.1984375 0.09140625 0.0890625
0 0.96015625 0.3375 0.0796875 0.16875
0 0.8765625 0.37734375 0.09765625 0.09375
0 0.79453125 0.37890625 0.05859375 0.090625
0 0.7203125 0.3734375 0.0703125 0.10078125
11 0.509375 0.56171875 0.090625 0.0953125
11 0.71171875 0.48203125 0.16640625 0.11484375
10 0.01796875 0.75625 0.0359375 0.09375
1 0.0890625 0.83046875 0.06484375 0.07265625
0 0.31171875 0.87578125 0.090625 0.0765625
0 0.32578125 0.9640625 0.0828125 0.071875
9 0.22109375 0.85078125 0.07890625 0.0671875
5 0.521875 0.92734375 0.14375 0.1453125
5 0.65859375 0.72421875 0.2484375 0.2296875
5 0.62734375 0.9453125 0.05234375 0.09140625
1 0.8578125 0.95 0.071875 0.08359375