5 0.45234375 0.34609375 0.0671875 0.3140625
5 0.584375 0.16796875 0.203125 0.31640625
5 0.525 0.41171875 0.2125 0.2140625
1 0.26796875 0.7 0.21328125 0.16484375
1 0.40703125 0.7234375 0.0234375 0.1625
1 0.19453125 0.56328125 0.1765625 0.0890625
10 0.315625 0.9796875 0.046875 0.040625
10 0.33828125 0.91171875 0.05 0.08515625
9 0.409375 0.97109375 0.01875 0.0578125
1 0.76171875 0.80078125 0.0375 0.04765625
1 0.7 0.8828125 0.05078125 0.03828125
1 0.66328125 0.784375 0.0421875 0.04609375
1 0.6328125 0.690625 0.0453125 0.03515625
1 0.68046875 0.97421875 0.0484375 0.03984375
1 0.6203125 0.771875 0.04453125 0.04921875
1 0.5890625 0.89765625 0.04609375 0.04453125