1 0.23203125 0.04609375 0.0703125 0.08515625
1 0.225 0.21875 0.06796875 0.1265625
1 0.17265625 0.05 0.04296875 0.06640625
1 0.26796875 0.29140625 0.04140625 0.07578125
1 0.30546875 0.3515625 0.05 0.05390625
1 0.35390625 0.03828125 0.04609375 0.06171875
1 0.5046875 0.0890625 0.040625 0.05234375
1 0.49375 0.04296875 0.03359375 0.03984375
1 0.43203125 0.01875 0.0390625 0.0375
1 0.5703125 0.0515625 0.034375 0.06328125
9 0.18984375 0.17578125 0.06328125 0.07734375
10 0.721875 0.3578125 0.084375 0.10546875
10 0.9390625 0.32421875 0.05625 0.08203125
10 0.72890625 0.12890625 0.059375 0.07578125
10 0.98359375 0.27890625 0.0328125 0.0921875
1 0.8046875 0.04453125 0.04296875 0.07578125
10 0.65078125 0.284375 0.0546875 0.10078125
9 0.21953125 0.5421875 0.1015625 0.053125
9 0.02578125 0.67578125 0.0515625 0.0953125
1 0.62265625 0.5890625 0.0703125 0.040625