1 0.31875 0.078125 0.02890625 0.0328125
1 0.29921875 0.059375 0.02265625 0.046875
1 0.35 0.07578125 0.02421875 0.034375
1 0.39140625 0.078125 0.02421875 0.03125
1 0.4265625 0.03671875 0.01640625 0.02734375
1 0.37109375 0.03046875 0.01796875 0.04140625
0 0.3984375 0.02421875 0.025 0.0484375
0 0.34140625 0.01328125 0.0328125 0.0265625
4 0.8859375 0.0390625 0.1125 0.078125
12 0.48515625 0.56015625 0.0484375 0.0171875
12 0.40234375 0.55390625 0.1171875 0.0296875
1 0.778125 0.27421875 0.0828125 0.03046875
0 0.0421875 0.584375 0.084375 0.03125
9 0.89765625 0.63125 0.0859375 0.1171875