9 0.440625 0.35234375 0.02734375 0.04921875
9 0.41875 0.215625 0.01875 0.04375
9 0.42421875 0.17890625 0.021875 0.02734375
4 0.82109375 0.46484375 0.16640625 0.09375
10 0.778125 0.2984375 0.06328125 0.0703125
10 0.73125 0.21875 0.05859375 0.06640625
11 0.91484375 0.1578125 0.1703125 0.178125
11 0.2828125 0.5765625 0.109375 0.034375
0 0.17890625 0.7625 0.09921875 0.06796875
9 0.37109375 0.72265625 0.0578125 0.07578125
9 0.38125 0.9078125 0.046875 0.0578125
9 0.346875 0.9515625 0.01953125 0.0578125
9 0.35234375 0.8640625 0.03046875 0.06484375