1 0.75390625 0.734375 0.1046875 0.05
1 0.6953125 0.51953125 0.059375 0.08125
1 0.86015625 0.50546875 0.0484375 0.05703125
10 0.73203125 0.165625 0.0578125 0.06171875
9 0.8 0.09140625 0.059375 0.06171875
9 0.53125 0.6 0.0546875 0.06171875
9 0.01328125 0.9390625 0.0265625 0.075
9 0.03984375 0.99140625 0.0703125 0.0171875
9 0.02421875 0.8453125 0.0484375 0.075
9 0.16875 0.98671875 0.078125 0.0265625
0 0.34765625 0.9015625 0.0859375 0.059375
0 0.1984375 0.8578125 0.16484375 0.09375
9 0.7734375 0.92890625 0.09921875 0.0875
9 0.9578125 0.83359375 0.046875 0.09296875
0 0.946875 0.94140625 0.025 0.1171875
0 0.97734375 0.87578125 0.0453125 0.1296875