9 0.63984375 0.01328125 0.0578125 0.0265625
8 0.32265625 0.35078125 0.05859375 0.071875
8 0.27734375 0.40234375 0.0328125 0.0140625
8 0.25859375 0.365625 0.03671875 0.0375
8 0.20390625 0.3609375 0.015625 0.02421875
8 0.234375 0.27734375 0.03515625 0.04609375
8 0.15703125 0.2296875 0.0375 0.0515625
8 0.14296875 0.33671875 0.0515625 0.04375
8 0.13671875 0.3 0.02421875 0.02734375
8 0.178125 0.27890625 0.02265625 0.02265625
8 0.2328125 0.22890625 0.0546875 0.04375
1 0.63515625 0.31796875 0.0671875 0.0671875
0 0.97734375 0.2265625 0.0453125 0.090625
0 0.87734375 0.1171875 0.04765625 0.1109375
0 0.68125 0.3578125 0.025 0.1
1 0.46015625 0.69453125 0.075 0.17109375
9 0.32734375 0.70390625 0.1765625 0.1890625
10 0.6890625 0.75859375 0.040625 0.1109375
10 0.76640625 0.7640625 0.0609375 0.0609375
10 0.68359375 0.540625 0.0296875 0.06875
0 0.84375 0.67421875 0.06484375 0.08828125
11 0.74921875 0.4796875 0.0828125 0.09375