1 0.7953125 0.03984375 0.059375 0.0796875
0 0.77734375 0.10625 0.05390625 0.021875
0 0.821875 0.009375 0.046875 0.01875
0 0.875 0.10703125 0.040625 0.0203125
0 0.66484375 0.075 0.05546875 0.059375
0 0.75 0.028125 0.040625 0.05625
9 0.453125 0.3578125 0.028125 0.1
6 0.95390625 0.2078125 0.0921875 0.140625
0 0.22109375 0.559375 0.0671875 0.040625
0 0.0640625 0.58203125 0.075 0.0859375
0 0.40625 0.634375 0.065625 0.0875
0 0.35078125 0.64140625 0.05 0.1015625
0 0.2640625 0.653125 0.07578125 0.0953125
12 0.24375 0.94765625 0.146875 0.1046875
9 0.0203125 0.7671875 0.040625 0.084375
1 0.09765625 0.77734375 0.046875 0.06953125
1 0.04375 0.87109375 0.04921875 0.06796875
1 0.396875 0.95234375 0.04296875 0.06953125