0 0.2609375 0.26953125 0.08125 0.13046875
0 0.21953125 0.15390625 0.05625 0.09140625
1 0.42578125 0.24609375 0.04140625 0.05
8 0.52265625 0.17734375 0.0140625 0.0734375
10 0.68046875 0.021875 0.0984375 0.04375
10 0.84453125 0.10546875 0.090625 0.1203125
10 0.90234375 0.3125 0.134375 0.153125
10 0.66640625 0.228125 0.06875 0.12578125
10 0.6640625 0.425 0.0578125 0.15859375
9 0.88359375 0.475 0.0765625 0.15
4 0.4390625 0.809375 0.18046875 0.2078125
10 0.39296875 0.94765625 0.12265625 0.06953125
10 0.5703125 0.74375 0.05625 0.07109375
9 0.6203125 0.82578125 0.08125 0.07265625
9 0.6453125 0.74921875 0.078125 0.0671875
1 0.590625 0.5765625 0.06875 0.053125
9 0.63125 0.7015625 0.06015625 0.05234375
9 0.675 0.9671875 0.05859375 0.046875
0 0.95546875 0.8171875 0.0890625 0.0875
9 0.84765625 0.6 0.1203125 0.1
9 0.96484375 0.58046875 0.0703125 0.0609375
9 0.78125 0.65703125 0.0796875 0.1109375
9 0.90078125 0.7453125 0.04921875 0.07265625