7 0.040625 0.16796875 0.08125 0.1796875
4 0.728125 0.03203125 0.053125 0.0640625
3 0.50625 0.19609375 0.0734375 0.13671875
3 0.6515625 0.53203125 0.084375 0.0734375
10 0.68359375 0.41015625 0.0734375 0.0828125
10 0.8921875 0.553125 0.053125 0.03125
10 0.60390625 0.121875 0.053125 0.0953125
10 0.92734375 0.04296875 0.0828125 0.0859375
10 0.821875 0.49296875 0.05078125 0.06328125
10 0.7328125 0.17578125 0.07109375 0.0890625
9 0.56796875 0.19609375 0.059375 0.0921875
9 0.8109375 0.375 0.06171875 0.06953125
1 0.30546875 0.609375 0.0765625 0.08125
1 0.296875 0.7421875 0.0671875 0.08984375
1 0.459375 0.90546875 0.01875 0.1109375
1 0.103125 0.8359375 0.14140625 0.20234375
1 0.14453125 0.93984375 0.2234375 0.1203125
1 0.3046875 0.890625 0.06796875 0.0796875
1 0.4109375 0.85 0.0546875 0.0859375
7 0.571875 0.9828125 0.1875 0.034375
7 0.503125 0.7765625 0.06875 0.0625
10 0.9390625 0.76328125 0.078125 0.075