10 0.65390625 0.3125 0.0484375 0.075
10 0.8453125 0.2828125 0.0734375 0.10703125
10 0.94609375 0.22734375 0.0453125 0.0765625
10 0.96640625 0.12578125 0.046875 0.06015625
10 0.7390625 0.25390625 0.05 0.07109375
4 0.86171875 0.18359375 0.0859375 0.1015625
1 0.784375 0.0421875 0.090625 0.084375
1 0.7609375 0.14453125 0.08828125 0.0796875
1 0.83046875 0.4109375 0.0578125 0.05625
10 0.97265625 0.17109375 0.0484375 0.06796875
1 0.7046875 0.37890625 0.0625 0.0796875
9 0.0390625 0.50859375 0.078125 0.0859375
9 0.040625 0.65859375 0.06328125 0.05625
9 0.05 0.58359375 0.05625 0.06171875
9 0.3625 0.5859375 0.06875 0.0578125
10 0.10859375 0.459375 0.0640625 0.040625
0 0.34453125 0.503125 0.1453125 0.128125
9 0.04765625 0.92734375 0.06015625 0.08671875
10 0.77421875 0.51875 0.0484375 0.01796875
9 0.8328125 0.4625 0.078125 0.046875
10 0.66953125 0.946875 0.0796875 0.10625
1 0.896875 0.5890625 0.06640625 0.12265625
1 0.83359375 0.903125 0.06953125 0.0828125
1 0.7359375 0.9484375 0.0546875 0.06484375