1 0.75625 0.1453125 0.034375 0.04296875
1 0.77890625 0.1671875 0.02109375 0.03515625
1 0.6359375 0.2859375 0.04921875 0.0359375
1 0.6796875 0.25078125 0.028125 0.0421875
1 0.60703125 0.103125 0.02265625 0.03203125
1 0.55859375 0.32421875 0.0203125 0.02734375
1 0.5703125 0.3484375 0.01953125 0.0359375
1 0.74140625 0.37734375 0.025 0.02421875
1 0.7734375 0.22421875 0.028125 0.0640625
10 0.7953125 0.17734375 0.0125 0.04296875
10 0.5203125 0.1875 0.01953125 0.028125
10 0.65546875 0.2125 0.025 0.03046875
10 0.68984375 0.0703125 0.02734375 0.03046875
10 0.6109375 0.1875 0.02578125 0.040625
0 0.65703125 0.115625 0.04609375 0.03828125
9 0.709375 0.225 0.02734375 0.0359375
1 0.875 0.28203125 0.03203125 0.03671875
10 0.6546875 0.48125 0.0390625 0.0640625
10 0.6890625 0.5125 0.028125 0.053125
1 0.490625 0.46171875 0.03203125 0.05859375
9 0.7875 0.51953125 0.028125 0.0390625
9 0.3625 0.6671875 0.05234375 0.0609375
1 0.37890625 0.57734375 0.04765625 0.06484375
1 0.30078125 0.9046875 0.06640625 0.0796875
1 0.4140625 0.63984375 0.0578125 0.075