1 0.64765625 0.0421875 0.03359375 0.08125
10 0.6171875 0.12265625 0.06484375 0.0828125
10 0.9578125 0.08125 0.071875 0.0953125
10 0.9671875 0.00703125 0.046875 0.0140625
10 0.90703125 0.15234375 0.0515625 0.05546875
0 0.59765625 0.2890625 0.0765625 0.10625
10 0.953125 0.60703125 0.053125 0.0640625
10 0.86484375 0.18828125 0.0625 0.0171875
10 0.9140625 0.396875 0.05546875 0.06953125
10 0.884375 0.4796875 0.04765625 0.08125
4 0.87265625 0.61484375 0.0796875 0.0484375
9 0.9359375 0.2390625 0.06875 0.06953125
9 0.8125 0.2234375 0.0515625 0.065625
1 0.94453125 0.33984375 0.0421875 0.04140625
1 0.98203125 0.2671875 0.0359375 0.071875
1 0.9875 0.60546875 0.025 0.0671875
9 0.934375 0.53515625 0.03828125 0.05
4 0.1703125 0.75078125 0.28046875 0.171875
1 0.59921875 0.853125 0.0796875 0.078125
1 0.7515625 0.659375 0.040625 0.040625