5 0.315625 0.07421875 0.09375 0.1078125
5 0.44296875 0.09140625 0.13515625 0.07421875
1 0.70234375 0.10078125 0.059375 0.0546875
11 0.97890625 0.08203125 0.0421875 0.0921875
9 0.875 0.11015625 0.09296875 0.03671875
1 0.76875 0.0078125 0.059375 0.015625
1 0.93515625 0.04453125 0.0578125 0.05
1 0.27421875 0.4015625 0.0109375 0.040625
1 0.49609375 0.43671875 0.028125 0.0578125
0 0.4359375 0.36640625 0.0546875 0.06640625
0 0.37578125 0.37734375 0.04921875 0.06640625
0 0.38125 0.309375 0.07734375 0.059375
9 0.28828125 0.2640625 0.0390625 0.05
11 0.89296875 0.18359375 0.128125 0.109375
11 0.7828125 0.28828125 0.1546875 0.16953125
11 0.65 0.20546875 0.16328125 0.1546875
1 0.41484375 0.87265625 0.07265625 0.0546875
0 0.425 0.69921875 0.103125 0.11328125
0 0.48125 0.8515625 0.0484375 0.09609375
0 0.32421875 0.775 0.1 0.109375
0 0.3125 0.86796875 0.0875 0.0640625
1 0.98203125 0.6046875 0.0359375 0.090625
1 0.71953125 0.70703125 0.0515625 0.05703125
1 0.6421875 0.7453125 0.0484375 0.04921875
1 0.609375 0.7109375 0.04453125 0.04375
1 0.590625 0.5828125 0.05625 0.046875
5 0.6984375 0.6140625 0.08125 0.109375
10 0.52421875 0.97421875 0.0390625 0.0515625
10 0.8921875 0.97890625 0.0875 0.0421875
1 0.67421875 0.95 0.1140625 0.1