8 0.721875 0.13359375 0.07578125 0.18203125
8 0.61953125 0.0625 0.0921875 0.125
8 0.69296875 0.471875 0.11640625 0.15078125
8 0.91015625 0.24375 0.07109375 0.0984375
8 0.80390625 0.25703125 0.075 0.10078125
8 0.53828125 0.52109375 0.0828125 0.0765625
8 0.82109375 0.465625 0.06875 0.10546875
8 0.59609375 0.253125 0.103125 0.15
8 0.5375 0.20234375 0.0515625 0.08125
8 0.98359375 0.18125 0.0328125 0.10625
0 0.83046875 0.80390625 0.08828125 0.09765625
0 0.71640625 0.80546875 0.1046875 0.11875
9 0.95859375 0.70390625 0.0828125 0.1578125
9 0.81796875 0.6328125 0.1203125 0.146875
9 0.88203125 0.95859375 0.0859375 0.0828125