3 0.05703125 0.1609375 0.1140625 0.234375
3 0.04296875 0.41484375 0.0859375 0.1734375
4 0.28359375 0.35078125 0.203125 0.1640625
11 0.81015625 0.17578125 0.11796875 0.11875
11 0.92890625 0.22734375 0.1140625 0.078125
9 0.78984375 0.04296875 0.0953125 0.0859375
10 0.96640625 0.125 0.0421875 0.0390625
10 0.9921875 0.05546875 0.015625 0.0390625
10 0.93125 0.2859375 0.0390625 0.0421875
10 0.73984375 0.4015625 0.065625 0.065625
4 0.9046875 0.8078125 0.18046875 0.2078125
10 0.85859375 0.94609375 0.12265625 0.06953125