9 0.92421875 0.07421875 0.10390625 0.075
11 0.7765625 0.51171875 0.0296875 0.09296875
11 0.62578125 0.3890625 0.33125 0.33515625
11 0.48671875 0.4640625 0.0953125 0.15625
1 0.53828125 0.17578125 0.07265625 0.075
0 0.8015625 0.32109375 0.02109375 0.0765625
12 0.04296875 0.62421875 0.0859375 0.0890625
12 0.21171875 0.71796875 0.26171875 0.15625
8 0.29375 0.83828125 0.121875 0.1125
8 0.40703125 0.62265625 0.0640625 0.0859375
9 0.596875 0.6609375 0.04453125 0.059375
0 0.51328125 0.62578125 0.1484375 0.0921875
1 0.44921875 0.66953125 0.0203125 0.0796875
9 0.64296875 0.69921875 0.046875 0.0859375
9 0.4921875 0.82578125 0.10625 0.1234375