11 0.7171875 0.1828125 0.04765625 0.05390625
11 0.78046875 0.18046875 0.02890625 0.03828125
11 0.82421875 0.20625 0.0203125 0.03984375
11 0.77890625 0.23671875 0.03359375 0.03046875
11 0.61796875 0.4046875 0.0328125 0.028125
11 0.75078125 0.384375 0.03125 0.04375
10 0.57578125 0.40546875 0.0265625 0.0265625
0 0.621875 0.053125 0.0359375 0.065625
0 0.584375 0.3046875 0.025 0.04765625
1 0.9296875 0.34140625 0.05546875 0.0984375
4 0.66796875 0.91171875 0.2140625 0.1765625
11 0.74765625 0.7171875 0.21640625 0.13125
10 0.68671875 0.81015625 0.13125 0.10703125
1 0.98984375 0.91484375 0.0203125 0.0609375