10 0.0265625 0.20078125 0.053125 0.1390625
10 0.08125 0.25234375 0.0609375 0.090625
10 0.078125 0.01015625 0.053125 0.0203125
0 0.16640625 0.203125 0.071875 0.121875
6 0.31953125 0.32109375 0.06875 0.10546875
9 0.5203125 0.21015625 0.0375 0.0921875
10 0.23359375 0.496875 0.05078125 0.09296875
1 0.1546875 0.53125 0.05234375 0.090625
11 0.2375 0.40625 0.0703125 0.021875
11 0.4953125 0.50078125 0.0875 0.1578125
0 0.93515625 0.121875 0.1296875 0.153125
9 0.83359375 0.10703125 0.0796875 0.10390625
10 0.01171875 0.64140625 0.0234375 0.1109375
10 0.08046875 0.646875 0.0609375 0.0609375
0 0.15703125 0.58984375 0.0640625 0.0203125
6 0.36328125 0.5875 0.0671875 0.015625
9 0.34765625 0.9921875 0.0453125 0.015625
9 0.2890625 0.978125 0.0625 0.04375
9 0.35703125 0.94375 0.05625 0.04296875
9 0.25078125 0.99453125 0.0265625 0.0109375
9 0.1671875 0.98828125 0.075 0.0234375
0 0.046875 0.934375 0.05390625 0.0375
9 0.5109375 0.98046875 0.05625 0.0390625
3 0.8140625 0.71171875 0.27890625 0.23359375
3 0.79140625 0.9390625 0.2671875 0.121875