10 0.10234375 0.08125 0.059375 0.11015625
10 0.18828125 0.0859375 0.0609375 0.0609375
0 0.26484375 0.01953125 0.0640625 0.0390625
6 0.47109375 0.0171875 0.0671875 0.034375
9 0.27265625 0.5296875 0.0390625 0.04609375
9 0.41171875 0.49140625 0.0578125 0.02734375
9 0.45625 0.440625 0.04609375 0.034375
9 0.39765625 0.421875 0.06171875 0.05078125
9 0.46484375 0.3828125 0.05625 0.04296875
9 0.33125 0.48046875 0.0546875 0.03203125
9 0.359375 0.4453125 0.02734375 0.03359375
9 0.27578125 0.4328125 0.07578125 0.03203125
0 0.1546875 0.3734375 0.05390625 0.0375
9 0.6 0.446875 0.01875 0.09375
10 0.9203125 0.18515625 0.0875 0.15234375
10 0.81328125 0.734375 0.065625 0.04765625
9 0.65234375 0.69140625 0.0859375 0.1046875
9 0.96953125 0.78125 0.0609375 0.10625