1 0.5734375 0.0984375 0.140625 0.1890625
1 0.51328125 0.17421875 0.0890625 0.1109375
1 0.62578125 0.0921875 0.0359375 0.13046875
1 0.55078125 0.06640625 0.1640625 0.1328125
4 0.88828125 0.125 0.2234375 0.209375
1 0.77734375 0.11484375 0.1609375 0.2296875
1 0.6109375 0.6296875 0.05078125 0.07890625
0 0.484375 0.54296875 0.03125 0.1515625
10 0.878125 0.5625 0.08046875 0.08203125
10 0.79453125 0.5734375 0.05390625 0.0515625
10 0.80078125 0.51796875 0.04453125 0.03359375
10 0.82734375 0.48046875 0.0296875 0.0375
10 0.865625 0.48125 0.05078125 0.0453125
10 0.9265625 0.4671875 0.03984375 0.0484375
1 0.70390625 0.6765625 0.0359375 0.00625
10 0.90703125 0.25234375 0.04765625 0.0453125
10 0.82578125 0.25078125 0.04609375 0.0421875
10 0.93671875 0.63046875 0.05859375 0.06328125
10 0.896875 0.66796875 0.06875 0.0234375
1 0.88359375 0.43359375 0.03671875 0.0421875
0 0.0390625 0.975 0.078125 0.05
1 0.15546875 0.7375 0.05859375 0.05234375