9 0.43515625 0.04140625 0.0328125 0.0828125
4 0.8734375 0.0234375 0.09375 0.046875
9 0.72578125 0.0765625 0.11484375 0.134375
10 0.8796875 0.38203125 0.090625 0.0546875
0 0.78203125 0.3359375 0.1859375 0.146875
9 0.32890625 0.48046875 0.0875 0.0984375
10 0.1890625 0.6078125 0.07421875 0.02890625
1 0.240625 0.7234375 0.04140625 0.07890625
1 0.20859375 0.6578125 0.04453125 0.0546875
1 0.18046875 0.63984375 0.0515625 0.03515625
1 0.10625 0.66015625 0.06015625 0.06953125
1 0.17578125 0.81875 0.034375 0.08046875
8 0.5671875 0.5375 0.078125 0.13515625
8 0.7 0.63046875 0.11015625 0.19453125
8 0.946875 0.7265625 0.0921875 0.1078125
8 0.81171875 0.75 0.06953125 0.1015625
8 0.64296875 0.9640625 0.0984375 0.071875
8 0.4609375 0.68984375 0.0640625 0.08671875
8 0.9578125 0.44296875 0.084375 0.0671875