10 0.01015625 0.165625 0.0203125 0.034375
9 0.0703125 0.20234375 0.04296875 0.02890625
0 0.21953125 0.37109375 0.0859375 0.0765625
1 0.27578125 0.49140625 0.08203125 0.06953125
1 0.18828125 0.43359375 0.0921875 0.0484375
1 0.034375 0.59140625 0.06875 0.1015625
1 0.075 0.725 0.15 0.109375
1 0.30859375 0.64453125 0.0609375 0.0671875
1 0.1765625 0.5875 0.1265625 0.071875
1 0.3234375 0.565625 0.03125 0.078125
5 0.0421875 0.9546875 0.084375 0.090625
1 0.7609375 0.5765625 0.31015625 0.18203125
1 0.48828125 0.56484375 0.13125 0.0953125