3 0.05546875 0.33984375 0.084375 0.09140625
0 0.21953125 0.06015625 0.0828125 0.1203125
0 0.1109375 0.12421875 0.19453125 0.22109375
9 0.1109375 0.27421875 0.0296875 0.06640625
1 0.29453125 0.44375 0.0890625 0.05
1 0.08828125 0.60234375 0.1765625 0.1015625
1 0.1453125 0.73671875 0.22578125 0.109375
1 0.2796875 0.5984375 0.11875 0.071875
5 0.034375 0.96484375 0.06875 0.0703125
5 0.146875 0.96015625 0.090625 0.0796875
11 0.41328125 0.440625 0.0546875 0.04375
1 0.38828125 0.85703125 0.0984375 0.2859375
10 0.51875 0.8875 0.09453125 0.13515625