4 0.0796875 0.3421875 0.06015625 0.11015625
4 0.01640625 0.1421875 0.02421875 0.0765625
11 0.16328125 0.209375 0.0515625 0.11171875
10 0.4234375 0.090625 0.090625 0.13125
10 0.3453125 0.04375 0.096875 0.0875
10 0.41484375 0.415625 0.08125 0.03671875
10 0.80390625 0.2125 0.05625 0.1015625
9 0.90390625 0.3546875 0.0640625 0.08046875
1 0.12265625 0.7890625 0.08359375 0.071875
0 0.6859375 0.86171875 0.153125 0.15390625
9 0.81953125 0.69453125 0.06640625 0.08125
9 0.57265625 0.84609375 0.0796875 0.10390625
9 0.865625 0.809375 0.09921875 0.121875