10 0.35859375 0.5875 0.03046875 0.034375
10 0.24453125 0.4859375 0.028125 0.0515625
1 0.28203125 0.43359375 0.0296875 0.0484375
11 0.2765625 0.5515625 0.04296875 0.05390625
0 0.23984375 0.6671875 0.03359375 0.04296875
0 0.390625 0.6375 0.04609375 0.0390625
1 0.3203125 0.678125 0.0359375 0.03984375
0 0.30078125 0.859375 0.1015625 0.13359375
3 0.5265625 0.69609375 0.0859375 0.10703125
10 0.8859375 0.50078125 0.05 0.0625
10 0.88828125 0.9921875 0.0609375 0.015625
4 0.96328125 0.88671875 0.0734375 0.1296875
0 0.69765625 0.45625 0.0640625 0.09375
0 0.76484375 0.93984375 0.04453125 0.0953125