10 0.196875 0.28984375 0.07265625 0.05859375
1 0.27578125 0.16484375 0.07734375 0.0625
1 0.3859375 0.1265625 0.078125 0.03984375
1 0.22421875 0.46953125 0.040625 0.0421875
1 0.990625 0.13671875 0.01875 0.0640625
1 0.91875 0.11953125 0.04609375 0.05859375
1 0.83984375 0.19609375 0.02890625 0.053125
1 0.95390625 0.2234375 0.02890625 0.08515625
9 0.9859375 0.45859375 0.028125 0.0765625
0 0.84296875 0.440625 0.07890625 0.096875
0 0.89453125 0.2328125 0.04609375 0.10234375
0 0.990625 0.27265625 0.01875 0.0546875
1 0.25078125 0.9359375 0.121875 0.0921875
1 0.159375 0.59296875 0.07109375 0.06875
0 0.028125 0.7296875 0.05625 0.14375
10 0.6984375 0.8609375 0.14375 0.1859375
9 0.5984375 0.90625 0.0703125 0.1375