0 0.240625 0.35234375 0.153125 0.15390625
9 0.37421875 0.18515625 0.06640625 0.08125
9 0.12734375 0.33671875 0.0796875 0.10390625
9 0.4203125 0.3 0.09921875 0.121875
9 0.953125 0.2125 0.08046875 0.04609375
9 0.9703125 0.01640625 0.059375 0.0328125
1 0.984375 0.159375 0.03125 0.03125
1 0.9515625 0.52578125 0.096875 0.0671875
10 0.271875 0.6453125 0.06484375 0.07421875
10 0.16484375 0.6015625 0.0453125 0.025
10 0.27734375 0.80859375 0.04296875 0.0484375
10 0.07890625 0.81953125 0.04453125 0.05703125
10 0.4 0.87890625 0.0484375 0.0796875
6 0.02109375 0.69765625 0.0421875 0.0609375
6 0.2328125 0.98125 0.059375 0.0375
6 0.271875 0.8921875 0.06328125 0.0609375
6 0.42734375 0.72421875 0.0515625 0.08515625
11 0.0078125 0.909375 0.015625 0.078125
10 0.52734375 0.97734375 0.0484375 0.0453125