9 0.7671875 0.47421875 0.1078125 0.12109375
9 0.9421875 0.06640625 0.084375 0.08515625
0 0.74921875 0.27109375 0.1703125 0.16484375
1 0.51640625 0.3140625 0.0796875 0.0765625
1 0.6390625 0.55390625 0.04765625 0.06015625
3 0.4171875 0.98828125 0.075 0.0234375
3 0.5125 0.95859375 0.05625 0.0828125
9 0.5859375 0.8578125 0.08203125 0.03203125
9 0.65234375 0.73125 0.05625 0.0875
10 0.50859375 0.72578125 0.0921875 0.07734375
1 0.8390625 0.90859375 0.09765625 0.05546875
1 0.9765625 0.97265625 0.046875 0.0546875
1 0.340625 0.85234375 0.03828125 0.0609375
1 0.24765625 0.64296875 0.0609375 0.0265625
1 0.8890625 0.6546875 0.065625 0.05
1 0.5484375 0.6578125 0.05625 0.05625