1 0.96796875 0.02421875 0.0109375 0.0484375
1 0.9984375 0.0484375 0.003125 0.0625
1 0.94140625 0.01640625 0.0171875 0.0328125
1 0.875 0.06328125 0.015625 0.04609375
1 0.85390625 0.0203125 0.02109375 0.03515625
1 0.990625 0.321875 0.01875 0.034375
1 0.93203125 0.3015625 0.053125 0.0484375
12 0.05625 0.43671875 0.1125 0.1953125
10 0.240625 0.75859375 0.0578125 0.078125
11 0.0578125 0.75 0.09609375 0.06015625
0 0.12890625 0.9625 0.0921875 0.075
0 0.17890625 0.74453125 0.084375 0.04921875
0 0.00703125 0.83203125 0.0140625 0.1171875
12 0.5 0.859375 0.159375 0.28125
5 0.68515625 0.88671875 0.1265625 0.2265625
5 0.95546875 0.57421875 0.0890625 0.3109375