1 0.39296875 0.25234375 0.05390625 0.02734375
1 0.30546875 0.17265625 0.03984375 0.0671875
1 0.225 0.209375 0.04453125 0.0625
1 0.1265625 0.21796875 0.04921875 0.0515625
1 0.09140625 0.1515625 0.0625 0.0609375
1 0.1875 0.13828125 0.040625 0.04453125
1 0.246875 0.04140625 0.1375 0.0828125
1 0.4203125 0.075 0.0515625 0.078125
0 0.3140625 0.24765625 0.0421875 0.03671875
8 0.03046875 0.49296875 0.0265625 0.04921875
12 0.021875 0.52890625 0.04375 0.0421875
9 0.9515625 0.9609375 0.078125 0.078125
10 0.5828125 0.84140625 0.046875 0.0859375
10 0.825 0.74296875 0.0453125 0.0578125
0 0.6140625 0.9640625 0.0625 0.071875
0 0.88046875 0.903125 0.0609375 0.06875