10 0.91015625 0.4 0.034375 0.059375
10 0.8828125 0.32734375 0.02421875 0.059375
10 0.9140625 0.20859375 0.0578125 0.0546875
9 0.74609375 0.18515625 0.06484375 0.09296875
9 0.70703125 0.5234375 0.0375 0.08828125
9 0.94921875 0.5578125 0.0796875 0.04375
5 0.5375 0.6703125 0.24375 0.18125
5 0.47109375 0.88984375 0.084375 0.159375
7 0.6765625 0.6046875 0.034375 0.05
7 0.684375 0.66484375 0.05 0.0609375
7 0.73046875 0.6109375 0.0640625 0.0625
7 0.7296875 0.696875 0.04453125 0.07734375
7 0.83828125 0.81796875 0.0390625 0.09375
7 0.72734375 0.81796875 0.0328125 0.0546875
7 0.67734375 0.80078125 0.0359375 0.1078125
7 0.76171875 0.8640625 0.0515625 0.059375