1 0.77734375 0.125 0.04140625 0.1078125
1 0.7578125 0.02890625 0.059375 0.0578125
1 0.7109375 0.0375 0.046875 0.075
1 0.89609375 0.225 0.04609375 0.0671875
11 0.95390625 0.365625 0.06328125 0.08828125
9 0.95625 0.0203125 0.046875 0.040625
0 0.95859375 0.440625 0.0546875 0.078125
11 0.61640625 0.77421875 0.0140625 0.1234375
9 0.77890625 0.78515625 0.071875 0.06796875
9 0.7109375 0.80234375 0.1 0.12109375
9 0.66015625 0.86875 0.07265625 0.07890625
9 0.7859375 0.96015625 0.075 0.0796875
9 0.94140625 0.8625 0.08203125 0.10703125
9 0.87109375 0.83515625 0.06484375 0.07578125
9 0.9546875 0.70390625 0.06015625 0.07265625