0 0.04765625 0.0453125 0.08515625 0.0703125
0 0.02265625 0.10546875 0.0453125 0.0484375
1 0.2078125 0.04765625 0.0421875 0.028125
8 0.303125 0.07421875 0.0125 0.0390625
10 0.0703125 0.43203125 0.07265625 0.05859375
1 0.14921875 0.30703125 0.07734375 0.0625
1 0.259375 0.26875 0.078125 0.03984375
1 0.5234375 0.084375 0.046875 0.04765625
1 0.584375 0.03671875 0.03359375 0.04765625
1 0.70859375 0.08359375 0.04140625 0.059375
1 0.55703125 0.33515625 0.05234375 0.10234375
9 0.1140625 0.828125 0.1453125 0.2625
10 0.5171875 0.771875 0.05625 0.08359375
10 0.5703125 0.92421875 0.0359375 0.06875
11 0.34609375 0.96953125 0.0671875 0.0609375
11 0.325 0.92265625 0.03125 0.0734375
7 0.4703125 0.5796875 0.046875 0.040625
0 0.378125 0.67890625 0.06875 0.16953125
0 0.35 0.78046875 0.08125 0.1765625
9 0.3390625 0.87109375 0.02109375 0.04765625
9 0.3359375 0.61875 0.03359375 0.06640625
7 0.76015625 0.59765625 0.1015625 0.0765625
7 0.8953125 0.684375 0.11875 0.17890625
7 0.96015625 0.8390625 0.0796875 0.203125