3 0.2921875 0.0140625 0.065625 0.028125
3 0.02890625 0.1203125 0.0578125 0.134375
3 0.3875 0.0140625 0.053125 0.028125
3 0.05234375 0.33828125 0.1015625 0.0921875
3 0.20625 0.06171875 0.08125 0.1234375
3 0.2015625 0.175 0.1296875 0.096875
1 0.590625 0.03125 0.071875 0.0625
1 0.7109375 0.08984375 0.040625 0.06171875
1 0.78515625 0.16875 0.12265625 0.1046875
1 0.784375 0.0328125 0.125 0.065625
1 0.66875 0.03515625 0.10625 0.0703125
1 0.50234375 0.05703125 0.1046875 0.1140625
1 0.90234375 0.1296875 0.1046875 0.1265625
0 0.76015625 0.4734375 0.09453125 0.10703125
9 0.8421875 0.5625 0.0421875 0.05625
9 0.696875 0.49453125 0.05 0.071875
9 0.86171875 0.4875 0.06171875 0.0828125
10 0.92421875 0.84765625 0.0578125 0.0671875
9 0.97265625 0.79765625 0.0546875 0.0296875