1 0.51015625 0.06640625 0.03984375 0.0671875
1 0.4296875 0.103125 0.04453125 0.0625
1 0.33125 0.11171875 0.04921875 0.0515625
1 0.29609375 0.0453125 0.0625 0.0609375
1 0.3921875 0.03203125 0.040625 0.04453125
0 0.51875 0.14140625 0.0421875 0.03671875
8 0.1625 0.33984375 0.09921875 0.0765625
8 0.01796875 0.1921875 0.0359375 0.065625
8 0.05546875 0.184375 0.0671875 0.04765625
8 0.23515625 0.38671875 0.0265625 0.04921875
12 0.05390625 0.46484375 0.1078125 0.0953125
12 0.19296875 0.43984375 0.11171875 0.0765625
1 0.653125 0.31796875 0.053125 0.065625
1 0.59609375 0.49765625 0.0375 0.078125
1 0.6859375 0.4671875 0.04296875 0.071875
1 0.79296875 0.47265625 0.04921875 0.05625
1 0.82421875 0.55390625 0.0640625 0.0515625
1 0.71953125 0.5578125 0.0421875 0.04375
1 0.87421875 0.02734375 0.0578125 0.0546875
0 0.5953125 0.37109375 0.0390625 0.10390625
6 0.39375 0.9765625 0.071875 0.046875
10 0.59609375 0.65078125 0.0546875 0.1421875
9 0.71875 0.925 0.15078125 0.13828125