1 0.4609375 0.6140625 0.09765625 0.115625
1 0.5140625 0.5140625 0.0359375 0.04765625
1 0.63203125 0.3375 0.05 0.065625
1 0.59140625 0.65703125 0.06328125 0.0609375
9 0.71484375 0.47109375 0.08828125 0.10625
9 0.571875 0.52578125 0.0703125 0.08828125
10 0.0125 0.8515625 0.025 0.1125
10 0.05703125 0.959375 0.0578125 0.08125
8 0.12265625 0.8328125 0.04375 0.0953125
8 0.33671875 0.8015625 0.05703125 0.0796875
12 0.34375 0.86171875 0.0296875 0.0734375
12 0.23359375 0.8171875 0.034375 0.07265625
12 0.2921875 0.815625 0.05078125 0.07890625
9 0.78671875 0.975 0.1546875 0.05