10 0.11171875 0.028125 0.0515625 0.05625
10 0.15625 0.1078125 0.053125 0.08828125
3 0.346875 0.54921875 0.04140625 0.1765625
3 0.4125 0.4953125 0.034375 0.09375
3 0.3953125 0.3859375 0.06875 0.090625
3 0.02890625 0.6640625 0.0578125 0.071875
0 0.03125 0.3375 0.0625 0.253125
0 0.0125 0.12890625 0.025 0.1640625
0 0.1765625 0.2546875 0.1734375 0.1421875
0 0.3953125 0.1703125 0.06875 0.221875
9 0.29765625 0.36484375 0.05703125 0.09140625
1 0.4453125 0.22734375 0.03125 0.0796875
1 0.578125 0.18828125 0.053125 0.065625
1 0.52109375 0.36796875 0.0375 0.078125
1 0.6109375 0.3375 0.04296875 0.071875
1 0.71796875 0.34296875 0.04921875 0.05625
1 0.75 0.43203125 0.0640625 0.065625
1 0.6453125 0.43203125 0.04140625 0.05
1 0.56953125 0.5640625 0.140625 0.12578125
1 0.9796875 0.684375 0.040625 0.03125
0 0.5203125 0.24140625 0.0390625 0.10390625
9 0.32578125 0.88203125 0.1453125 0.11015625