0 0.93671875 0.23203125 0.09140625 0.1390625
0 0.96328125 0.0515625 0.0734375 0.103125
1 0.89609375 0.0109375 0.0515625 0.021875
1 0.7578125 0.21171875 0.015625 0.0953125
1 0.8921875 0.12890625 0.07265625 0.08515625
9 0.65390625 0.55234375 0.07265625 0.0609375
9 0.56953125 0.87109375 0.0625 0.05546875
9 0.6296875 0.921875 0.078125 0.1125
9 0.3953125 0.88203125 0.0609375 0.103125
9 0.18671875 0.95390625 0.0828125 0.0921875
9 0.46875 0.884375 0.05234375 0.06953125
9 0.425 0.69765625 0.046875 0.06796875
10 0.525 0.3828125 0.078125 0.028125
10 0.16640625 0.403125 0.09453125 0.053125
10 0.12421875 0.98125 0.0296875 0.0375
5 0.959375 0.409375 0.08125 0.08125
10 0.84609375 0.65546875 0.06796875 0.0859375
10 0.95234375 0.69375 0.046875 0.05625
4 0.8203125 0.7359375 0.08203125 0.07890625
1 0.88359375 0.87890625 0.08828125 0.0890625
1 0.91875 0.78359375 0.08828125 0.059375
1 0.875 0.54296875 0.05546875 0.0546875
1 0.984375 0.5921875 0.03125 0.0625