1 0.41015625 0.975 0.028125 0.0484375
1 0.43203125 0.59140625 0.03203125 0.065625
1 0.475 0.509375 0.03828125 0.05078125
1 0.5015625 0.44921875 0.040625 0.0203125
1 0.45625 0.834375 0.03203125 0.06015625
1 0.3109375 0.89921875 0.05546875 0.0578125
9 0.50078125 0.55390625 0.05703125 0.0921875
9 0.36015625 0.71015625 0.04765625 0.06953125
9 0.31171875 0.80390625 0.06015625 0.08046875
9 0.17734375 0.96484375 0.0515625 0.0703125
9 0.1109375 0.859375 0.0546875 0.09375
10 0.4953125 0.909375 0.0546875 0.0828125
10 0.85859375 0.6421875 0.09140625 0.09375
9 0.7265625 0.746875 0.075 0.0875
9 0.86171875 0.5328125 0.11015625 0.10234375