1 0.1296875 0.396875 0.065625 0.12265625
1 0.01328125 0.04765625 0.0265625 0.0734375
1 0.02421875 0.2 0.02890625 0.04609375
1 0.3578125 0.2796875 0.03828125 0.06171875
1 0.6375 0.38671875 0.06953125 0.08125
1 0.17421875 0.65 0.028125 0.065625
1 0.28125 0.6875 0.03359375 0.078125
9 0.14296875 0.778125 0.03671875 0.06953125
7 0.146875 0.696875 0.025 0.05625
7 0.19609375 0.75625 0.0265625 0.05625
7 0.21875 0.7 0.03125 0.08359375
1 0.0390625 0.9296875 0.078125 0.140625
1 0.6421875 0.6734375 0.35 0.246875
1 0.91796875 0.6515625 0.1171875 0.203125
1 0.56015625 0.89140625 0.2203125 0.1453125
1 0.5265625 0.98203125 0.153125 0.0359375