1 0.15625 0.14765625 0.03828125 0.0453125
1 0.31796875 0.36484375 0.0484375 0.06328125
1 0.0125 0.4921875 0.025 0.034375
1 0.41328125 0.28984375 0.0109375 0.0421875
9 0.17421875 0.77578125 0.0625 0.1140625
1 0.1015625 0.74765625 0.0359375 0.0828125
10 0.04453125 0.66953125 0.06796875 0.07734375
11 0.50390625 0.66640625 0.06328125 0.1171875
11 0.484375 0.52265625 0.13125 0.0265625
9 0.703125 0.675 0.04296875 0.0984375
10 0.75546875 0.8578125 0.05859375 0.059375
10 0.61484375 0.6203125 0.07265625 0.065625
10 0.5671875 0.753125 0.06328125 0.08046875
0 0.946875 0.72578125 0.078125 0.103125