1 0.153125 0.16796875 0.115625 0.12890625
1 0.2921875 0.18359375 0.05546875 0.06796875
1 0.48046875 0.28359375 0.1734375 0.17734375
1 0.46875 0.4078125 0.09375 0.14140625
1 0.31640625 0.32578125 0.0921875 0.109375
1 0.23125 0.475 0.06640625 0.10390625
1 0.1140625 0.41953125 0.16640625 0.146875
0 0.190625 0.0515625 0.19375 0.103125
1 0.81328125 0.1 0.078125 0.09453125
1 0.85859375 0.35703125 0.071875 0.09453125
1 0.8859375 0.5015625 0.05859375 0.0734375
1 0.94296875 0.328125 0.0375 0.04453125
1 0.90546875 0.3953125 0.04453125 0.06640625
1 0.80859375 0.17421875 0.0625 0.08046875
1 0.715625 0.21640625 0.05625 0.08203125
1 0.978125 0.1625 0.04375 0.096875
1 0.89609375 0.25390625 0.05390625 0.071875
1 0.853125 0.046875 0.065625 0.09296875
1 0.86796875 0.40546875 0.07421875 0.0890625
1 0.709375 0.384375 0.06015625 0.08203125
9 0.03359375 0.8015625 0.0671875 0.103125
9 0.278125 0.6296875 0.06796875 0.09296875
10 0.1703125 0.97734375 0.05390625 0.04453125
9 0.37109375 0.80234375 0.0734375 0.10234375
9 0.29375 0.91953125 0.0703125 0.11484375
11 0.921875 0.771875 0.071875 0.096875
4 0.725 0.66640625 0.05234375 0.084375
4 0.8375 0.8046875 0.05546875 0.09296875
4 0.8015625 0.57421875 0.0484375 0.071875
10 0.95078125 0.6734375 0.05390625 0.06953125