1 0.37578125 0.23125 0.109375 0.18203125
1 0.28359375 0.2171875 0.05 0.09765625
1 0.74140625 0.86015625 0.05625 0.0796875
1 0.76015625 0.77734375 0.04765625 0.06953125
1 0.86015625 0.80625 0.02578125 0.08828125
1 0.53203125 0.9703125 0.0671875 0.059375
0 0.60390625 0.953125 0.0859375 0.09375
0 0.690625 0.7609375 0.0421875 0.11875
0 0.753125 0.675 0.05234375 0.11171875
0 0.803125 0.61953125 0.078125 0.0796875
0 0.82109375 0.7109375 0.046875 0.1203125
0 0.69375 0.62421875 0.06875 0.0890625
0 0.53359375 0.6046875 0.0546875 0.05
0 0.5453125 0.71640625 0.05078125 0.08125
4 0.94765625 0.609375 0.1046875 0.059375