10 0.359375 0.62421875 0.07578125 0.08828125
0 0.27734375 0.61328125 0.08671875 0.07265625
0 0.3140625 0.90078125 0.096875 0.1296875
0 0.2953125 0.746875 0.0671875 0.1109375
11 0.6234375 0.61875 0.109375 0.15625
11 0.9125 0.78671875 0.1140625 0.06875
11 0.959375 0.840625 0.08125 0.078125
10 0.9890625 0.7515625 0.021875 0.040625
10 0.95 0.72109375 0.05546875 0.04453125
1 0.84921875 0.959375 0.06015625 0.0640625
1 0.8390625 0.884375 0.0515625 0.04921875
1 0.89765625 0.92421875 0.065625 0.0546875
1 0.95546875 0.9328125 0.0453125 0.03828125
1 0.85 0.75390625 0.05546875 0.04921875
9 0.75 0.6453125 0.075 0.0609375
1 0.68828125 0.49296875 0.05546875 0.0546875
1 0.9765625 0.95234375 0.03046875 0.02890625
1 0.9921875 0.9890625 0.015625 0.021875
1 0.84375 0.84296875 0.03984375 0.03359375
1 0.88359375 0.84921875 0.0671875 0.05390625
1 0.87265625 0.8890625 0.03359375 0.03203125
1 0.9875 0.88046875 0.025 0.0296875
1 0.6625 0.8578125 0.06328125 0.05234375