1 0.46953125 0.0515625 0.1390625 0.0953125
1 0.4125 0.21328125 0.1625 0.11953125
1 0.31015625 0.346875 0.10703125 0.10859375
1 0.4375 0.3421875 0.090625 0.0671875
1 0.390625 0.6140625 0.08828125 0.0671875
7 0.7671875 0.13046875 0.02890625 0.07890625
7 0.71796875 0.0375 0.0171875 0.065625
1 0.93203125 0.01796875 0.0171875 0.0359375
4 0.87109375 0.5171875 0.09375 0.1484375
1 0.8265625 0.3296875 0.10546875 0.10625
10 0.809375 0.43984375 0.04140625 0.06484375
8 0.98828125 0.559375 0.0234375 0.09375
10 0.1703125 0.82578125 0.10234375 0.1203125
8 0.56328125 0.94140625 0.06328125 0.0625
9 0.0390625 0.93046875 0.078125 0.1390625
0 0.89453125 0.68671875 0.1015625 0.0359375