8 0.14453125 0.23203125 0.0609375 0.05703125
8 0.24921875 0.0578125 0.0484375 0.08359375
8 0.11875 0.359375 0.040625 0.059375
1 0.2859375 0.32890625 0.0875 0.1203125
1 0.3640625 0.35 0.075 0.078125
1 0.36015625 0.20546875 0.075 0.17578125
1 0.4546875 0.3390625 0.1 0.1
1 0.31875 0.04765625 0.090625 0.0953125
1 0.19140625 0.33359375 0.0765625 0.1109375
1 0.24765625 0.1796875 0.11875 0.13828125
1 0.13046875 0.07421875 0.1140625 0.1484375
1 0.4234375 0.046875 0.1 0.09375
1 0.46171875 0.196875 0.11328125 0.15
1 0.5484375 0.3421875 0.0625 0.09375
0 0.77578125 0.95703125 0.1109375 0.0859375
0 0.9890625 0.73984375 0.021875 0.0984375
0 0.91953125 0.74296875 0.05078125 0.09375
0 0.7046875 0.72421875 0.11640625 0.21171875
0 0.5984375 0.9546875 0.0375 0.090625
0 0.7984375 0.7453125 0.08203125 0.09765625
0 0.90078125 0.55390625 0.11484375 0.07109375