1 0.40703125 0.2953125 0.06484375 0.08046875
1 0.31328125 0.26484375 0.0578125 0.09375
1 0.3625 0.4796875 0.046875 0.01875
1 0.06484375 0.328125 0.07109375 0.1
8 0.55625 0.334375 0.09375 0.05859375
1 0.93125 0.21015625 0.12890625 0.0453125
1 0.934375 0.3828125 0.075 0.0828125
11 0.03828125 0.53984375 0.0765625 0.0953125
0 0.146875 0.86015625 0.078125 0.103125
0 0.1625 0.62421875 0.09375 0.05
1 0.83125 0.95703125 0.09375 0.0859375
1 0.73828125 0.96640625 0.0515625 0.0671875
1 0.8171875 0.78125 0.06796875 0.08046875
1 0.959375 0.90546875 0.08125 0.0921875
1 0.5421875 0.5 0.065625 0.021875
1 0.67578125 0.9296875 0.0578125 0.08046875
9 0.74921875 0.646875 0.1390625 0.0875
9 0.53984375 0.8671875 0.0890625 0.128125