1 0.48125 0.12421875 0.04375 0.040625
1 0.3234375 0.178125 0.05078125 0.05859375
1 0.5921875 0.140625 0.0546875 0.046875
1 0.42421875 0.0125 0.0484375 0.025
1 0.5703125 0.29609375 0.04609375 0.0484375
1 0.3984375 0.25703125 0.1078125 0.0765625
4 0.696875 0.38359375 0.134375 0.1296875
9 0.42734375 0.61875 0.0984375 0.1328125
9 0.49375 0.7921875 0.05859375 0.1796875
9 0.08515625 0.54609375 0.078125 0.15234375
11 0.16875 0.51328125 0.09375 0.1078125
12 0.7484375 0.5140625 0.02890625 0.0875
1 0.9875 0.52578125 0.025 0.0640625
12 0.83125 0.77890625 0.1375 0.4421875