1 0.05 0.13046875 0.1 0.0734375
1 0.053125 0.21953125 0.10625 0.0765625
1 0.028125 0.27734375 0.05625 0.0609375
1 0.12109375 0.23359375 0.0953125 0.071875
1 0.41953125 0.24140625 0.08828125 0.1046875
1 0.4921875 0.44921875 0.034375 0.0546875
9 0.98359375 0.04453125 0.0328125 0.0890625
10 0.5640625 0.415625 0.0625 0.04765625
4 0.521875 0.4921875 0.025 0.075
0 0.5421875 0.371875 0.065625 0.125
9 0.6703125 0.3703125 0.08671875 0.06328125
9 0.984375 0.3015625 0.03125 0.090625
9 0.94140625 0.51484375 0.0796875 0.0296875
9 0.78671875 0.2875 0.0625 0.05859375
9 0.81484375 0.50234375 0.1078125 0.0546875
0 0.1734375 0.92421875 0.07890625 0.13828125
0 0.4875 0.971875 0.040625 0.05625
10 0.5359375 0.82265625 0.053125 0.1765625
4 0.915625 0.85390625 0.16875 0.1453125
4 0.58671875 0.5484375 0.1546875 0.0375