1 0.609375 0.34140625 0.059375 0.1828125
1 0.54296875 0.328125 0.05 0.09765625
9 0.74296875 0.29296875 0.0484375 0.0203125
11 0.75078125 0.2296875 0.06328125 0.125
10 0.6875 0.06796875 0.0640625 0.08125
10 0.87109375 0.01640625 0.0703125 0.0328125
8 0.85 0.34296875 0.0921875 0.0796875
8 0.8171875 0.48203125 0.121875 0.1234375
8 0.97109375 0.41953125 0.0578125 0.1140625
8 0.96015625 0.334375 0.0796875 0.0625
1 0.55703125 0.95 0.0640625 0.1
1 0.4921875 0.603125 0.04375 0.06875
1 0.296875 0.9375 0.0546875 0.06875
1 0.625 0.59296875 0.028125 0.0484375
1 0.61875 0.7328125 0.040625 0.075
1 0.43984375 0.94921875 0.03671875 0.0625
1 0.77734375 0.78828125 0.0828125 0.10546875
1 0.665625 0.9140625 0.053125 0.084375