1 0.20859375 0.52890625 0.09296875 0.165625
9 0.41171875 0.40859375 0.0453125 0.1296875
9 0.43203125 0.0421875 0.0859375 0.084375
9 0.5125 0.4921875 0.08203125 0.11953125
11 0.8421875 0.36171875 0.04296875 0.10859375
11 0.74765625 0.35390625 0.0375 0.11640625
11 0.87265625 0.01015625 0.0359375 0.0203125
11 0.9078125 0.221875 0.04296875 0.14140625
11 0.9484375 0.23046875 0.02421875 0.06796875
10 0.7609375 0.528125 0.02265625 0.06171875
10 0.88125 0.07578125 0.02890625 0.07109375
10 0.83671875 0.04921875 0.0203125 0.06328125
10 0.8296875 0.00703125 0.025 0.0140625
10 0.884375 0.24609375 0.01953125 0.06796875
10 0.86328125 0.40859375 0.0203125 0.05703125
10 0.75859375 0.134375 0.02421875 0.0859375
10 0.81875 0.09921875 0.01796875 0.05703125
1 0.8625 0.2671875 0.021875 0.06640625
10 0.86015625 0.1796875 0.0203125 0.0546875
10 0.8671875 0.31796875 0.02265625 0.05859375
11 0.734375 0.26796875 0.021875 0.05859375
11 0.784375 0.21171875 0.04921875 0.134375
9 0.7984375 0.55078125 0.0375 0.05703125
9 0.79375 0.4828125 0.03125 0.078125
9 0.75625 0.259375 0.021875 0.06328125
11 0.9125 0.4734375 0.03359375 0.08125
9 0.94296875 0.27734375 0.02734375 0.06640625
11 0.9484375 0.6046875 0.103125 0.05
5 0.92109375 0.7515625 0.1109375 0.21640625
5 0.659375 0.67890625 0.11875 0.0984375
5 0.42421875 0.73046875 0.0703125 0.1578125