1 0.2703125 0.10625 0.0296875 0.040625
1 0.14609375 0.25703125 0.025 0.04296875
1 0.34453125 0.33984375 0.0234375 0.0203125
10 0.321875 0.48515625 0.04296875 0.0640625
11 0.22578125 0.38203125 0.0609375 0.0640625
0 0.1328125 0.53984375 0.0484375 0.0796875
0 0.34375 0.575 0.06484375 0.04296875
1 0.234375 0.58671875 0.05078125 0.01953125
10 0.15546875 0.72265625 0.06484375 0.0859375
10 0.2640625 0.69296875 0.04453125 0.05625
10 0.1078125 0.89140625 0.04140625 0.0546875
10 0.28125 0.96171875 0.046875 0.0625
6 0.375 0.8515625 0.06796875 0.071875
6 0.0875 0.971875 0.0625 0.05625
6 0.01171875 0.76171875 0.0234375 0.0953125