1 0.415625 0.1796875 0.06875 0.065625
1 0.440625 0.40546875 0.06875 0.06328125
1 0.1984375 0.334375 0.04296875 0.03828125
1 0.221875 0.29453125 0.0328125 0.034375
1 0.3703125 0.55859375 0.04375 0.03671875
1 0.24921875 0.02734375 0.0515625 0.0359375
1 0.07734375 0.23984375 0.04609375 0.03515625
4 0.71484375 0.32734375 0.10859375 0.18203125
9 0.7859375 0.55703125 0.0625 0.0453125
7 0.8296875 0.64140625 0.15 0.1234375
7 0.55859375 0.6328125 0.1078125 0.10625
7 0.5671875 0.69140625 0.04921875 0.06015625
7 0.565625 0.7421875 0.05859375 0.07265625
7 0.58125 0.81484375 0.09609375 0.11328125
7 0.49765625 0.8171875 0.0359375 0.115625
7 0.51171875 0.8578125 0.0640625 0.034375
7 0.61796875 0.60546875 0.0515625 0.0515625
7 0.6578125 0.68046875 0.05859375 0.08046875
7 0.7375 0.68203125 0.06875 0.08828125
7 0.75625 0.61796875 0.04296875 0.06953125
7 0.640625 0.640625 0.1 0.10234375
7 0.5 0.73359375 0.040625 0.0953125
1 0.9640625 0.925 0.0328125 0.08046875
1 0.8953125 0.92421875 0.06875 0.08046875
1 0.77109375 0.98984375 0.0640625 0.0203125
1 0.78046875 0.8859375 0.053125 0.021875
1 0.7046875 0.9234375 0.05703125 0.07109375
1 0.60390625 0.96640625 0.06015625 0.06171875
1 0.55234375 0.9171875 0.07578125 0.07578125
1 0.65 0.8859375 0.05078125 0.021875
0 0.8125 0.9515625 0.0609375 0.09140625