1 0.3078125 0.0890625 0.04765625 0.0546875
1 0.14140625 0.18984375 0.02734375 0.05078125
1 0.0640625 0.50703125 0.04375 0.04375
11 0.671875 0.34921875 0.08046875 0.10234375
11 0.675 0.2109375 0.08125 0.0796875
11 0.7953125 0.35625 0.03203125 0.1390625
1 0.5984375 0.48125 0.0609375 0.09453125
1 0.76015625 0.57578125 0.0578125 0.0484375
1 0.578125 0.3390625 0.0515625 0.09296875
10 0.753125 0.12109375 0.046875 0.0609375
11 0.77890625 0.26953125 0.06484375 0.08984375
9 0.9578125 0.56875 0.059375 0.0625
10 0.91796875 0.3421875 0.0625 0.0859375
0 0.95625 0.46484375 0.0625 0.0734375
11 0.38125 0.76953125 0.15625 0.1515625
11 0.275 0.725 0.0484375 0.07109375
0 0.3875 0.95234375 0.14375 0.0921875