1 0.04609375 0.26640625 0.0453125 0.06171875
10 0.053125 0.3921875 0.06875 0.065625
9 0.02109375 0.47265625 0.0421875 0.0671875
9 0.240625 0.96796875 0.0875 0.0640625
9 0.33359375 0.95625 0.0640625 0.08671875
9 0.1484375 0.76875 0.08125 0.08125
9 0.11484375 0.8328125 0.04765625 0.065625
9 0.175 0.928125 0.04921875 0.07109375
9 0.03046875 0.75546875 0.0609375 0.0484375
9 0.11875 0.69453125 0.08515625 0.078125
1 0.24921875 0.9140625 0.0390625 0.04765625
1 0.28828125 0.934375 0.040625 0.04765625
1 0.04140625 0.70546875 0.06171875 0.0546875
9 0.00703125 0.52890625 0.0140625 0.0453125
0 0.0734375 0.9703125 0.06875 0.059375
0 0.01640625 0.59921875 0.0328125 0.0921875
0 0.01875 0.67265625 0.0375 0.1359375
0 0.04765625 0.82265625 0.0953125 0.1234375
1 0.11875 0.64140625 0.05625 0.05703125
1 0.2203125 0.92890625 0.07421875 0.078125
9 0.4109375 0.9265625 0.090625 0.1046875
10 0.378125 0.76328125 0.025 0.09375
1 0.43828125 0.53984375 0.07421875 0.065625
1 0.43515625 0.77109375 0.06875 0.078125
1 0.7140625 0.40390625 0.09375 0.0890625
1 0.66875 0.55625 0.10546875 0.1296875
1 0.59375 0.64609375 0.028125 0.1203125
1 0.7828125 0.55625 0.13671875 0.16015625
1 0.8828125 0.4046875 0.13125 0.090625
1 0.96171875 0.54453125 0.0765625 0.0828125
1 0.96796875 0.6875 0.0640625 0.0375
1 0.98125 0.6265625 0.0375 0.078125
9 0.6984375 0.9859375 0.090625 0.028125
9 0.86796875 0.96484375 0.08125 0.04140625
1 0.96640625 0.79375 0.0671875 0.090625
1 0.878125 0.81171875 0.0640625 0.05859375
1 0.86875 0.89609375 0.0359375 0.03359375
1 0.9140625 0.8859375 0.0515625 0.0453125
1 0.82734375 0.840625 0.0375 0.0375
1 0.821875 0.909375 0.040625 0.05078125
10 0.5859375 0.84765625 0.0125 0.0546875
1 0.953125 0.75703125 0.0453125 0.04140625
1 0.73828125 0.784375 0.05625 0.03984375
1 0.67734375 0.7671875 0.04375 0.04140625
1 0.7609375 0.85390625 0.028125 0.03046875