1 0.2328125 0.2359375 0.08125 0.11875
1 0.13828125 0.28359375 0.0671875 0.0953125
0 0.60703125 0.23359375 0.08515625 0.146875
9 0.79140625 0.01484375 0.0578125 0.0296875
0 0.7046875 0.02421875 0.046875 0.0484375
0 0.75859375 0.04765625 0.06015625 0.071875
10 0.85859375 0.34453125 0.028125 0.01875
0 0.0546875 0.55 0.10390625 0.01875
0 0.0859375 0.425 0.07578125 0.05625
9 0.12890625 0.83671875 0.18828125 0.10390625
9 0.20703125 0.65234375 0.05546875 0.075
9 0.01875 0.6625 0.0375 0.090625
1 0.2109375 0.73828125 0.0296875 0.04765625
1 0.23671875 0.79140625 0.02265625 0.05078125
9 0.08125 0.70703125 0.096875 0.0796875
9 0.2203125 0.96484375 0.121875 0.0703125
9 0.309375 0.94921875 0.04296875 0.0578125
1 0.31171875 0.8421875 0.02421875 0.04296875
1 0.33046875 0.81875 0.0171875 0.065625
9 0.38046875 0.39921875 0.0546875 0.0203125
1 0.78984375 0.4140625 0.0515625 0.05
9 0.38984375 0.953125 0.0640625 0.09375
7 0.6453125 0.93828125 0.084375 0.1234375
7 0.61015625 0.7625 0.0421875 0.22890625
7 0.73125 0.62421875 0.14765625 0.078125