1 0.01484375 0.340625 0.0296875 0.0625
1 0.22265625 0.34609375 0.0578125 0.0734375
1 0.0828125 0.5421875 0.0640625 0.10625
9 0.44296875 0.44296875 0.0515625 0.1171875
11 0.34609375 0.42421875 0.0703125 0.16796875
9 0.434375 0.9203125 0.0546875 0.0859375
9 0.27421875 0.95234375 0.0453125 0.0953125
1 0.75234375 0.34765625 0.03515625 0.05390625
5 0.75859375 0.578125 0.134375 0.1609375
5 0.65625 0.57109375 0.04765625 0.0625
0 0.98984375 0.49375 0.0203125 0.065625
0 0.9515625 0.63125 0.0765625 0.04609375
0 0.98359375 0.34765625 0.0328125 0.0328125
7 0.6921875 0.81484375 0.340625 0.26171875