1 0.36640625 0.3 0.1859375 0.5
1 0.19609375 0.40078125 0.1734375 0.2984375
1 0.05 0.39765625 0.1 0.3046875
10 0.86328125 0.36953125 0.0359375 0.0953125
4 0.55625 0.38515625 0.08359375 0.11796875
1 0.46796875 0.1734375 0.0171875 0.06875
3 0.30390625 0.77578125 0.06640625 0.13125
3 0.034375 0.9328125 0.06875 0.134375
3 0.39921875 0.80078125 0.053125 0.08125
3 0.21796875 0.83515625 0.08203125 0.20234375
10 0.31796875 0.57421875 0.0546875 0.0484375
3 0.21171875 0.96953125 0.1296875 0.0609375
0 0.95703125 0.6640625 0.0859375 0.1125