12 0.10546875 0.0828125 0.2109375 0.165625
12 0.2484375 0.11640625 0.06796875 0.10390625
12 0.178125 0.1984375 0.065625 0.09453125
12 0.13359375 0.15 0.0703125 0.0828125
12 0.08515625 0.23046875 0.1546875 0.1828125
1 0.56171875 0.51953125 0.0140625 0.0828125
1 0.55234375 0.21171875 0.0328125 0.1171875
0 0.93046875 0.13203125 0.06640625 0.065625
1 0.42734375 0.69921875 0.09375 0.05625
9 0.55859375 0.91796875 0.0203125 0.0671875
9 0.31015625 0.5890625 0.1203125 0.01875
9 0.2234375 0.78125 0.08046875 0.05703125
9 0.096875 0.778125 0.10859375 0.103125
5 0.6015625 0.8078125 0.065625 0.15625
5 0.60546875 0.97578125 0.0734375 0.0484375
5 0.7515625 0.9046875 0.1984375 0.18125