1 0.340625 0.21328125 0.0421875 0.078125
1 0.390625 0.02265625 0.05 0.0453125
1 0.48515625 0.02109375 0.0296875 0.0421875
1 0.11328125 0.30546875 0.05 0.05859375
1 0.05390625 0.5125 0.040625 0.0640625
1 0.07734375 0.40078125 0.03359375 0.06328125
1 0.165625 0.0140625 0.059375 0.028125
1 0.06484375 0.19296875 0.04453125 0.0484375
9 0.64609375 0.15703125 0.059375 0.06640625
9 0.5203125 0.01953125 0.040625 0.0390625
9 0.6765625 0.090625 0.0640625 0.053125
9 0.64921875 0.259375 0.04453125 0.04609375
9 0.7203125 0.14375 0.04921875 0.0484375
9 0.6953125 0.0375 0.05 0.04375
10 0.7359375 0.09921875 0.0328125 0.046875
1 0.51171875 0.0703125 0.0234375 0.04375
1 0.503125 0.19140625 0.00625 0.0328125
1 0.58046875 0.29609375 0.04140625 0.040625
1 0.60703125 0.134375 0.0296875 0.03046875
1 0.54140625 0.09140625 0.021875 0.02734375
1 0.57734375 0.05703125 0.040625 0.040625
1 0.6453125 0.190625 0.04921875 0.03203125
1 0.69609375 0.26953125 0.04296875 0.04296875
10 0.9140625 0.13359375 0.03203125 0.034375
11 0.984375 0.15078125 0.03125 0.0484375
9 0.79453125 0.628125 0.0953125 0.05625
1 0.8984375 0.628125 0.0703125 0.053125
9 0.91484375 0.87265625 0.0703125 0.07265625
0 0.940625 0.778125 0.11875 0.084375
0 0.95234375 0.6890625 0.0953125 0.1375
1 0.778125 0.68203125 0.0609375 0.059375