1 0.07578125 0.13828125 0.0328125 0.03671875
1 0.1296875 0.11171875 0.0453125 0.034375
1 0.0265625 0.1 0.0296875 0.028125
1 0.00703125 0.3609375 0.0140625 0.0375
1 0.9875 0.09140625 0.025 0.0640625
1 0.9125 0.07421875 0.04609375 0.05859375
1 0.83359375 0.15078125 0.02890625 0.053125
1 0.94765625 0.178125 0.02890625 0.08515625
9 0.9828125 0.41328125 0.034375 0.0765625
0 0.83671875 0.3953125 0.07890625 0.096875
0 0.88828125 0.1875 0.04609375 0.10234375
0 0.9875 0.22734375 0.025 0.0546875
10 0.26328125 0.63046875 0.04296875 0.0484375
10 0.06484375 0.64140625 0.04453125 0.05703125
10 0.3859375 0.70078125 0.0484375 0.0796875
6 0.21953125 0.80625 0.059375 0.04296875
6 0.2578125 0.7140625 0.06328125 0.0609375
6 0.41328125 0.56328125 0.0515625 0.0484375
1 0.784375 0.56796875 0.13125 0.0578125