1 0.2125 0.34609375 0.03828125 0.0453125
1 0.37421875 0.56328125 0.0484375 0.06328125
1 0.47890625 0.48828125 0.028125 0.0421875
11 0.57890625 0.2109375 0.0578125 0.08125
9 0.90390625 0.346875 0.059375 0.09921875
9 0.94765625 0.1140625 0.0859375 0.125
0 0.57734375 0.471875 0.0546875 0.10625
10 0.9109375 0.46171875 0.0328125 0.059375
10 0.80234375 0.45859375 0.01796875 0.03984375
10 0.89375 0.57421875 0.03359375 0.0484375
10 0.8765625 0.4328125 0.021875 0.0453125
1 0.23046875 0.6421875 0.0515625 0.084375
1 0.1 0.61171875 0.053125 0.0234375
8 0.03828125 0.8171875 0.0765625 0.10625
12 0.034375 0.93828125 0.06875 0.0890625
10 0.34609375 0.9671875 0.0546875 0.065625
11 0.484375 0.946875 0.13125 0.10625
1 0.60078125 0.82421875 0.1015625 0.0671875
1 0.584375 0.95546875 0.06875 0.0890625
1 0.71015625 0.9203125 0.075 0.065625
1 0.7171875 0.9828125 0.078125 0.034375
1 0.8421875 0.990625 0.11875 0.01875
1 0.64375 0.67109375 0.13671875 0.1125