1 0.12109375 0.07734375 0.1546875 0.1546875
9 0.15703125 0.39296875 0.05 0.0765625
1 0.24453125 0.53828125 0.0484375 0.0421875
10 0.48671875 0.4875 0.034375 0.059375
10 0.46015625 0.4140625 0.0203125 0.059375
10 0.490625 0.29609375 0.0578125 0.0546875
9 0.415625 0.56875 0.059375 0.01875
10 0.13046875 0.56953125 0.0234375 0.0203125
0 0.02265625 0.95 0.0453125 0.053125
9 0.38515625 0.95078125 0.0515625 0.0984375
9 0.75625 0.615625 0.10546875 0.09765625
10 0.5140625 0.69296875 0.08359375 0.10703125
11 0.94453125 0.70234375 0.04765625 0.084375
1 0.97109375 0.79140625 0.0578125 0.0796875
1 0.903125 0.7640625 0.04296875 0.07109375
1 0.5546875 0.97734375 0.096875 0.0453125
1 0.87421875 0.96640625 0.0140625 0.0671875