10 0.03671875 0.62578125 0.0734375 0.1453125
10 0.17578125 0.775 0.078125 0.07265625
10 0.06484375 0.83515625 0.1140625 0.16328125
10 0.09921875 0.728125 0.09453125 0.09375
10 0.20390625 0.7234375 0.09453125 0.078125
10 0.22890625 0.5953125 0.0828125 0.21171875
10 0.14921875 0.88671875 0.1578125 0.09375
10 0.12578125 0.50390625 0.1140625 0.0890625
1 0.3828125 0.76171875 0.053125 0.0703125
1 0.38515625 0.690625 0.0484375 0.0625
1 0.2859375 0.67421875 0.03046875 0.07109375
0 0.3984375 0.6171875 0.021875 0.09375
0 0.3765625 0.53046875 0.065625 0.1265625
0 0.3453125 0.61796875 0.0609375 0.1015625
1 0.2 0.9828125 0.078125 0.034375
1 0.13671875 0.96328125 0.05625 0.059375
1 0.6625 0.8625 0.078125 0.11640625
8 0.54140625 0.484375 0.0703125 0.05
5 0.50546875 0.971875 0.1109375 0.05625