1 0.42421875 0.15390625 0.059375 0.08515625
9 0.896875 0.02890625 0.0875 0.0578125
1 0.9296875 0.10703125 0.046875 0.02890625
9 0.62421875 0.4234375 0.071875 0.0359375
9 0.6296875 0.16328125 0.08515625 0.04453125
9 0.671875 0.44765625 0.06875 0.0234375
9 0.71171875 0.39296875 0.096875 0.04453125
9 0.5765625 0.35703125 0.071875 0.04921875
0 0.9265625 0.1453125 0.10234375 0.04765625
9 0.9625 0.43359375 0.059375 0.0515625
9 0.9078125 0.3953125 0.04140625 0.059375
1 0.0515625 0.85859375 0.03984375 0.04609375
1 0.121875 0.9953125 0.01875 0.009375
9 0.60625 0.51484375 0.10625 0.08515625
10 0.8765625 0.6265625 0.075 0.1671875