0 0.57421875 0.05625 0.0640625 0.0625
1 0.6484375 0.19609375 0.021875 0.0359375
1 0.35859375 0.56484375 0.0671875 0.0484375
10 0.6453125 0.5484375 0.028125 0.0625
10 0.0125 0.9453125 0.025 0.090625
10 0.009375 0.66875 0.01875 0.090625
0 0.08046875 0.896875 0.071875 0.121875
11 0.06640625 0.65234375 0.0859375 0.1265625
6 0.2328125 0.98046875 0.06875 0.0390625
9 0.3984375 0.625 0.06875 0.071875
9 0.490625 0.6640625 0.07421875 0.0984375
9 0.634375 0.93046875 0.05 0.0734375
9 0.4484375 0.9046875 0.06484375 0.09296875
9 0.6046875 0.7796875 0.06875 0.078125
10 0.64921875 0.8765625 0.0203125 0.08125