1 0.175 0.1140625 0.04921875 0.08984375
1 0.0828125 0.11640625 0.053125 0.0859375
1 0.0640625 0.221875 0.0484375 0.0640625
1 0.15859375 0.321875 0.15625 0.17421875
1 0.3203125 0.1625 0.0640625 0.10625
0 0.15546875 0.0234375 0.0546875 0.046875
11 0.56875 0.0640625 0.040625 0.128125
1 0.17265625 0.5 0.0859375 0.01875
1 0.42265625 0.6984375 0.10546875 0.1140625
1 0.5125 0.74140625 0.1359375 0.12109375
1 0.446875 0.85234375 0.071875 0.09296875
1 0.5671875 0.92578125 0.04140625 0.0609375
1 0.5265625 0.8453125 0.1078125 0.12109375
1 0.35078125 0.86640625 0.1203125 0.1640625
1 0.2375 0.9453125 0.125 0.109375
11 0.9390625 0.59375 0.09296875 0.134375
11 0.96796875 0.81484375 0.0640625 0.0921875
1 0.821875 0.66640625 0.0515625 0.13671875
9 0.83984375 0.784375 0.04765625 0.06328125
9 0.89609375 0.80546875 0.046875 0.0578125
0 0.99296875 0.6171875 0.0140625 0.08125
0 0.98984375 0.72578125 0.0203125 0.0890625