1 0.07421875 0.196875 0.0828125 0.090625
1 0.29765625 0.275 0.05234375 0.059375
1 0.14140625 0.1109375 0.0546875 0.0671875
9 0.55078125 0.26640625 0.0234375 0.0734375
9 0.584375 0.2203125 0.090625 0.1
9 0.62109375 0.1375 0.07578125 0.07265625
9 0.74921875 0.296875 0.059375 0.04609375
9 0.6 0.04140625 0.121875 0.0828125
9 0.778125 0.1125 0.084375 0.10625
10 0.96171875 0.09375 0.0578125 0.02734375
9 0.9703125 0.06484375 0.0421875 0.0203125
9 0.85234375 0.109375 0.04609375 0.02890625
1 0.915625 0.07109375 0.059375 0.0234375
1 0.990625 0.046875 0.01875 0.01875
0 0.88671875 0.19296875 0.0890625 0.03671875
11 0.646875 0.359375 0.196875 0.08125
10 0.2796875 0.87734375 0.14140625 0.109375
9 0.0921875 0.5671875 0.05546875 0.1078125
9 0.16640625 0.48828125 0.04296875 0.08984375
9 0.490625 0.48671875 0.09140625 0.1
9 0.38046875 0.53671875 0.046875 0.0703125
9 0.50234375 0.97265625 0.0734375 0.0546875
9 0.471875 0.428125 0.090625 0.05625
0 0.28515625 0.6703125 0.06640625 0.109375
0 0.5265625 0.784375 0.025 0.146875