1 0.4046875 0.3046875 0.05 0.171875
0 0.21875 0.86328125 0.153125 0.15390625
9 0.35234375 0.69609375 0.06640625 0.08125
9 0.10546875 0.84765625 0.0796875 0.10390625
9 0.3890625 0.8109375 0.08125 0.121875
4 0.50859375 0.60078125 0.03203125 0.05
11 0.9859375 0.58046875 0.028125 0.0890625
1 0.75078125 0.53515625 0.0453125 0.0703125
1 0.69609375 0.59609375 0.0421875 0.0421875
9 0.9484375 0.58984375 0.0359375 0.05
9 0.86640625 0.6640625 0.078125 0.03984375
1 0.69375 0.54296875 0.04375 0.06953125
9 0.45703125 0.99140625 0.0484375 0.0171875
1 0.92109375 0.76875 0.078125 0.01953125
1 0.92265625 0.85078125 0.078125 0.0765625
1 0.92734375 0.9640625 0.0671875 0.071875
1 0.7234375 0.93984375 0.103125 0.1203125