1 0.13984375 0.06953125 0.02109375 0.0421875
10 0.42421875 0.38515625 0.0890625 0.1203125
1 0.68203125 0.0859375 0.04296875 0.07265625
8 0.81171875 0.50078125 0.06328125 0.0625
1 0.67109375 0.6203125 0.03359375 0.05390625
1 0.65 0.640625 0.02734375 0.0703125
1 0.703125 0.6359375 0.02890625 0.05390625
1 0.7453125 0.646875 0.02890625 0.05
1 0.77421875 0.7171875 0.01875 0.0421875
1 0.71796875 0.70546875 0.02265625 0.0640625
9 0.66796875 0.8453125 0.0390625 0.0671875
0 0.746875 0.8765625 0.04765625 0.08359375
0 0.74375 0.72734375 0.0328125 0.0796875
0 0.684375 0.72265625 0.0359375 0.05390625