1 0.1 0.1671875 0.05390625 0.065625
1 0.153125 0.30546875 0.05546875 0.05703125
9 0.4921875 0.13828125 0.06796875 0.1171875
1 0.940625 0.1953125 0.06015625 0.06875
1 0.8890625 0.2515625 0.07578125 0.0828125
1 0.98046875 0.3 0.0390625 0.059375
9 0.03671875 0.44140625 0.0734375 0.1046875
4 0.08671875 0.64296875 0.07109375 0.11171875
4 0.03046875 0.88828125 0.0609375 0.1953125
4 0.140625 0.97734375 0.0875 0.0453125
1 0.27109375 0.79765625 0.04765625 0.07265625
1 0.20234375 0.70703125 0.06953125 0.08125
9 0.45234375 0.68828125 0.134375 0.03984375
10 0.45078125 0.60546875 0.11953125 0.11640625
0 0.5546875 0.425 0.08125 0.071875
0 0.3921875 0.51484375 0.065625 0.0953125
0 0.5 0.39765625 0.084375 0.0171875
0 0.5921875 0.53125 0.0859375 0.09375
1 0.4796875 0.7875 0.0375 0.03984375
9 0.3734375 0.78828125 0.028125 0.0484375
9 0.3703125 0.75546875 0.021875 0.0453125
9 0.46953125 0.8328125 0.0421875 0.04140625
9 0.3875 0.88515625 0.046875 0.04453125
9 0.5265625 0.96640625 0.0859375 0.0640625