1 0.0203125 0.63203125 0.040625 0.0921875
1 0.39453125 0.15703125 0.05234375 0.08359375
7 0.509375 0.0734375 0.159375 0.146875
4 0.525 0.1421875 0.109375 0.1203125
10 0.734375 0.0234375 0.0359375 0.0390625
1 0.83203125 0.14609375 0.10234375 0.08125
1 0.7765625 0.10390625 0.06171875 0.04765625
1 0.61640625 0.08046875 0.03046875 0.03359375
1 0.6828125 0.10625 0.0359375 0.03359375
1 0.6046875 0.14296875 0.03125 0.0375
1 0.784375 0.1484375 0.0546875 0.059375
1 0.92109375 0.13359375 0.02734375 0.040625
4 0.603125 0.02890625 0.03125 0.0578125
11 0.80625 0.04765625 0.06015625 0.05234375
9 0.46875 0.46796875 0.078125 0.1734375
4 0.5078125 0.51015625 0.07109375 0.1
1 0.48125 0.26328125 0.08359375 0.0171875
0 0.55625 0.3109375 0.065625 0.1125
0 0.44921875 0.32421875 0.0390625 0.0890625
9 0.9453125 0.31171875 0.109375 0.1109375
9 0.8921875 0.70546875 0.08125 0.0671875
8 0.86015625 0.97265625 0.0703125 0.0546875
5 0.7609375 0.99296875 0.05625 0.0140625
5 0.64140625 0.98984375 0.0453125 0.0203125