1 0.515625 0.20390625 0.10625 0.2515625
1 0.25703125 0.16484375 0.1171875 0.3296875
10 0.53046875 0.74921875 0.0765625 0.1109375
3 0.10390625 0.96875 0.0421875 0.0625
3 0.20546875 0.9625 0.1046875 0.075
3 0.16171875 0.86328125 0.084375 0.09140625
7 0.50703125 0.390625 0.0671875 0.10390625
0 0.3265625 0.51796875 0.0828125 0.25234375
0 0.2171875 0.64765625 0.19453125 0.22109375
9 0.2171875 0.79765625 0.0296875 0.06640625
9 0.26796875 0.3984375 0.0453125 0.09453125
9 0.05546875 0.84140625 0.05703125 0.09140625
10 0.8234375 0.40625 0.0875 0.153125
10 0.95546875 0.3734375 0.0890625 0.0875
10 0.8265625 0.80859375 0.0703125 0.1296875
11 0.940625 0.91640625 0.11875 0.1671875