8 0.07421875 0.42890625 0.0359375 0.06484375
8 0.01640625 0.36328125 0.0328125 0.0609375
8 0.03671875 0.41953125 0.0328125 0.05625
8 0.13359375 0.43515625 0.04296875 0.05625
8 0.16171875 0.353125 0.0328125 0.06015625
8 0.025 0.51171875 0.028125 0.0140625
8 0.15703125 0.3890625 0.0328125 0.04296875
8 0.23828125 0.31875 0.04765625 0.06015625
8 0.22578125 0.27265625 0.04765625 0.06484375
8 0.15234375 0.27578125 0.07421875 0.08671875
8 0.11953125 0.36875 0.0609375 0.075
8 0.1046875 0.44453125 0.04609375 0.06015625
8 0.0109375 0.2359375 0.021875 0.04375
4 0.534375 0.0125 0.028125 0.025
10 0.5828125 0.0609375 0.02109375 0.01953125
10 0.6109375 0.1921875 0.034375 0.07734375
11 0.53203125 0.36640625 0.0640625 0.1203125
11 0.5671875 0.15390625 0.12109375 0.16640625
1 0.978125 0.2015625 0.04375 0.08125
1 0.971875 0.2828125 0.05625 0.065625
1 0.965625 0.36328125 0.05625 0.06484375
1 0.81875 0.3140625 0.10703125 0.12578125
1 0.8109375 0.41640625 0.07734375 0.08203125
1 0.8453125 0.4953125 0.1 0.046875
1 0.9421875 0.446875 0.05625 0.06015625
1 0.875 0.4015625 0.04765625 0.06015625
1 0.16484375 0.54140625 0.0484375 0.0453125
9 0.23671875 0.61953125 0.0578125 0.059375
11 0.071875 0.80234375 0.04609375 0.0796875
11 0.021875 0.82890625 0.04375 0.1046875
1 0.30546875 0.975 0.0265625 0.05
1 0.4953125 0.83359375 0.009375 0.1078125