10 0.0546875 0.05390625 0.04453125 0.05625
10 0.071875 0.32265625 0.046875 0.0625
6 0.165625 0.2125 0.06796875 0.071875
11 0.134375 0.41484375 0.071875 0.0296875
12 0.43828125 0.29921875 0.2265625 0.2609375
8 0.634375 0.35 0.03125 0.140625
8 0.71640625 0.36796875 0.1390625 0.1234375
8 0.715625 0.27890625 0.08984375 0.121875
8 0.81328125 0.2953125 0.084375 0.121875
8 0.8390625 0.20078125 0.04453125 0.0578125
8 0.7046875 0.1515625 0.10859375 0.10703125
8 0.63046875 0.15859375 0.0234375 0.0484375
8 0.646875 0.0671875 0.05625 0.096875
10 0.9421875 0.14375 0.09375 0.1046875
4 0.98203125 0.2734375 0.0359375 0.078125
12 0.91640625 0.48203125 0.1671875 0.1046875
4 0.91015625 0.9796875 0.1203125 0.040625
1 0.95 0.91953125 0.0515625 0.0703125
0 0.8734375 0.88984375 0.05 0.0984375