10 0.1765625 0.26015625 0.05078125 0.07421875
10 0.2203125 0.178125 0.04921875 0.07578125
10 0.03125 0.3265625 0.0375 0.08125
10 0.17734375 0.59453125 0.0453125 0.06953125
10 0.24375 0.4859375 0.04921875 0.05703125
10 0.30859375 0.5359375 0.0546875 0.06171875
10 0.446875 0.51875 0.05703125 0.071875
11 0.5390625 0.33046875 0.084375 0.11171875
11 0.50625 0.54921875 0.1125 0.16015625
9 0.390625 0.5125 0.053125 0.06953125
9 0.34453125 0.4765625 0.04765625 0.0640625
10 0.146875 0.4546875 0.04921875 0.06875
1 0.778125 0.1171875 0.02421875 0.0640625
0 0.7984375 0.09921875 0.03046875 0.065625
1 0.790625 0.44765625 0.01875 0.05390625
1 0.8546875 0.5984375 0.021875 0.04921875
9 0.878125 0.38515625 0.0171875 0.04296875
9 0.88046875 0.20234375 0.02265625 0.04765625
1 0.83515625 0.34140625 0.0234375 0.05078125
11 0.23125 0.77421875 0.0625 0.07578125
11 0.5796875 0.840625 0.0734375 0.05390625
10 0.1015625 0.8578125 0.0515625 0.08046875
10 0.5234375 0.88125 0.03515625 0.05
10 0.45625 0.821875 0.0328125 0.0421875
1 0.2578125 0.92265625 0.02734375 0.0296875
1 0.3015625 0.9609375 0.0203125 0.0296875
1 0.39375 0.959375 0.02109375 0.0234375
5 0.7421875 0.89296875 0.13828125 0.11171875
5 0.871875 0.934375 0.06328125 0.06875
5 0.8171875 0.79765625 0.06171875 0.04921875
5 0.76953125 0.79765625 0.04375 0.06171875
5 0.8171875 0.7484375 0.0734375 0.05703125
5 0.865625 0.72890625 0.05546875 0.06875
5 0.75625 0.65546875 0.09921875 0.05234375
5 0.871875 0.65703125 0.06328125 0.05234375