10 0.06484375 0.07890625 0.06875 0.05234375
8 0.390625 0.16796875 0.0359375 0.08828125
8 0.3375 0.09375 0.03203125 0.0609375
8 0.334375 0.2203125 0.0265625 0.0453125
8 0.31328125 0.18125 0.0234375 0.0546875
5 0.29765625 0.109375 0.04765625 0.075
5 0.2390625 0.2140625 0.0390625 0.08671875
11 0.9484375 0.159375 0.103125 0.178125
11 0.6265625 0.0546875 0.053125 0.10625
11 0.625 0.3640625 0.05 0.05
10 0.84921875 0.38046875 0.0734375 0.0171875
7 0.734375 0.1640625 0.06015625 0.084375
7 0.83125 0.225 0.06328125 0.075
5 0.11640625 0.671875 0.09765625 0.17578125
5 0.21171875 0.59453125 0.1078125 0.1796875
5 0.17109375 0.75546875 0.11640625 0.20859375
10 0.49609375 0.478125 0.03984375 0.04375
1 0.5109375 0.40234375 0.059375 0.0265625
0 0.134375 0.9796875 0.065625 0.040625
8 0.30546875 0.9671875 0.0578125 0.065625
5 0.196875 0.890625 0.07421875 0.0625
5 0.28515625 0.8796875 0.05234375 0.03984375
5 0.76953125 0.73359375 0.18671875 0.20390625
5 0.73125 0.91015625 0.1921875 0.1609375
5 0.946875 0.86953125 0.10625 0.1015625
5 0.94296875 0.7 0.1140625 0.15625