10 0.7984375 0.20234375 0.10234375 0.12890625
10 0.60078125 0.115625 0.07109375 0.0890625
6 0.3796875 0.34609375 0.040625 0.1078125
3 0.13515625 0.55546875 0.06640625 0.13125
3 0.23046875 0.58046875 0.053125 0.08125
3 0.04921875 0.61484375 0.08203125 0.20234375
3 0.05390625 0.7671875 0.1078125 0.096875
4 0.38515625 0.77265625 0.0515625 0.1109375
11 0.46484375 0.640625 0.0515625 0.11171875
10 0.8671875 0.5578125 0.096875 0.1390625
10 0.7328125 0.52265625 0.10390625 0.13203125
10 0.646875 0.465625 0.096875 0.10703125
10 0.934375 0.89453125 0.06484375 0.08359375
10 0.88125 0.946875 0.05703125 0.08671875
10 0.71640625 0.846875 0.08125 0.03671875
10 0.7828125 0.96953125 0.0625 0.0609375
1 0.7953125 0.9078125 0.05703125 0.071875
4 0.63046875 0.98515625 0.0515625 0.0296875