10 0.2015625 0.01875 0.046875 0.0375
8 0.62890625 0.06328125 0.0421875 0.0671875
6 0.23046875 0.3046875 0.03125 0.05625
1 0.13125 0.35234375 0.03671875 0.07421875
9 0.17734375 0.1828125 0.05078125 0.0703125
0 0.16328125 0.4875 0.05234375 0.0828125
8 0.56328125 0.4796875 0.0921875 0.1
8 0.62265625 0.38984375 0.03203125 0.075
8 0.5703125 0.3421875 0.04375 0.1078125
8 0.4734375 0.2921875 0.03671875 0.0609375
8 0.5265625 0.278125 0.028125 0.05625
8 0.58984375 0.1578125 0.03828125 0.046875
8 0.4609375 0.47109375 0.05234375 0.0859375
11 0.996875 0.31171875 0.00625 0.0703125
11 0.89609375 0.38203125 0.03828125 0.0734375
11 0.909375 0.49765625 0.040625 0.0515625
11 0.9734375 0.33984375 0.034375 0.1078125
1 0.84609375 0.2890625 0.02734375 0.07265625
1 0.88984375 0.14375 0.021875 0.0609375
1 0.92265625 0.15625 0.0265625 0.0640625
1 0.846875 0.41328125 0.021875 0.0734375
11 0.96953125 0.41875 0.05234375 0.05625
1 0.12578125 0.909375 0.2171875 0.15
1 0.9765625 0.64296875 0.046875 0.0734375