10 0.00703125 0.17890625 0.0140625 0.0546875
11 0.103125 0.0875 0.05234375 0.0859375
0 0.175 0.2828125 0.040625 0.0703125
1 0.06640625 0.3296875 0.04453125 0.0625
8 0.58359375 0.7171875 0.2078125 0.278125
1 0.9609375 0.425 0.059375 0.05
11 0.928125 0.521875 0.059375 0.06328125
11 0.85078125 0.46484375 0.059375 0.0796875
10 0.97890625 0.609375 0.0421875 0.065625
0 0.9453125 0.478125 0.109375 0.0875
1 0.8484375 0.40859375 0.034375 0.0171875
9 0.759375 0.91953125 0.06796875 0.090625
10 0.6640625 0.9765625 0.03671875 0.03671875