10 0.47265625 0.3734375 0.0375 0.03125
9 0.3109375 0.39765625 0.0609375 0.03671875
9 0.4359375 0.3984375 0.05078125 0.03359375
9 0.43359375 0.36796875 0.04765625 0.03203125
1 0.2734375 0.43125 0.03828125 0.0296875
1 0.484375 0.309375 0.04140625 0.0265625
9 0.1890625 0.42109375 0.04140625 0.03359375
9 0.2453125 0.396875 0.028125 0.02109375
9 0.284375 0.32734375 0.02578125 0.02265625
9 0.3375 0.33671875 0.0375 0.028125
9 0.446875 0.3515625 0.03671875 0.025
9 0.38984375 0.44453125 0.03515625 0.02265625
4 0.5890625 0.2953125 0.1 0.153125
1 0.61875 0.17890625 0.0515625 0.0703125
0 0.553125 0.14921875 0.028125 0.0984375
12 0.8796875 0.153125 0.1375 0.30625