4 0.34765625 0.25546875 0.03515625 0.17734375
4 0.2328125 0.315625 0.1484375 0.05546875
4 0.04609375 0.02265625 0.0921875 0.0453125
0 0.37734375 0.303125 0.02421875 0.08046875
0 0.40078125 0.1921875 0.0171875 0.0625
8 0.12578125 0.57890625 0.1765625 0.0796875
8 0.29765625 0.50703125 0.1296875 0.2234375
10 0.878125 0.26953125 0.04609375 0.03125
11 0.82578125 0.2421875 0.065625 0.08515625
11 0.878125 0.321875 0.06015625 0.04609375
10 0.415625 0.54140625 0.0125 0.0484375
9 0.434375 0.48125 0.04375 0.05859375
1 0.759375 0.54375 0.05625 0.0328125
1 0.8265625 0.52890625 0.0390625 0.0328125
1 0.96953125 0.525 0.0609375 0.05
1 0.93359375 0.4953125 0.1 0.02734375
1 0.98984375 0.590625 0.0203125 0.028125
1 0.9078125 0.59375 0.040625 0.02578125
1 0.7625 0.4953125 0.05078125 0.02421875
1 0.6953125 0.4875 0.03984375 0.02578125
1 0.8140625 0.39375 0.06171875 0.02421875
9 0.85390625 0.43203125 0.0640625 0.034375
9 0.659375 0.41796875 0.0546875 0.04765625
1 0.07265625 0.7609375 0.1453125 0.171875
1 0.2921875 0.66953125 0.07421875 0.09375
1 0.3765625 0.89375 0.065625 0.15625
0 0.746875 0.9375 0.153125 0.125
9 0.88046875 0.78515625 0.06640625 0.08125
9 0.63359375 0.93671875 0.0796875 0.10390625
9 0.92734375 0.9 0.1 0.121875