11 0.4390625 0.22109375 0.1765625 0.2125
1 0.61171875 0.02578125 0.0265625 0.0515625
9 0.39921875 0.44609375 0.09375 0.0609375
0 0.6234375 0.4375 0.0125 0.06875
9 0.721875 0.22109375 0.09140625 0.15703125
10 0.91484375 0.15703125 0.09140625 0.1625
4 0.84375 0.41953125 0.17265625 0.16875
10 0.18359375 0.86484375 0.03515625 0.06328125
10 0.1796875 0.590625 0.02578125 0.04375
10 0.22421875 0.76328125 0.025 0.0609375
1 0.18359375 0.78984375 0.02578125 0.0578125
11 0.2234375 0.6765625 0.0359375 0.0671875
0 0.28203125 0.584375 0.028125 0.053125
0 0.1734375 0.5328125 0.0375 0.028125
1 0.23203125 0.53359375 0.0296875 0.0296875
7 0.59296875 0.60625 0.03515625 0.06875
7 0.60625 0.6484375 0.034375 0.06875
7 0.54609375 0.61640625 0.028125 0.0703125
7 0.60390625 0.53828125 0.0296875 0.0390625
7 0.53359375 0.546875 0.025 0.04375
1 0.83671875 0.6109375 0.04453125 0.04453125
5 0.78984375 0.75078125 0.15234375 0.09375
5 0.69140625 0.74296875 0.0578125 0.05546875