11 0.2859375 0.09609375 0.0765625 0.1390625
11 0.0859375 0.1359375 0.00390625 0.00859375
11 0.1015625 0.09140625 0.0125 0.0109375
10 0.35390625 0.02890625 0.0359375 0.0578125
10 0.39921875 0.146875 0.03671875 0.0671875
1 0.39140625 0.2234375 0.053125 0.08359375
1 0.43828125 0.1328125 0.0421875 0.078125
9 0.68359375 0.0265625 0.0546875 0.053125
9 0.4953125 0.10859375 0.05625 0.084375
11 0.2453125 0.65 0.09296875 0.134375
11 0.29296875 0.87109375 0.1015625 0.0921875
11 0.4328125 0.5546875 0.053125 0.203125
1 0.11796875 0.484375 0.06484375 0.134375
1 0.128125 0.72265625 0.0515625 0.13671875
10 0.42421875 0.9640625 0.0515625 0.071875
11 0.41796875 0.70703125 0.0828125 0.0984375
9 0.14609375 0.840625 0.04765625 0.06328125
9 0.20234375 0.86171875 0.046875 0.0578125
9 0.42578125 0.80859375 0.04375 0.05078125
9 0.37265625 0.840625 0.05078125 0.07265625
0 0.3171875 0.6734375 0.05 0.08125
0 0.32109375 0.7828125 0.06796875 0.08828125
9 0.5953125 0.33046875 0.1375 0.0828125
9 0.75625 0.63828125 0.1375 0.053125
9 0.53671875 0.871875 0.10703125 0.1203125
6 0.903125 0.4046875 0.06640625 0.07578125
6 0.9078125 0.62265625 0.07578125 0.09296875
6 0.79609375 0.5203125 0.084375 0.10234375
6 0.8984375 0.46015625 0.06640625 0.0625