3 0.1359375 0.44453125 0.22890625 0.16875
3 0.17578125 0.0921875 0.1453125 0.184375
4 0.4109375 0.4546875 0.0703125 0.10234375
0 0.5640625 0.01796875 0.10625 0.0359375
0 0.56171875 0.171875 0.1046875 0.146875
9 0.94609375 0.03828125 0.0203125 0.03984375
9 0.90703125 0.1125 0.01875 0.0625
1 0.9921875 0.26328125 0.015625 0.0421875
1 0.9265625 0.31484375 0.015625 0.04609375
1 0.90546875 0.271875 0.02109375 0.03515625
5 0.58515625 0.63984375 0.1515625 0.1203125
1 0.934375 0.675 0.0828125 0.04609375
1 0.978125 0.55234375 0.04375 0.0484375
11 0.63203125 0.96171875 0.0453125 0.07265625
11 0.590625 0.728125 0.0375 0.05625
11 0.7453125 0.96953125 0.0484375 0.0515625
11 0.68828125 0.93828125 0.046875 0.0796875
1 0.89296875 0.71015625 0.0359375 0.0203125
0 0.92578125 0.81875 0.05234375 0.0828125