11 0.33515625 0.046875 0.1453125 0.09375
1 0.1984375 0.14453125 0.07109375 0.0609375
1 0.07265625 0.37734375 0.0453125 0.05
0 0.0171875 0.41015625 0.034375 0.0734375
1 0.47734375 0.2015625 0.0234375 0.053125
11 0.18984375 0.19296875 0.09609375 0.03515625
0 0.18984375 0.428125 0.0890625 0.09765625
0 0.26640625 0.2625 0.08515625 0.0640625
1 0.57109375 0.03203125 0.1640625 0.0640625
1 0.5546875 0.1 0.09375 0.14140625
1 0.94453125 0.04921875 0.071875 0.09453125
1 0.97109375 0.19296875 0.0578125 0.0734375
1 0.984375 0.08671875 0.03125 0.0671875
1 0.95390625 0.09765625 0.07421875 0.0890625
1 0.7953125 0.0765625 0.06015625 0.08203125
11 0.9859375 0.45234375 0.028125 0.0734375
4 0.8109375 0.35859375 0.05234375 0.084375
4 0.92265625 0.46953125 0.0546875 0.0390625
4 0.8875 0.26640625 0.0484375 0.071875
1 0.246875 0.65390625 0.14609375 0.0890625
1 0.10859375 0.71015625 0.1328125 0.1359375
1 0.209375 0.7171875 0.09375 0.1
8 0.05859375 0.9671875 0.06875 0.0578125
8 0.3625 0.91875 0.0640625 0.0453125
8 0.46875 0.98203125 0.040625 0.0359375