9 0.33984375 0.084375 0.0484375 0.08046875
9 0.0890625 0.1 0.053125 0.0703125
4 0.14140625 0.490625 0.1453125 0.08125
11 0.21015625 0.634375 0.10859375 0.07890625
0 0.10546875 0.8421875 0.09921875 0.06796875
11 0.4296875 0.6125 0.040625 0.084375
9 0.38203125 0.8359375 0.03515625 0.053125
11 0.38046875 0.609375 0.0484375 0.06328125
9 0.42109375 0.790625 0.0578125 0.0953125
9 0.3609375 0.66953125 0.04609375 0.06640625
9 0.29765625 0.80234375 0.0578125 0.07578125
9 0.3078125 0.97890625 0.046875 0.0421875
1 0.42734375 0.98515625 0.0296875 0.0296875
9 0.37578125 0.91875 0.04609375 0.06171875
9 0.27890625 0.94375 0.03046875 0.06484375
8 0.93359375 0.6984375 0.11484375 0.11015625
8 0.98515625 0.5921875 0.0296875 0.071875
12 0.78046875 0.646875 0.13203125 0.1328125
12 0.684375 0.703125 0.14765625 0.16328125
12 0.92890625 0.5828125 0.13046875 0.115625
1 0.97578125 0.93046875 0.0484375 0.0890625
1 0.5671875 0.9375 0.05625 0.078125
1 0.8921875 0.86875 0.05859375 0.06796875
1 0.8078125 0.8953125 0.05234375 0.0765625
1 0.80546875 0.9671875 0.0515625 0.065625
1 0.665625 0.86953125 0.05 0.059375
1 0.6875 0.9734375 0.053125 0.053125
1 0.73828125 0.94921875 0.05078125 0.06640625
1 0.84140625 0.8671875 0.05078125 0.0625
1 0.78984375 0.84609375 0.046875 0.021875
1 0.75234375 0.86796875 0.0734375 0.06640625