10 0.090625 0.41953125 0.046875 0.0578125
10 0.3171875 0.6640625 0.05859375 0.0671875
10 0.44765625 0.19921875 0.06875 0.05234375
11 0.08984375 0.13046875 0.10625 0.1
11 0.1828125 0.2015625 0.078125 0.053125
9 0.27421875 0.16328125 0.09609375 0.1125
0 0.01171875 0.50546875 0.0234375 0.11171875
8 0.7734375 0.28828125 0.0359375 0.08828125
8 0.7203125 0.2140625 0.03203125 0.0609375
8 0.7171875 0.340625 0.0265625 0.0453125
8 0.69609375 0.3015625 0.0234375 0.0546875
5 0.68046875 0.2296875 0.04765625 0.075
5 0.621875 0.334375 0.0390625 0.08671875
10 0.215625 0.82421875 0.03671875 0.0203125
1 0.2640625 0.796875 0.0453125 0.02109375
1 0.25546875 0.846875 0.0265625 0.015625
1 0.36015625 0.84140625 0.0265625 0.01171875
1 0.346875 0.8765625 0.0265625 0.01484375
1 0.1328125 0.765625 0.03515625 0.0203125
9 0.1671875 0.8171875 0.034375 0.01484375
9 0.4546875 0.79375 0.0390625 0.01953125
1 0.88359375 0.8875 0.03125 0.05703125
1 0.97890625 0.83359375 0.0421875 0.0796875
1 0.89296875 0.75703125 0.08046875 0.06640625
1 0.7359375 0.73359375 0.1578125 0.06796875
1 0.56484375 0.89296875 0.0625 0.0484375
1 0.76484375 0.84375 0.04453125 0.0625
1 0.57421875 0.8328125 0.05078125 0.0375
1 0.60859375 0.7828125 0.0390625 0.034375
1 0.64296875 0.96796875 0.04296875 0.0484375