10 0.02109375 0.17421875 0.0421875 0.0765625
9 0.0984375 0.0953125 0.13203125 0.1578125
11 0.22265625 0.24453125 0.065625 0.0625
9 0.22421875 0.33984375 0.05703125 0.075
9 0.128125 0.2203125 0.034375 0.01328125
1 0.18125 0.22890625 0.0296875 0.03125
1 0.13515625 0.42734375 0.0296875 0.0484375
1 0.178125 0.36015625 0.0375 0.0546875
1 0.15703125 0.26875 0.04453125 0.05625
1 0.0546875 0.44765625 0.03671875 0.04609375
1 0.03359375 0.40859375 0.0421875 0.05
1 0.06328125 0.3359375 0.03984375 0.06171875
8 0.7296875 0.33515625 0.046875 0.08203125
8 0.86953125 0.29921875 0.05390625 0.05
8 0.65546875 0.38984375 0.053125 0.096875
8 0.5734375 0.13984375 0.0625 0.0546875
8 0.5359375 0.32265625 0.1015625 0.1265625
8 0.51171875 0.21953125 0.06875 0.0546875
12 0.646875 0.22109375 0.15859375 0.07734375
12 0.8015625 0.41015625 0.06171875 0.10703125
12 0.6828125 0.4703125 0.1125 0.059375
12 0.09609375 0.68046875 0.1921875 0.3515625
12 0.2796875 0.671875 0.20859375 0.32890625
12 0.4234375 0.603125 0.03125 0.13125
12 0.10078125 0.53203125 0.2015625 0.0640625
1 0.51484375 0.51484375 0.0578125 0.0296875
1 0.4984375 0.5921875 0.07265625 0.08828125
1 0.6 0.553125 0.0484375 0.0640625
1 0.69453125 0.653125 0.15625 0.17421875
1 0.85546875 0.5234375 0.0640625 0.046875
10 0.53046875 0.9546875 0.0796875 0.07421875
1 0.709375 0.8578125 0.0859375 0.0703125