9 0.0625 0.1140625 0.06328125 0.04296875
9 0.021875 0.121875 0.04375 0.04375
9 0.1828125 0.10390625 0.0640625 0.040625
10 0.1328125 0.08359375 0.0828125 0.05
1 0.50625 0.17109375 0.046875 0.0546875
12 0.54765625 0.06796875 0.0359375 0.0484375
12 0.87578125 0.11015625 0.0359375 0.040625
12 0.87734375 0.05546875 0.0640625 0.03828125
12 0.825 0.1359375 0.03359375 0.03203125
12 0.81953125 0.0828125 0.05 0.05625
12 0.91015625 0.1328125 0.01796875 0.0234375
12 0.86953125 0.01875 0.0546875 0.0375
10 0.334375 0.2859375 0.0875 0.171875
10 0.46640625 0.253125 0.0890625 0.10625
10 0.3375 0.69765625 0.0703125 0.1296875
11 0.45390625 0.8125 0.1234375 0.1796875
9 0.50078125 0.6046875 0.0578125 0.10625
9 0.21640625 0.82578125 0.05546875 0.0859375