10 0.2890625 0.13671875 0.040625 0.05078125
10 0.39140625 0.3484375 0.03046875 0.034375
10 0.27734375 0.246875 0.028125 0.0515625
1 0.315625 0.19453125 0.0296875 0.05
11 0.309375 0.3125 0.04296875 0.05390625
0 0.27265625 0.428125 0.03359375 0.04296875
0 0.4234375 0.3984375 0.04609375 0.0390625
1 0.353125 0.4390625 0.0359375 0.03984375
9 0.88125 0.1484375 0.02578125 0.046875
9 0.8921875 0.2109375 0.02578125 0.0546875
9 0.93828125 0.15546875 0.02578125 0.04140625
9 0.9171875 0.375 0.02421875 0.03671875
9 0.90390625 0.44296875 0.04609375 0.046875
1 0.959375 0.42109375 0.01953125 0.0296875
1 0.85546875 0.41875 0.01640625 0.03203125
1 0.89375 0.26796875 0.015625 0.03046875
1 0.865625 0.2671875 0.0234375 0.046875
1 0.85390625 0.12578125 0.02109375 0.040625
1 0.9875 0.32734375 0.025 0.0515625
9 0.928125 0.3984375 0.0203125 0.03671875
0 0.04765625 0.95859375 0.07578125 0.075
0 0.33359375 0.6203125 0.1015625 0.13359375
9 0.88828125 0.7390625 0.04921875 0.13359375