10 0.40859375 0.0609375 0.04765625 0.0828125
11 0.03515625 0.459375 0.03828125 0.06171875
10 0.1578125 0.3453125 0.03984375 0.06171875
6 0.43671875 0.36875 0.03125 0.05625
1 0.3375 0.41640625 0.03671875 0.07421875
9 0.38359375 0.246875 0.05078125 0.0703125
8 0.17734375 0.28359375 0.03125 0.04921875
0 0.36875 0.54453125 0.053125 0.0703125
5 0.31640625 0.678125 0.134375 0.1609375
5 0.2140625 0.67109375 0.04765625 0.0625
7 0.25 0.89140625 0.340625 0.2171875
7 0.7359375 0.63359375 0.175 0.1078125
5 0.96796875 0.94296875 0.0640625 0.0859375
5 0.95234375 0.7859375 0.0953125 0.08125