3 0.48828125 0.6109375 0.0828125 0.096875
3 0.090625 0.3375 0.18125 0.16875
3 0.10703125 0.0390625 0.1453125 0.078125
4 0.3421875 0.3484375 0.0703125 0.10234375
10 0.72734375 0.35390625 0.03515625 0.06328125
10 0.7234375 0.0796875 0.02578125 0.04375
10 0.76796875 0.25234375 0.025 0.0609375
1 0.72734375 0.27890625 0.02578125 0.0578125
11 0.7671875 0.165625 0.0359375 0.0671875
0 0.82578125 0.0734375 0.028125 0.053125
0 0.7171875 0.01796875 0.0375 0.0359375
1 0.77578125 0.01875 0.0296875 0.0375
7 0.584375 0.5 0.109375 0.03125
7 0.4171875 0.9265625 0.225 0.146875
7 0.15703125 0.86015625 0.121875 0.11640625
12 0.85859375 0.8296875 0.2828125 0.340625