6 0.11796875 0.0640625 0.059375 0.09609375
1 0.40625 0.07734375 0.0609375 0.09765625
9 0.29765625 0.1890625 0.090625 0.09921875
9 0.2765625 0.04296875 0.05625 0.0859375
3 0.21484375 0.21953125 0.0453125 0.0828125
10 0.01796875 0.33984375 0.0359375 0.0546875
10 0.01171875 0.23203125 0.0234375 0.0828125
3 0.55703125 0.1828125 0.0953125 0.1375
3 0.96640625 0.2421875 0.0609375 0.0546875
10 0.75703125 0.3609375 0.05703125 0.0546875
7 0.77265625 0.09140625 0.03359375 0.078125
7 0.70546875 0.18515625 0.04140625 0.0640625
0 0.4265625 0.93515625 0.153125 0.1296875
9 0.31328125 0.93203125 0.0796875 0.10390625
10 0.78125 0.92265625 0.0703125 0.1296875
3 0.89765625 0.9734375 0.1234375 0.053125