10 0.1265625 0.2171875 0.046875 0.08203125
3 0.24765625 0.47578125 0.0484375 0.0671875
10 0.53125 0.221875 0.0921875 0.1578125
9 0.6453125 0.01875 0.115625 0.0375
9 0.7484375 0.45625 0.096875 0.10625
9 0.4890625 0.0328125 0.078125 0.065625
10 0.04453125 0.6 0.0890625 0.128125
10 0.07890625 0.903125 0.06640625 0.084375
10 0.31171875 0.9703125 0.0703125 0.059375
6 0.33046875 0.71875 0.0796875 0.15078125
10 0.7046875 0.88359375 0.10234375 0.14453125
10 0.475 0.934375 0.05 0.13125
3 0.5578125 0.93671875 0.109375 0.1265625