9 0.19765625 0.01875 0.1046875 0.0375
10 0.515625 0.09140625 0.028125 0.0765625
10 0.46796875 0.00859375 0.0703125 0.0171875
11 0.38671875 0.07578125 0.04765625 0.084375
1 0.5203125 0.0328125 0.01875 0.065625
1 0.41484375 0.165625 0.0609375 0.08046875
1 0.3453125 0.1375 0.04296875 0.07109375
1 0.02265625 0.3828125 0.0453125 0.109375
1 0.5078125 0.44453125 0.04375 0.1734375
1 0.515625 0.27421875 0.028125 0.0296875
1 0.3296875 0.51796875 0.04375 0.0640625
1 0.31640625 0.353125 0.0140625 0.09375
0 0.60078125 0.115625 0.08359375 0.08203125
7 0.775 0.459375 0.1875 0.18125
0 0.14296875 0.5703125 0.0484375 0.040625
0 0.3546875 0.5859375 0.06484375 0.04296875
1 0.2453125 0.59765625 0.05078125 0.01953125
10 0.16640625 0.73359375 0.06484375 0.0859375
10 0.275 0.70390625 0.04453125 0.05625
10 0.11875 0.90234375 0.04140625 0.0546875
10 0.2921875 0.9703125 0.046875 0.059375
10 0.00625 0.94140625 0.0125 0.0890625
6 0.3859375 0.8625 0.06796875 0.071875
6 0.0984375 0.97734375 0.0625 0.0453125
6 0.0171875 0.77265625 0.034375 0.0953125
0 0.54375 0.71796875 0.028125 0.1015625
0 0.609375 0.8671875 0.06640625 0.090625
8 0.696875 0.70625 0.05859375 0.1265625
5 0.5875 0.5984375 0.07421875 0.0625
5 0.67578125 0.5875 0.05234375 0.03984375
5 0.540625 0.95234375 0.021875 0.0953125