10 0.12578125 0.11484375 0.0453125 0.06953125
10 0.19140625 0.0171875 0.0484375 0.034375
10 0.25703125 0.05625 0.0546875 0.06171875
10 0.3953125 0.0390625 0.05703125 0.071875
11 0.4546875 0.07421875 0.1125 0.1484375
9 0.3390625 0.03359375 0.053125 0.0671875
9 0.2921875 0.0140625 0.046875 0.028125
11 0.1796875 0.26796875 0.0625 0.0234375
0 0.5796875 0.1140625 0.1 0.146875
9 0.92265625 0.0546875 0.01875 0.0625
1 0.9421875 0.25625 0.015625 0.046875
1 0.92109375 0.2140625 0.02109375 0.03515625
4 0.19609375 0.3015625 0.0828125 0.04375
10 0.2171875 0.38828125 0.03125 0.0359375
10 0.240625 0.43046875 0.028125 0.034375
11 0.140625 0.46015625 0.0984375 0.09140625
4 0.0234375 0.5421875 0.046875 0.065625
9 0.51640625 0.546875 0.0265625 0.128125
9 0.34609375 0.51484375 0.01484375 0.07890625
1 0.4265625 0.67421875 0.0578125 0.02109375
1 0.5171875 0.4109375 0.025 0.078125
8 0.0296875 0.91640625 0.059375 0.1078125
4 0.7328125 0.77734375 0.1484375 0.15078125
4 0.60546875 0.55859375 0.09140625 0.13046875
9 0.76171875 0.65234375 0.121875 0.109375