0 0.025 0.13828125 0.05 0.0828125
0 0.41015625 0.01484375 0.1109375 0.0296875
7 0.1828125 0.4359375 0.1875 0.0875
3 0.93203125 0.34609375 0.1359375 0.2015625
4 0.5453125 0.30234375 0.071875 0.1734375
4 0.6734375 0.353125 0.07421875 0.13046875
9 0.31171875 0.50625 0.03125 0.040625
9 0.15859375 0.50625 0.034375 0.0359375
9 0.071875 0.553125 0.02578125 0.025
0 0.2984375 0.94765625 0.078125 0.1046875
1 0.6859375 0.4890625 0.028125 0.01875
1 0.71640625 0.48984375 0.0453125 0.0203125
4 0.61640625 0.73046875 0.0875 0.11484375
10 0.578125 0.834375 0.0484375 0.08984375
1 0.55859375 0.696875 0.06328125 0.10390625
1 0.5609375 0.978125 0.05 0.04375
1 0.56484375 0.90078125 0.05703125 0.0828125
5 0.9171875 0.95078125 0.14375 0.0984375