9 0.04140625 0.0046875 0.0765625 0.009375
9 0.08046875 0.04921875 0.053125 0.03359375
1 0.15703125 0.07109375 0.028125 0.06328125
1 0.1875 0.0828125 0.04609375 0.040625
0 0.496875 0.12734375 0.08125 0.13046875
0 0.4546875 0.028125 0.05625 0.05625
1 0.66171875 0.10390625 0.04140625 0.05
8 0.77421875 0.0359375 0.0453125 0.071875
9 0.159375 0.71484375 0.0453125 0.1
10 0.18984375 0.953125 0.0390625 0.06796875
10 0.1734375 0.8578125 0.02578125 0.05
11 0.209375 0.896875 0.0375 0.09609375
1 0.58984375 0.50546875 0.1078125 0.171875