9 0.375 0.15234375 0.128125 0.1359375
9 0.3375 0.3015625 0.09765625 0.08984375
11 0.18125 0.3921875 0.1265625 0.11328125
1 0.03359375 0.6640625 0.0671875 0.078125
1 0.04453125 0.60078125 0.0890625 0.0734375
1 0.11328125 0.56640625 0.1078125 0.0328125
1 0.11953125 0.6359375 0.1078125 0.0765625
1 0.08046875 0.69375 0.08828125 0.06015625
1 0.18828125 0.64921875 0.0953125 0.071875
11 0.77265625 0.8703125 0.07421875 0.134375
11 0.57421875 0.81171875 0.00390625 0.00859375
11 0.58828125 0.8578125 0.0125 0.0109375
10 0.81171875 0.57265625 0.0390625 0.0453125
10 0.83828125 0.95546875 0.034375 0.08125
0 0.97265625 0.70625 0.03828125 0.0671875