1 0.0640625 0.26875 0.02890625 0.0484375
0 0.0640625 0.48984375 0.08046875 0.0890625
0 0.01640625 0.3015625 0.0328125 0.09375
4 0.89609375 0.0703125 0.1609375 0.140625
10 0.93125 0.29375 0.0609375 0.0796875
10 0.9734375 0.390625 0.053125 0.075
3 0.77421875 0.44921875 0.1921875 0.1984375
5 0.115625 0.63828125 0.115625 0.1171875
5 0.1015625 0.96171875 0.14375 0.0765625
0 0.6625 0.6515625 0.06953125 0.10390625
0 0.89140625 0.65234375 0.05859375 0.09453125
0 0.97734375 0.78828125 0.0453125 0.0828125
5 0.9046875 0.8921875 0.059375 0.1
5 0.79453125 0.83203125 0.05859375 0.12421875