9 0.2015625 0.04296875 0.078125 0.0859375
9 0.40234375 0.10546875 0.05546875 0.1484375
9 0.16015625 0.4234375 0.0625 0.10234375
9 0.05 0.05 0.0625 0.1
9 0.07265625 0.41171875 0.05078125 0.0890625
10 0.34609375 0.43359375 0.05703125 0.09921875
10 0.37578125 0.30546875 0.03828125 0.07578125
10 0.23671875 0.4984375 0.065625 0.04453125
11 0.32578125 0.3515625 0.05703125 0.13359375
11 0.52890625 0.49765625 0.1 0.04609375
0 0.6171875 0.76796875 0.075 0.1546875
11 0.9296875 0.9640625 0.0375 0.071875
11 0.9953125 0.92265625 0.009375 0.1078125
1 0.88046875 0.871875 0.02734375 0.07265625
1 0.92421875 0.7265625 0.021875 0.0609375
1 0.95703125 0.7390625 0.0265625 0.0640625
1 0.88125 0.9796875 0.021875 0.040625
11 0.98828125 0.98671875 0.0234375 0.0265625