11 0.09296875 0.11875 0.1859375 0.2375
1 0.4765625 0.225 0.03671875 0.0609375
1 0.6421875 0.29296875 0.0234375 0.0578125
1 0.7984375 0.2671875 0.02734375 0.04140625
1 0.81171875 0.31015625 0.028125 0.05078125
1 0.6921875 0.2328125 0.0296875 0.04921875
1 0.68984375 0.32265625 0.03046875 0.04140625
9 0.34375 0.39921875 0.071875 0.0796875
9 0.13828125 0.61328125 0.078125 0.15234375
11 0.221875 0.496875 0.09375 0.275
11 0.0328125 0.4796875 0.065625 0.175
1 0.83203125 0.37578125 0.0609375 0.0328125
0 0.98984375 0.41171875 0.0203125 0.0703125
1 0.42109375 0.5703125 0.0828125 0.109375
1 0.9515625 0.63203125 0.096875 0.1734375
1 0.98359375 0.740625 0.0328125 0.103125
1 0.959375 0.46171875 0.08125 0.0296875
1 0.74765625 0.7109375 0.04296875 0.0734375
1 0.78125 0.79296875 0.05 0.0734375
1 0.73359375 0.540625 0.0140625 0.09375