11 0.11640625 0.040625 0.06484375 0.0609375
11 0.18828125 0.02890625 0.03984375 0.04296875
11 0.2328125 0.0078125 0.03125 0.015625
0 0.03125 0.1734375 0.053125 0.0484375
10 0.3359375 0.1015625 0.0484375 0.05
10 0.0515625 0.4671875 0.025 0.078125
11 0.40234375 0.60703125 0.0765625 0.0453125
10 0.4125 0.21953125 0.06640625 0.04375
7 0.4484375 0.47578125 0.046875 0.08203125
7 0.496875 0.371875 0.053125 0.0703125
11 0.7015625 0.2578125 0.26953125 0.20390625
10 0.6015625 0.1265625 0.06171875 0.06875
10 0.86328125 0.14609375 0.05546875 0.06875
10 0.8578125 0.20078125 0.01796875 0.0359375
10 0.56171875 0.2234375 0.0640625 0.084375
4 0.65546875 0.18046875 0.0515625 0.07265625
10 0.959375 0.20546875 0.08125 0.0953125
12 0.6546875 0.58203125 0.25 0.0953125
0 0.959375 0.5828125 0.08125 0.09375
10 0.6234375 0.7140625 0.0484375 0.04375
1 0.59765625 0.65703125 0.01640625 0.05390625
1 0.8109375 0.6765625 0.03515625 0.04765625
1 0.709375 0.6890625 0.0390625 0.078125
1 0.66796875 0.65078125 0.0546875 0.0421875
1 0.8765625 0.67265625 0.03515625 0.06171875
1 0.84765625 0.72109375 0.02109375 0.0296875
9 0.9765625 0.70390625 0.04375 0.0640625
9 0.95703125 0.6546875 0.0484375 0.05