4 0.3578125 0.0390625 0.08203125 0.078125
4 0.07578125 0.215625 0.05546875 0.06953125
4 0.015625 0.1671875 0.03125 0.08125
10 0.378125 0.14296875 0.03125 0.0359375
10 0.4015625 0.18515625 0.028125 0.034375
11 0.3015625 0.21484375 0.0984375 0.09140625
4 0.1796875 0.29765625 0.05859375 0.065625
9 0.709375 0.30234375 0.08828125 0.12890625
9 0.50703125 0.26953125 0.01484375 0.07890625
9 0.97265625 0.24609375 0.0546875 0.1078125
9 0.7046875 0.02109375 0.08203125 0.04140625
1 0.5875 0.42890625 0.0578125 0.02109375
1 0.8609375 0.3375 0.05625 0.09609375
1 0.9390625 0.1578125 0.0359375 0.05390625
1 0.90625 0.1984375 0.04140625 0.0609375
9 0.8578125 0.1609375 0.05625 0.09453125
1 0.77109375 0.02265625 0.04921875 0.04453125
1 0.684375 0.16640625 0.03671875 0.07734375
8 0.2421875 0.8 0.28359375 0.17578125
8 0.16015625 0.671875 0.121875 0.10703125
4 0.83046875 0.9546875 0.09453125 0.0875
4 0.66875 0.82734375 0.03515625 0.0546875
11 0.9453125 0.80390625 0.08203125 0.07265625
0 0.940625 0.5421875 0.06484375 0.06484375