11 0.20390625 0.4515625 0.0828125 0.034375
10 0.1109375 0.26953125 0.06171875 0.06484375
10 0.0109375 0.3984375 0.021875 0.059375
4 0.22109375 0.28828125 0.0703125 0.078125
4 0.19375 0.13828125 0.08984375 0.1296875
1 0.77578125 0.02109375 0.0609375 0.0421875
0 0.990625 0.04140625 0.01875 0.0828125
0 0.94921875 0.0625 0.04921875 0.06953125
1 0.91953125 0.2828125 0.14375 0.17265625
1 0.95546875 0.390625 0.0890625 0.103125
1 0.91015625 0.11171875 0.09453125 0.0296875
1 0.69140625 0.3609375 0.04296875 0.0734375
1 0.725 0.4375 0.05 0.0625
1 0.67734375 0.190625 0.0140625 0.09375
3 0.3421875 0.51171875 0.059375 0.0859375
3 0.159375 0.64765625 0.003125 0.00703125
3 0.1671875 0.59609375 0.01171875 0.00546875