4 0.1921875 0.6 0.090625 0.01875
4 0.17109375 0.41875 0.046875 0.078125
4 0.171875 0.54453125 0.07578125 0.0984375
4 0.24296875 0.5078125 0.0546875 0.0796875
10 0.03203125 0.42890625 0.05625 0.05859375
10 0.23828125 0.33125 0.04453125 0.0625
2 0.1640625 0.33984375 0.06328125 0.06015625
1 0.58046875 0.38984375 0.0234375 0.1421875
1 0.73671875 0.1421875 0.078125 0.103125
1 0.721875 0.3234375 0.071875 0.1625
1 0.79375 0.01640625 0.0625 0.0328125
10 0.05390625 0.63125 0.0640625 0.04375
10 0.196875 0.94609375 0.05625 0.0640625
1 0.025 0.9859375 0.03125 0.028125
1 0.01953125 0.73359375 0.0390625 0.0515625
1 0.18671875 0.64140625 0.0453125 0.0640625
1 0.14140625 0.734375 0.06640625 0.11796875
1 0.52734375 0.97734375 0.0515625 0.0453125
1 0.45859375 0.81171875 0.0734375 0.05859375
9 0.27109375 0.7078125 0.06796875 0.053125
9 0.2984375 0.803125 0.07734375 0.053125
9 0.0203125 0.82109375 0.040625 0.0609375
9 0.0875 0.81328125 0.02265625 0.078125
9 0.17890625 0.8578125 0.046875 0.05625
9 0.12109375 0.8875 0.05078125 0.08671875
9 0.046875 0.96015625 0.04375 0.0640625
9 0.0984375 0.98046875 0.05 0.0390625
9 0.24453125 0.9734375 0.0734375 0.053125
9 0.4046875 0.97734375 0.053125 0.0453125
8 0.965625 0.81328125 0.06875 0.0890625