11 0.29140625 0.01015625 0.0453125 0.0203125
11 0.3390625 0.26171875 0.0390625 0.0796875
11 0.24140625 0.0296875 0.0453125 0.059375
6 0.38828125 0.30859375 0.0296875 0.0609375
1 0.0578125 0.31640625 0.0375 0.0453125
0 0.02421875 0.17734375 0.0484375 0.1046875
1 0.4453125 0.27890625 0.034375 0.1203125
4 0.51171875 0.2671875 0.0546875 0.0796875
10 0.50703125 0.090625 0.04453125 0.0625
10 0.08828125 0.41875 0.03046875 0.034375
11 0.01328125 0.38203125 0.0265625 0.0546875
0 0.1203125 0.46875 0.04609375 0.0390625
1 0.05 0.509375 0.0359375 0.03984375
0 0.040625 0.68984375 0.08125 0.1328125