1 0.4640625 0.2609375 0.15859375 0.14765625
1 0.4859375 0.48984375 0.07890625 0.07265625
1 0.3328125 0.50703125 0.1109375 0.08359375
1 0.29140625 0.1625 0.1171875 0.12734375
1 0.509375 0.778125 0.1359375 0.0609375
1 0.6328125 0.69453125 0.1109375 0.11640625
1 0.771875 0.228125 0.0609375 0.0890625
1 0.65234375 0.4921875 0.0828125 0.08125
1 0.234375 0.63125 0.20390625 0.08984375
1 0.7890625 0.940625 0.11875 0.10859375
1 0.5984375 0.9671875 0.1234375 0.0546875
1 0.5328125 0.7078125 0.07734375 0.0859375