9 0.29140625 0.11796875 0.115625 0.171875
9 0.028125 0.284375 0.05625 0.153125
5 0.8984375 0.42734375 0.134375 0.2234375
10 0.48359375 0.5484375 0.0328125 0.01875
11 0.4703125 0.70859375 0.059375 0.1609375
11 0.26015625 0.9765625 0.0765625 0.046875
10 0.2703125 0.58828125 0.06640625 0.04375
7 0.30625 0.84453125 0.046875 0.08203125
7 0.3546875 0.740625 0.053125 0.0703125
11 0.81640625 0.97109375 0.0921875 0.0578125
11 0.9890625 0.90625 0.021875 0.1875
1 0.68984375 0.84375 0.06484375 0.134375
1 0.7921875 0.57421875 0.053125 0.0703125
1 0.8765625 0.58515625 0.0625 0.0921875
9 0.99375 0.575 0.0125 0.071875