1 0.04296875 0.2234375 0.0859375 0.159375
9 0.16015625 0.2921875 0.040625 0.07734375
10 0.346875 0.01484375 0.096875 0.0296875
4 0.15703125 0.17109375 0.03515625 0.09375
1 0.5078125 0.50390625 0.04921875 0.04765625
8 0.4234375 0.41640625 0.06015625 0.06484375
11 0.84296875 0.18828125 0.06640625 0.13125
11 0.575 0.3421875 0.05 0.134375
11 0.93828125 0.21328125 0.053125 0.08125
11 0.60234375 0.56328125 0.1015625 0.0921875
11 0.75703125 0.24765625 0.08203125 0.20234375
10 0.73359375 0.6546875 0.0515625 0.06875
11 0.7515625 0.4 0.1296875 0.09765625
9 0.83046875 0.46953125 0.0421875 0.06796875
9 0.73515625 0.50078125 0.04375 0.05078125
9 0.68203125 0.5328125 0.05078125 0.07265625
0 0.6265625 0.365625 0.05 0.08125
0 0.63046875 0.475 0.06796875 0.08828125
0 0.91015625 0.1125 0.0671875 0.1109375
4 0.3328125 0.95625 0.090625 0.0875
9 0.815625 0.76875 0.115625 0.159375
9 0.565625 0.9265625 0.03125 0.146875