10 0.4828125 0.04296875 0.0265625 0.05703125
9 0.5859375 0.19140625 0.046875 0.0796875
12 0.17265625 0.503125 0.0359375 0.03125
12 0.17421875 0.45390625 0.0640625 0.03828125
12 0.11640625 0.48125 0.05 0.05625
12 0.1671875 0.4125 0.05546875 0.04921875
9 0.49921875 0.2765625 0.0625 0.0796875
1 0.5984375 0.43828125 0.021875 0.1046875
1 0.33671875 0.49921875 0.0578125 0.0390625
1 0.61875 0.5 0.01875 0.0375
1 0.6421875 0.41015625 0.05 0.071875
1 0.01171875 0.62109375 0.0234375 0.0921875
1 0.3140625 0.64296875 0.03125 0.04375
1 0.240625 0.803125 0.0375 0.06484375
1 0.40546875 0.565625 0.02578125 0.04609375
4 0.69765625 0.63125 0.1765625 0.221875
9 0.8109375 0.5296875 0.065625 0.021875