1 0.525 0.02734375 0.128125 0.0546875
1 0.434375 0.02109375 0.0625 0.0421875
8 0.06328125 0.4015625 0.0859375 0.05625
8 0.1140625 0.190625 0.0640625 0.0453125
8 0.22578125 0.25625 0.0515625 0.0390625
8 0.028125 0.3421875 0.05234375 0.0515625
8 0.1046875 0.34140625 0.0578125 0.0609375
8 0.071875 0.37265625 0.03984375 0.03984375
10 0.4953125 0.3703125 0.03515625 0.0984375
10 0.4109375 0.42265625 0.025 0.0140625
10 0.42109375 0.40078125 0.025 0.0578125
11 0.58125 0.1796875 0.015625 0.11875
11 0.56015625 0.41484375 0.0390625 0.0296875
0 0.56640625 0.24140625 0.0359375 0.1
0 0.51953125 0.3984375 0.0328125 0.0625
0 0.49140625 0.2125 0.03515625 0.0765625
1 0.83359375 0.02890625 0.1078125 0.0578125
1 0.790625 0.15546875 0.12578125 0.1515625
1 0.7296875 0.215625 0.09375 0.075
1 0.665625 0.22109375 0.05390625 0.06328125
1 0.7359375 0.021875 0.078125 0.04375
5 0.71015625 0.403125 0.0890625 0.053125
5 0.71796875 0.33515625 0.071875 0.08671875
5 0.790625 0.38828125 0.05 0.0828125
1 0.17109375 0.47109375 0.1390625 0.0828125
1 0.1140625 0.62734375 0.1625 0.11953125
1 0.03203125 0.76015625 0.0640625 0.1078125
1 0.1390625 0.75625 0.090625 0.0671875