1 0.03046875 0.2 0.0609375 0.078125
10 0.31796875 0.0125 0.0234375 0.025
5 0.48359375 0.23046875 0.1671875 0.1078125
5 0.4828125 0.3609375 0.165625 0.125
5 0.60078125 0.40546875 0.1453125 0.1078125
7 0.04453125 0.5109375 0.05078125 0.04609375
7 0.0453125 0.57265625 0.0375 0.05390625
7 0.0109375 0.6015625 0.021875 0.05625
7 0.0546875 0.63359375 0.05078125 0.0609375
7 0.1015625 0.55625 0.0640625 0.109375
7 0.1 0.665625 0.04453125 0.07734375
7 0.20859375 0.78671875 0.0390625 0.09375
7 0.09765625 0.78671875 0.0328125 0.0546875
7 0.0328125 0.76953125 0.065625 0.1078125
7 0.13203125 0.8328125 0.0515625 0.059375
1 0.60703125 0.83828125 0.0625 0.08671875