11 0.225 0.05390625 0.0875 0.1078125
11 0.13203125 0.02890625 0.0546875 0.0578125
10 0.4828125 0.30625 0.0515625 0.03125
0 0.31875 0.28671875 0.075 0.0703125
11 0.5890625 0.08203125 0.121875 0.1640625
9 0.38515625 0.3546875 0.0546875 0.05
1 0.1359375 0.34375 0.0421875 0.04375
1 0.2203125 0.33359375 0.0421875 0.02421875
7 0.71171875 0.18984375 0.1234375 0.3796875
7 0.93984375 0.18984375 0.1203125 0.3796875
1 0.32890625 0.415625 0.1265625 0.071875
1 0.26875 0.4359375 0.09375 0.075
1 0.2046875 0.44140625 0.05390625 0.06328125
5 0.25 0.6609375 0.08828125 0.12734375
5 0.25703125 0.55546875 0.071875 0.08671875
5 0.33046875 0.6125 0.04921875 0.08984375
5 0.371875 0.73671875 0.075 0.10078125
5 0.621875 0.89765625 0.05625 0.0828125
1 0.98203125 0.471875 0.0359375 0.1625
1 0.70546875 0.603125 0.078125 0.103125
1 0.690625 0.784375 0.071875 0.1625
1 0.7625 0.43671875 0.0625 0.1140625