3 0.09921875 0.3359375 0.06484375 0.13125
3 0.22890625 0.1953125 0.09609375 0.06640625
1 0.0296875 0.09140625 0.03515625 0.06328125
1 0.0234375 0.1578125 0.04296875 0.06015625
9 0.6765625 0.059375 0.040625 0.11875
10 0.5734375 0.0796875 0.0625 0.159375
5 0.99609375 0.13125 0.0078125 0.046875
8 0.7234375 0.38828125 0.05 0.04375
8 0.03515625 0.82734375 0.04296875 0.05625
8 0.06328125 0.7453125 0.0328125 0.06015625
8 0.05859375 0.78125 0.0328125 0.04296875
8 0.13984375 0.7109375 0.04765625 0.06015625
8 0.12734375 0.66484375 0.04765625 0.06484375
8 0.05390625 0.66796875 0.07421875 0.08671875
8 0.02578125 0.7609375 0.0515625 0.075
8 0.0140625 0.8359375 0.028125 0.059375
9 0.47734375 0.60390625 0.0234375 0.0578125
1 0.75390625 0.61640625 0.0625 0.08671875