4 0.01953125 0.24140625 0.0390625 0.0671875
4 0.07109375 0.2375 0.0671875 0.06875
4 0.0171875 0.18359375 0.034375 0.0734375
11 0.02734375 0.2921875 0.0546875 0.05625
10 0.06875 0.0890625 0.0453125 0.04609375
10 0.13046875 0.15703125 0.04140625 0.0421875
9 0.14921875 0.20625 0.05 0.0484375
10 0.30390625 0.10234375 0.0921875 0.1234375
11 0.2921875 0.22890625 0.115625 0.1453125
11 0.03046875 0.6765625 0.0609375 0.09375
10 0.19296875 0.66171875 0.0390625 0.0640625
10 0.03203125 0.93125 0.03671875 0.0671875
1 0.025 0.9828125 0.05 0.034375
1 0.071875 0.9171875 0.0421875 0.078125
9 0.25 0.95703125 0.0625 0.0859375
10 0.2171875 0.9703125 0.009375 0.059375
9 0.37265625 0.86953125 0.0453125 0.1015625
10 0.55078125 0.88046875 0.05703125 0.09921875
10 0.58046875 0.75234375 0.03828125 0.07578125
10 0.44140625 0.9453125 0.065625 0.04453125
11 0.53046875 0.7984375 0.05703125 0.13359375
11 0.8703125 0.934375 0.08203125 0.06640625
11 0.73359375 0.94453125 0.1 0.04609375