4 0.71484375 0.12265625 0.03515625 0.17734375
4 0.6015625 0.18203125 0.14375 0.0546875
1 0.90703125 0.09453125 0.053125 0.08671875
0 0.86484375 0.17578125 0.04765625 0.0703125
0 0.94296875 0.06328125 0.0421875 0.05703125
0 0.95 0.203125 0.0359375 0.01640625
0 0.74453125 0.1703125 0.02421875 0.08046875
0 0.784375 0.06015625 0.05 0.06171875
0 0.87265625 0.05390625 0.0359375 0.071875
8 0.66484375 0.32578125 0.1296875 0.1265625
1 0.515625 0.5828125 0.028125 0.059375
1 0.46328125 0.58125 0.04375 0.06484375
1 0.378125 0.56328125 0.04609375 0.05859375
1 0.29921875 0.63984375 0.02890625 0.053125
1 0.41328125 0.6671875 0.02890625 0.08515625
9 0.46484375 0.903125 0.06640625 0.0765625
0 0.30234375 0.884375 0.07890625 0.096875
0 0.35390625 0.6765625 0.04609375 0.10234375
0 0.47265625 0.7171875 0.0640625 0.05546875
1 0.803125 0.73125 0.31015625 0.18203125
1 0.5625 0.71953125 0.065625 0.0953125
1 0.7640625 0.428125 0.08125 0.078125