9 0.0375 0.034375 0.053125 0.06875
10 0.03671875 0.5234375 0.0390625 0.071875
9 0.17109375 0.165625 0.05703125 0.09921875
9 0.13046875 0.35625 0.04765625 0.1234375
10 0.84921875 0.0578125 0.1328125 0.115625
4 0.8546875 0.4765625 0.26328125 0.1453125
4 0.521875 0.12421875 0.065625 0.1296875
4 0.0203125 0.68671875 0.040625 0.0703125
10 0.315625 0.61484375 0.03125 0.0359375
10 0.3390625 0.65703125 0.028125 0.034375
11 0.2390625 0.68671875 0.0984375 0.09140625
4 0.1171875 0.76953125 0.05859375 0.065625
9 0.44453125 0.74140625 0.01484375 0.07890625
11 0.63359375 0.59609375 0.1203125 0.0734375
7 0.8359375 0.65234375 0.02890625 0.07890625
7 0.77734375 0.57578125 0.0359375 0.0328125
4 0.9390625 0.98203125 0.09375 0.0359375
1 0.8953125 0.8515625 0.10546875 0.10625
10 0.878125 0.96171875 0.04140625 0.06484375
0 0.73125 0.9640625 0.0625 0.071875