9 0.40703125 0.0546875 0.07578125 0.0796875
0 0.0203125 0.31328125 0.040625 0.0921875
0 0.01796875 0.41796875 0.0359375 0.0703125
1 0.0046875 0.61328125 0.009375 0.0546875
9 0.421875 0.6140625 0.109375 0.071875
1 0.60390625 0.1453125 0.0890625 0.046875
1 0.903125 0.43515625 0.10078125 0.08984375
1 0.65 0.28125 0.06640625 0.06484375
1 0.83671875 0.21796875 0.0375 0.05078125
1 0.77265625 0.325 0.1609375 0.09609375
1 0.76640625 0.23671875 0.06875 0.0875
1 0.77265625 0.4859375 0.06328125 0.06796875
1 0.8890625 0.09296875 0.06640625 0.06484375
1 0.62578125 0.37578125 0.0578125 0.1125
9 0.94453125 0.22890625 0.08046875 0.07890625
0 0.7625 0.596875 0.10625 0.0703125
7 0.2015625 0.68984375 0.234375 0.0796875
7 0.109375 0.78203125 0.21875 0.1328125
7 0.3765625 0.859375 0.31640625 0.109375
7 0.171875 0.96328125 0.25 0.0734375
7 0.10234375 0.90390625 0.19375 0.11953125
7 0.4515625 0.715625 0.19453125 0.08046875
7 0.615625 0.88515625 0.1125 0.1046875
7 0.6515625 0.98125 0.184375 0.0375
7 0.75546875 0.87890625 0.11015625 0.13671875