11 0.165625 0.03984375 0.05625 0.0796875
0 0.12421875 0.28046875 0.084375 0.0734375
10 0.2375 0.25078125 0.06953125 0.0640625
1 0.12578125 0.43828125 0.03515625 0.05390625
1 0.3125 0.46484375 0.071875 0.08125
1 0.34921875 0.12421875 0.03984375 0.07109375
1 0.32421875 0.340625 0.03203125 0.1078125
7 0.17421875 0.72421875 0.1203125 0.0515625
8 0.42734375 0.41875 0.0765625 0.153125
8 0.49453125 0.26796875 0.0640625 0.0875
8 0.5359375 0.38046875 0.06953125 0.0796875
8 0.64296875 0.38515625 0.02890625 0.05078125
8 0.5875 0.571875 0.0671875 0.0984375
8 0.7421875 0.67109375 0.06953125 0.11171875
8 0.7640625 0.43125 0.0984375 0.09140625
8 0.778125 0.51171875 0.04609375 0.05703125
8 0.69765625 0.5640625 0.04296875 0.04921875
8 0.59375 0.6796875 0.10546875 0.0921875
8 0.2125 0.8125 0.040625 0.06953125
8 0.18359375 0.9109375 0.01796875 0.04140625
8 0.1453125 0.9703125 0.0265625 0.05078125
5 0.3765625 0.96640625 0.025 0.0671875
11 0.75234375 0.8484375 0.07421875 0.134375
11 0.55390625 0.78984375 0.00390625 0.00859375
11 0.56796875 0.8359375 0.0125 0.0109375
10 0.81796875 0.93359375 0.034375 0.08125