1 0.15703125 0.0359375 0.1015625 0.071875
1 0.17734375 0.17421875 0.05078125 0.0515625
1 0.08515625 0.19140625 0.0703125 0.06171875
1 0.2734375 0.3078125 0.071875 0.08359375
1 0.34375 0.00859375 0.040625 0.0171875
1 0.27890625 0.16953125 0.053125 0.0578125
1 0.04609375 0.278125 0.0921875 0.06875
1 0.2125 0.31953125 0.05 0.0609375
0 0.08125 0.4359375 0.053125 0.0484375
10 0.375 0.36953125 0.028125 0.0390625
10 0.1015625 0.7296875 0.025 0.078125
5 0.87109375 0.53984375 0.2578125 0.3796875
5 0.79765625 0.85859375 0.084375 0.159375