10 0.38125 0.3203125 0.115625 0.09296875
9 0.196875 0.17421875 0.0578125 0.075
9 0.23203125 0.1125 0.0453125 0.06171875
9 0.45 0.046875 0.08046875 0.0765625
9 0.384375 0.0984375 0.04375 0.05078125
9 0.55703125 0.34375 0.075 0.07421875
9 0.4234375 0.0203125 0.075 0.040625
0 0.34609375 0.196875 0.065625 0.078125
0 0.43359375 0.5 0.0734375 0.06015625
0 0.55 0.21015625 0.084375 0.103125
8 0.2828125 0.575 0.040625 0.05
12 0.5625 0.559375 0.07421875 0.05859375
1 0.66484375 0.55546875 0.034375 0.05078125
1 0.41328125 0.77578125 0.1078125 0.171875
3 0.96953125 0.74375 0.0609375 0.10625
3 0.8703125 0.740625 0.0515625 0.0765625
3 0.7921875 0.7921875 0.0359375 0.0796875
3 0.8734375 0.853125 0.06015625 0.0609375