11 0.265625 0.159375 0.121875 0.12265625
0 0.33046875 0.246875 0.09296875 0.11328125
1 0.49765625 0.1515625 0.1015625 0.10546875
1 0.51796875 0.30546875 0.05078125 0.0515625
1 0.43046875 0.321875 0.0609375 0.0625
1 0.41328125 0.0890625 0.0265625 0.090625
1 0.54140625 0.50078125 0.084375 0.046875
1 0.6140625 0.4390625 0.071875 0.08359375
1 0.684375 0.11796875 0.040625 0.06171875
1 0.61953125 0.30078125 0.053125 0.0578125
1 0.41640625 0.409375 0.0328125 0.06875
1 0.71640625 0.58984375 0.0765625 0.0578125
1 0.60078125 0.61171875 0.0765625 0.0140625
1 0.553125 0.45234375 0.05 0.06171875
1 0.98984375 0.19453125 0.0203125 0.0515625
0 0.9625 0.253125 0.03125 0.0484375
1 0.9953125 0.37265625 0.009375 0.0296875
4 0.08203125 0.81953125 0.090625 0.08203125
4 0.01171875 0.840625 0.0234375 0.0875
4 0.059375 0.63203125 0.046875 0.0265625
4 0.0609375 0.73203125 0.07578125 0.0984375
4 0.13203125 0.6953125 0.0546875 0.0796875
3 0.090625 0.91328125 0.0953125 0.09375
10 0.56328125 0.97421875 0.0390625 0.0515625
9 0.696875 0.646875 0.05625 0.05625
9 0.65703125 0.8171875 0.04765625 0.1234375