4 0.065625 0.1703125 0.13125 0.26875
0 0.3578125 0.3375 0.18125 0.125
2 0.6625 0.31953125 0.29375 0.1609375
1 0.68203125 0.08203125 0.053125 0.04921875
1 0.6921875 0.159375 0.06171875 0.08984375
10 0.44921875 0.590625 0.1015625 0.103125
10 0.371875 0.97265625 0.053125 0.0546875
10 0.11171875 0.9640625 0.0890625 0.071875
3 0.05703125 0.6203125 0.1140625 0.175
3 0.23984375 0.6796875 0.08515625 0.07890625
4 0.675 0.77734375 0.09140625 0.153125
1 0.63359375 0.959375 0.1046875 0.08125
10 0.61484375 0.85859375 0.040625 0.0671875