11 0.1171875 0.221875 0.121875 0.12265625
0 0.02265625 0.02109375 0.0453125 0.0421875
0 0.18203125 0.309375 0.09296875 0.11328125
4 0.478125 0.01953125 0.121875 0.0390625
9 0.525 0.2796875 0.028125 0.11875
9 0.475 0.178125 0.10703125 0.0828125
9 0.45625 0.090625 0.08046875 0.0828125
0 0.55234375 0.08515625 0.0265625 0.0828125
1 0.55703125 0.4984375 0.0359375 0.053125
1 0.6140625 0.4953125 0.0453125 0.059375
1 0.69921875 0.47734375 0.046875 0.05390625
1 0.7796875 0.5453125 0.02890625 0.0484375
1 0.665625 0.57265625 0.0296875 0.07734375
0 0.725 0.57890625 0.04765625 0.09375
0 0.60625 0.61875 0.0640625 0.0515625
1 0.29375 0.73984375 0.02109375 0.0984375
1 0.2015625 0.78984375 0.02421875 0.07109375
1 0.15546875 0.9390625 0.025 0.059375
1 0.23203125 0.9640625 0.0234375 0.071875
1 0.43125 0.74140625 0.03203125 0.07265625
1 0.52265625 0.88046875 0.0234375 0.07265625
1 0.5140625 0.9828125 0.01875 0.034375
1 0.28203125 0.87890625 0.028125 0.06875
1 0.240625 0.83125 0.02578125 0.09296875
1 0.24453125 0.74140625 0.0171875 0.07265625
1 0.15625 0.6859375 0.028125 0.04765625
7 0.6828125 0.96171875 0.175 0.0765625
7 0.9125 0.93359375 0.140625 0.1328125
7 0.89609375 0.7578125 0.12421875 0.19375