11 0.125 0.2625 0.04765625 0.053125
11 0.31484375 0.26484375 0.06328125 0.059375
10 0.2328125 0.16796875 0.04765625 0.0421875
10 0.17265625 0.2484375 0.03515625 0.0359375
4 0.30703125 0.1625 0.053125 0.04921875
4 0.275 0.090625 0.071875 0.078125
0 0.14375 0.14453125 0.03828125 0.0546875
9 0.29375 0.534375 0.078125 0.090625
9 0.42421875 0.01015625 0.0296875 0.0203125
11 0.6734375 0.41328125 0.10703125 0.16171875
0 0.76015625 0.3140625 0.078125 0.15546875
12 0.2359375 0.7171875 0.346875 0.275
1 0.57578125 0.67578125 0.0625 0.08671875