11 0.153125 0.07421875 0.0859375 0.10703125
11 0.040625 0.0703125 0.0515625 0.0765625
11 0.04375 0.1828125 0.06015625 0.0609375
11 0.09375 0.446875 0.05625 0.025
0 0.39140625 0.31796875 0.04453125 0.0953125
1 0.709375 0.43515625 0.10625 0.0484375
1 0.90703125 0.234375 0.078125 0.103125
1 0.8921875 0.396875 0.071875 0.125
1 0.515625 0.29921875 0.09375 0.1484375
1 0.9640625 0.0625 0.0625 0.125
9 0.03125 0.61953125 0.0625 0.1359375
9 0.0765625 0.4875 0.075 0.05625
1 0.1234375 0.97265625 0.025 0.0546875
1 0.0078125 0.92265625 0.015625 0.0828125
1 0.36328125 0.89765625 0.03828125 0.05
8 0.865625 0.54296875 0.03125 0.0578125
5 0.82421875 0.47421875 0.0234375 0.0296875
8 0.490625 0.684375 0.04375 0.04375
8 0.4921875 0.8265625 0.040625 0.053125
10 0.99375 0.98984375 0.0125 0.0203125
0 0.8390625 0.89921875 0.07578125 0.109375
0 0.8078125 0.67890625 0.08515625 0.03046875