0 0.2546875 0.32578125 0.06875 0.1328125
11 0.3390625 0.009375 0.04375 0.01875
11 0.5625 0.140625 0.04765625 0.053125
11 0.4015625 0.14453125 0.04453125 0.053125
11 0.75234375 0.14296875 0.06328125 0.059375
10 0.6703125 0.04609375 0.04765625 0.0421875
10 0.61015625 0.1265625 0.03515625 0.0359375
4 0.74453125 0.040625 0.053125 0.04921875
0 0.58046875 0.025 0.0390625 0.05
9 0.98203125 0.028125 0.0359375 0.05625
9 0.73203125 0.415625 0.078125 0.0953125
1 0.93203125 0.365625 0.1359375 0.175
1 0.05625 0.58203125 0.07421875 0.09375
1 0.16875 0.80625 0.12109375 0.15625
5 0.31796875 0.69296875 0.0578125 0.1828125
5 0.61953125 0.540625 0.1203125 0.14375
5 0.4203125 0.50625 0.071875 0.075
5 0.378125 0.95078125 0.140625 0.0984375
5 0.73984375 0.596875 0.10703125 0.19453125
5 0.6640625 0.76171875 0.12265625 0.1515625
5 0.7796875 0.7484375 0.0875 0.11484375
5 0.6125 0.84140625 0.178125 0.16953125
5 0.45078125 0.759375 0.08125 0.14140625
5 0.52890625 0.69375 0.06875 0.146875
5 0.89140625 0.72890625 0.13828125 0.13828125