1 0.303125 0.046875 0.2125 0.09375
1 0.46796875 0.05859375 0.0734375 0.1171875
10 0.35234375 0.309375 0.046875 0.0734375
10 0.37421875 0.22421875 0.05 0.08515625
9 0.4625 0.30390625 0.05234375 0.0984375
0 0.55546875 0.22578125 0.0265625 0.0796875
9 0.9671875 0.02734375 0.065625 0.0546875
9 0.9109375 0.3 0.0546875 0.0859375
9 0.75078125 0.3265625 0.0453125 0.084375
1 0.38984375 0.75234375 0.3578125 0.4953125
1 0.13359375 0.8921875 0.1734375 0.215625
7 0.665625 0.66796875 0.19375 0.4546875
7 0.78515625 0.5875 0.06796875 0.18203125
7 0.9171875 0.45390625 0.165625 0.1703125
7 0.88203125 0.93515625 0.2359375 0.1296875