12 0.16015625 0.12421875 0.2296875 0.2484375
12 0.3140625 0.16796875 0.06015625 0.10625
12 0.340625 0.25625 0.02890625 0.0875
1 0.6671875 0.09140625 0.025 0.0671875
1 0.59140625 0.071875 0.0359375 0.0375
1 0.440625 0.09296875 0.11484375 0.0890625
1 0.428125 0.1734375 0.05390625 0.084375
1 0.55 0.1546875 0.05859375 0.0609375
1 0.58515625 0.26796875 0.0359375 0.0640625
1 0.65 0.25703125 0.059375 0.0671875
12 0.4234375 0.36953125 0.1375 0.1390625
12 0.646875 0.35703125 0.065625 0.1140625
9 0.740625 0.03515625 0.121875 0.0703125
9 0.88125 0.37890625 0.10625 0.1203125