8 0.2171875 0.15 0.03984375 0.0609375
5 0.015625 0.0453125 0.03125 0.090625
1 0.4125 0.0734375 0.05078125 0.06640625
9 0.01953125 0.35703125 0.0390625 0.1296875
0 0.05078125 0.5578125 0.05078125 0.0453125
0 0.1296875 0.309375 0.059375 0.0546875
0 0.096875 0.359375 0.04375 0.03984375
9 0.01953125 0.57421875 0.0390625 0.0515625
9 0.09375 0.52890625 0.05234375 0.07578125
9 0.0046875 0.48359375 0.009375 0.0359375
1 0.4 0.4078125 0.04375 0.10234375
1 0.43046875 0.52578125 0.0171875 0.0890625
5 0.6046875 0.040625 0.1 0.08125
1 0.9515625 0.1234375 0.096875 0.090625
1 0.965625 0.03984375 0.06875 0.0796875
1 0.465625 0.57578125 0.05 0.0484375
9 0.00703125 0.94921875 0.0140625 0.0515625
9 0.02421875 0.7125 0.0484375 0.0375
1 0.08359375 0.75234375 0.02109375 0.03046875
1 0.00625 0.8921875 0.0125 0.028125
1 0.04609375 0.9015625 0.03125 0.04453125
5 0.3625 0.7046875 0.071875 0.175
9 0.62578125 0.8140625 0.10703125 0.1203125