5 0.43828125 0.2515625 0.13125 0.4046875
10 0.66015625 0.196875 0.0609375 0.0859375
9 0.88984375 0.1921875 0.06484375 0.09609375
10 0.68828125 0.0265625 0.0390625 0.053125
10 0.76796875 0.19375 0.06484375 0.09921875
4 0.8265625 0.0703125 0.11640625 0.11484375
9 0.63515625 0.0703125 0.04609375 0.0671875
9 0.684375 0.55546875 0.04609375 0.04296875
0 0.7828125 0.58203125 0.05625 0.0546875
0 0.6640625 0.63671875 0.04375 0.0265625
7 0.10234375 0.8421875 0.2046875 0.11875
7 0.05234375 0.94375 0.1046875 0.1125
7 0.26171875 0.98828125 0.3171875 0.0234375
7 0.4671875 0.765625 0.084375 0.09375
7 0.3375 0.8875 0.19453125 0.08046875
9 0.54375 0.7671875 0.0578125 0.07890625
1 0.9265625 0.90625 0.05234375 0.08984375
1 0.52578125 0.9078125 0.0328125 0.078125
1 0.84140625 0.96796875 0.0578125 0.0640625
1 0.671875 0.77265625 0.04296875 0.0546875
1 0.6703125 0.70625 0.046875 0.07265625
1 0.75546875 0.946875 0.05078125 0.07578125
1 0.753125 0.87109375 0.05 0.0703125
1 0.61328125 0.97265625 0.0484375 0.0546875
1 0.6359375 0.86171875 0.05078125 0.06875
1 0.61015625 0.76015625 0.05 0.0640625
1 0.6859375 0.89375 0.05 0.0671875
1 0.790625 0.97109375 0.05 0.0578125
1 0.7390625 0.9921875 0.046875 0.015625
1 0.7 0.97109375 0.071875 0.0578125