5 0.20625 0.23984375 0.1140625 0.2265625
5 0.31875 0.3421875 0.1265625 0.2265625
5 0.27265625 0.13125 0.1359375 0.2625
0 0.83828125 0.51953125 0.09453125 0.128125
9 0.18671875 0.79140625 0.075 0.05703125
9 0.259375 0.77578125 0.04140625 0.040625
11 0.23125 0.934375 0.02890625 0.065625
11 0.26875 0.8421875 0.07421875 0.078125
9 0.5859375 0.803125 0.03203125 0.04140625
9 0.72421875 0.9421875 0.040625 0.0390625
10 0.70546875 0.73828125 0.03125 0.0359375
9 0.8140625 0.8765625 0.04453125 0.04375
9 0.77890625 0.8015625 0.0390625 0.053125