0 0.34765625 0.03984375 0.06953125 0.0796875
8 0.17578125 0.04453125 0.0640625 0.0890625
8 0.465625 0.42890625 0.07265625 0.06015625
5 0.11328125 0.40390625 0.06640625 0.0671875
5 0.1859375 0.271875 0.08984375 0.090625
5 0.271875 0.35390625 0.06796875 0.0890625
5 0.03203125 0.08046875 0.0640625 0.07109375
5 0.0046875 0.17890625 0.009375 0.0796875
5 0.27734375 0.1703125 0.0796875 0.12890625
5 0.18984375 0.171875 0.05703125 0.1015625
5 0.38828125 0.3984375 0.0484375 0.0671875
1 0.74765625 0.2765625 0.08671875 0.125
1 0.6859375 0.11796875 0.10234375 0.1453125
1 0.8515625 0.315625 0.05078125 0.07265625
1 0.62109375 0.05078125 0.07421875 0.1015625
1 0.5640625 0.05390625 0.03515625 0.10703125
1 0.6609375 0.29375 0.0640625 0.09609375
1 0.23125 0.8109375 0.08984375 0.125
5 0.8328125 0.66875 0.10078125 0.1890625
5 0.7359375 0.7359375 0.1109375 0.19609375
5 0.78203125 0.57890625 0.12109375 0.22109375