12 0.2 0.184375 0.4 0.36875
1 0.59921875 0.01484375 0.1296875 0.0296875
1 0.64375 0.12265625 0.2140625 0.16015625
9 0.82421875 0.190625 0.040625 0.07734375
4 0.82109375 0.06953125 0.03515625 0.09375
8 0.48671875 0.37578125 0.0375 0.0625
5 0.55234375 0.65 0.09765625 0.17578125
5 0.64765625 0.57265625 0.1078125 0.1796875
5 0.60703125 0.73359375 0.11640625 0.20859375
10 0.93203125 0.45625 0.03984375 0.04375
0 0.5703125 0.96875 0.065625 0.0625
8 0.74140625 0.95625 0.0578125 0.0875
5 0.6328125 0.86875 0.07421875 0.0625
5 0.72109375 0.8578125 0.05234375 0.03984375