5 0.2484375 0.17734375 0.215625 0.15859375
5 0.21640625 0.01484375 0.1234375 0.0296875
1 0.1015625 0.05234375 0.15 0.1046875
1 0.07734375 0.12421875 0.15078125 0.13515625
10 0.03671875 0.41640625 0.0484375 0.06484375
9 0.08125 0.50234375 0.06875 0.0328125
1 0.08984375 0.36171875 0.0484375 0.07109375
10 0.8265625 0.1140625 0.05234375 0.0765625
9 0.94765625 0.04453125 0.0671875 0.0890625
0 0.52109375 0.3984375 0.0859375 0.15625
0 0.46015625 0.4328125 0.1015625 0.171875
9 0.41875 0.503125 0.01875 0.03125
9 0.50234375 0.31953125 0.04140625 0.0625
4 0.7578125 0.28671875 0.05546875 0.0796875
4 0.81875 0.25859375 0.0640625 0.078125
7 0.64296875 0.234375 0.11796875 0.0296875
7 0.634375 0.29453125 0.1 0.15078125
9 0.9484375 0.4734375 0.1 0.090625
7 0.5640625 0.70546875 0.309375 0.0921875
7 0.4625 0.63984375 0.10625 0.0390625
7 0.63359375 0.6265625 0.19375 0.05234375
7 0.53046875 0.6046875 0.2234375 0.0484375
7 0.4609375 0.553125 0.103125 0.04375
7 0.4828125 0.57421875 0.11953125 0.0390625
1 0.96796875 0.66875 0.034375 0.02890625
1 0.82265625 0.68359375 0.1109375 0.0703125
1 0.79296875 0.62578125 0.05390625 0.0640625
1 0.9109375 0.61484375 0.05703125 0.0484375
1 0.91875 0.53359375 0.0375 0.0296875
1 0.975 0.5296875 0.05 0.021875