5 0.08515625 0.4640625 0.1703125 0.071875
5 0.2734375 0.21640625 0.1984375 0.16328125
5 0.0796875 0.309375 0.159375 0.15625
8 0.44375 0.06171875 0.028125 0.1234375
8 0.45625 0.409375 0.03984375 0.0609375
5 0.57734375 0.01875 0.0796875 0.0375
1 0.74453125 0.0390625 0.1796875 0.078125
1 0.971875 0.05625 0.05625 0.0875
1 0.9625 0.146875 0.0609375 0.0703125
1 0.94453125 0.2328125 0.05390625 0.06796875
1 0.97734375 0.453125 0.0453125 0.09375
1 0.80234375 0.26171875 0.11640625 0.153125
1 0.725 0.103125 0.08828125 0.12109375
1 0.82109375 0.33984375 0.16796875 0.1234375
1 0.89375 0.4515625 0.07265625 0.0875
1 0.9375 0.33046875 0.05390625 0.0625
1 0.9125 0.02890625 0.065625 0.0578125
1 0.84453125 0.04375 0.0703125 0.0875
1 0.6515625 0.3328125 0.05078125 0.06640625
1 0.33125 0.5640625 0.06640625 0.06484375
1 0.4015625 0.60703125 0.05625 0.0953125
1 0.1234375 0.61171875 0.075 0.07578125
1 0.30703125 0.65859375 0.0578125 0.1125
1 0.2078125 0.58359375 0.0546875 0.05390625
9 0.21171875 0.95546875 0.0796875 0.0890625
9 0.1375 0.825 0.09765625 0.05625
0 0.41015625 0.87890625 0.0390625 0.0703125
9 0.83671875 0.8765625 0.09609375 0.13359375
9 0.66328125 0.93359375 0.0734375 0.12421875