10 0.07421875 0.54609375 0.12265625 0.18984375
10 0.4359375 0.459375 0.14375 0.1859375
9 0.3359375 0.5046875 0.0703125 0.1375
4 0.16875 0.22265625 0.1734375 0.19375
1 0.96328125 0.24453125 0.05390625 0.02734375
1 0.87578125 0.16484375 0.03984375 0.0671875
1 0.7953125 0.2015625 0.04453125 0.0625
1 0.696875 0.21015625 0.04921875 0.0515625
1 0.66171875 0.14375 0.0625 0.0609375
1 0.7578125 0.13046875 0.040625 0.04453125
1 0.8171875 0.0375 0.1375 0.075
1 0.98203125 0.0671875 0.0359375 0.078125
0 0.884375 0.23984375 0.0421875 0.03671875
1 0.090625 0.81953125 0.053125 0.0390625
1 0.17734375 0.93984375 0.0375 0.078125
1 0.2671875 0.909375 0.04296875 0.071875
1 0.37421875 0.91484375 0.04921875 0.05625
1 0.40546875 0.98515625 0.0640625 0.0296875
1 0.30078125 0.9890625 0.0421875 0.021875
0 0.17578125 0.83203125 0.0390625 0.0640625
1 0.7671875 0.821875 0.040625 0.04375