11 0.0890625 0.3 0.16796875 0.20546875
4 0.23671875 0.1546875 0.05625 0.10078125
4 0.2578125 0.24140625 0.034375 0.10390625
1 0.4109375 0.5390625 0.01796875 0.053125
1 0.425 0.52890625 0.01484375 0.04375
1 0.29609375 0.43515625 0.02109375 0.04609375
9 0.37265625 0.3515625 0.02734375 0.06484375
11 0.55859375 0.4921875 0.0984375 0.1375
11 0.85078125 0.25390625 0.0609375 0.0890625
11 0.96953125 0.5515625 0.0609375 0.0546875
0 0.9015625 0.13828125 0.115625 0.0890625
7 0.77578125 0.40078125 0.03359375 0.078125
7 0.70859375 0.49453125 0.04140625 0.0640625
9 0.14296875 0.65625 0.1453125 0.134375