9 0.36015625 0.07265625 0.1453125 0.1453125
1 0.715625 0.32265625 0.49375 0.3734375
1 0.98671875 0.42578125 0.0265625 0.0828125
1 0.35078125 0.5390625 0.1453125 0.059375
0 0.10078125 0.89375 0.11640625 0.1046875
0 0.09296875 0.809375 0.13125 0.08125
0 0.10625 0.978125 0.103125 0.04375
7 0.43203125 0.90625 0.0734375 0.1875
7 0.22421875 0.9265625 0.1203125 0.146875
3 0.91171875 0.58359375 0.1765625 0.1484375
3 0.79453125 0.540625 0.0484375 0.0625
0 0.8984375 0.8765625 0.184375 0.09765625
0 0.88515625 0.9625 0.2296875 0.06875
0 0.91328125 0.765625 0.153125 0.0921875
0 0.67421875 0.9515625 0.1203125 0.096875
0 0.5234375 0.8109375 0.109375 0.140625