9 0.0765625 0.3625 0.1453125 0.2625
1 0.70859375 0.05546875 0.0796875 0.0890625
1 0.9421875 0.02109375 0.109375 0.0421875
7 0.96796875 0.28359375 0.0640625 0.1453125
7 0.83984375 0.44296875 0.2375 0.19765625
7 0.834375 0.2515625 0.1015625 0.08125
11 0.73828125 0.69375 0.10859375 0.07890625
11 0.965625 0.67265625 0.05390625 0.084375
10 0.9921875 0.73359375 0.015625 0.0578125
9 0.91015625 0.8953125 0.03515625 0.053125
11 0.90859375 0.66875 0.0484375 0.06328125
9 0.94921875 0.85 0.0578125 0.0953125
9 0.8890625 0.72890625 0.04609375 0.06640625
9 0.9875 0.68828125 0.025 0.0578125
9 0.82578125 0.86171875 0.0578125 0.07578125
9 0.903125 0.9734375 0.046875 0.053125
9 0.80625 0.98515625 0.03125 0.0296875