1 0.18203125 0.21484375 0.04765625 0.0671875
1 0.20078125 0.47265625 0.0421875 0.0734375
4 0.33125 0.3796875 0.05390625 0.09375
4 0.3 0.33125 0.0546875 0.10234375
10 0.25859375 0.40703125 0.046875 0.06328125
10 0.2640625 0.48203125 0.053125 0.0546875
10 0.15625 0.89609375 0.1171875 0.1609375
1 0.53515625 0.51953125 0.0578125 0.0203125
9 0.61796875 0.81015625 0.08125 0.096875
9 0.64765625 0.75625 0.08359375 0.03203125
9 0.47734375 0.98984375 0.0578125 0.0203125
9 0.74296875 0.946875 0.0796875 0.10625
10 0.38984375 0.9 0.0421875 0.096875
10 0.44375 0.94609375 0.05625 0.06875