4 0.2625 0.12734375 0.09765625 0.12734375
9 0.046875 0.3359375 0.09375 0.046875
9 0.209375 0.28203125 0.04921875 0.06875
0 0.0734375 0.05 0.11875 0.1
4 0.740625 0.1109375 0.0984375 0.1140625
4 0.15546875 0.7203125 0.14609375 0.28359375
1 0.8375 0.5125 0.1 0.1109375
1 0.79375 0.6109375 0.1 0.06171875
1 0.66328125 0.7109375 0.07421875 0.09765625
1 0.7265625 0.5453125 0.09453125 0.0921875
10 0.55859375 0.64765625 0.0625 0.08203125
8 0.96640625 0.57734375 0.0671875 0.0796875
1 0.69453125 0.9515625 0.1015625 0.096875