9 0.23359375 0.06796875 0.1453125 0.1359375
11 0.94765625 0.325 0.1046875 0.11875
11 0.81484375 0.37734375 0.1453125 0.0640625
11 0.72578125 0.1421875 0.12421875 0.1390625
11 0.8796875 0.053125 0.05 0.10625
10 0.496875 0.13125 0.09296875 0.08046875
0 0.9703125 0.04609375 0.059375 0.0921875
0 0.6984375 0.3359375 0.06015625 0.0453125
0 0.55390625 0.2359375 0.15625 0.08046875
1 0.925 0.4453125 0.0375 0.071875
10 0.646875 0.8 0.046875 0.08359375
10 0.4953125 0.89296875 0.034375 0.07421875
10 0.72109375 0.65859375 0.03203125 0.05390625
10 0.7203125 0.70234375 0.03125 0.05078125
10 0.46328125 0.82265625 0.0328125 0.0703125
11 0.44765625 0.884375 0.0359375 0.146875
11 0.55234375 0.796875 0.0515625 0.115625
0 0.59921875 0.9609375 0.0484375 0.078125
0 0.609375 0.79453125 0.04375 0.0796875
0 0.7640625 0.584375 0.05859375 0.06328125
0 0.68828125 0.91015625 0.04609375 0.0671875
0 0.690625 0.56796875 0.03671875 0.03046875
0 0.52734375 0.671875 0.02734375 0.05625
0 0.52421875 0.88984375 0.034375 0.07265625