0 0.4390625 0.034375 0.05 0.06875
0 0.6390625 0.07890625 0.040625 0.0359375
9 0.6125 0.0390625 0.0328125 0.0484375
9 0.21953125 0.575 0.0375 0.09375
9 0.16953125 0.37109375 0.0390625 0.08984375
9 0.14296875 0.259375 0.0234375 0.1203125
9 0.14765625 0.51328125 0.0203125 0.10625
9 0.3 0.40625 0.03125 0.10390625
11 0.26875 0.50625 0.0390625 0.2234375
11 0.34140625 0.490625 0.02734375 0.1171875
1 0.64375 0.5 0.03125 0.071875
0 0.609375 0.18984375 0.1 0.1859375
10 0.78515625 0.25703125 0.0984375 0.16953125
10 0.94921875 0.40234375 0.090625 0.1203125
10 0.96953125 0.59140625 0.0609375 0.1171875
10 0.77109375 0.525 0.06875 0.12578125
1 0.475 0.76796875 0.05703125 0.05859375
1 0.51015625 0.81328125 0.03984375 0.090625
1 0.40703125 0.765625 0.04375 0.06484375
1 0.321875 0.74765625 0.04609375 0.05859375
1 0.24296875 0.82421875 0.02890625 0.053125
1 0.35703125 0.8515625 0.02890625 0.08515625
0 0.29765625 0.8609375 0.04609375 0.10234375
0 0.41640625 0.9015625 0.0640625 0.05546875