9 0.46953125 0.15703125 0.11796875 0.121875
0 0.35234375 0.30078125 0.0453125 0.0453125
0 0.35234375 0.03984375 0.0453125 0.0734375
0 0.36015625 0.1078125 0.046875 0.0375
0 0.3734375 0.409375 0.065625 0.01875
1 0.546875 0.0453125 0.03828125 0.05859375
1 0.5140625 0.06171875 0.02890625 0.040625
1 0.534375 0.24609375 0.03203125 0.07265625
9 0.37890625 0.3484375 0.0609375 0.078125
9 0.3359375 0.2578125 0.0125 0.071875
9 0.51953125 0.30546875 0.03203125 0.03515625
9 0.4546875 0.290625 0.04375 0.0515625
9 0.42265625 0.26171875 0.02890625 0.03359375
9 0.48671875 0.4015625 0.0359375 0.034375
1 0.7234375 0.0203125 0.075 0.040625
1 0.79375 0.07421875 0.05234375 0.09375
1 0.96328125 0.17421875 0.0734375 0.1484375
1 0.89765625 0.22734375 0.1328125 0.078125
1 0.6859375 0.12734375 0.0671875 0.0671875
1 0.59609375 0.109375 0.05234375 0.07265625
1 0.6609375 0.409375 0.08125 0.01875
9 0.74453125 0.353125 0.0859375 0.1046875
11 0.26015625 0.4515625 0.0375 0.065625
10 0.22890625 0.73359375 0.0484375 0.0609375
10 0.15703125 0.86015625 0.04453125 0.05546875
10 0.2984375 0.88359375 0.01953125 0.04375
10 0.05390625 0.6734375 0.04375 0.05859375
10 0.2203125 0.90703125 0.03203125 0.03359375
11 0.15703125 0.96640625 0.0484375 0.0484375
11 0.21953125 0.99375 0.0609375 0.0125
1 0.109375 0.721875 0.03671875 0.03984375
1 0.2234375 0.86640625 0.04765625 0.065625
1 0.31171875 0.98984375 0.0359375 0.0203125
1 0.98125 0.465625 0.0375 0.09375
1 0.41328125 0.9125 0.07890625 0.07109375
0 0.55234375 0.84765625 0.103125 0.11015625
0 0.65390625 0.6796875 0.1203125 0.1328125
0 0.878125 0.80703125 0.04453125 0.1
0 0.73359375 0.59453125 0.07890625 0.08828125
0 0.759375 0.7515625 0.0875 0.11015625
0 0.6125 0.796875 0.0859375 0.08984375
0 0.48203125 0.9796875 0.0953125 0.040625
0 0.46796875 0.925 0.0671875 0.0609375