10 0.6078125 0.30859375 0.1046875 0.07890625
10 0.75234375 0.10703125 0.08359375 0.13125
1 0.534375 0.54765625 0.071875 0.0234375
9 0.4234375 0.228125 0.0875 0.1125
9 0.62578125 0.18984375 0.08984375 0.08125
6 0.41015625 0.81875 0.0609375 0.05
1 0.8578125 0.76875 0.0984375 0.14765625
1 0.875 0.91953125 0.1125 0.1609375
1 0.7953125 0.92734375 0.1 0.1453125
1 0.6625 0.87890625 0.11640625 0.178125
1 0.76015625 0.81015625 0.140625 0.190625
1 0.6640625 0.7203125 0.1515625 0.1921875
1 0.7140625 0.953125 0.125 0.09375
1 0.58515625 0.90234375 0.09453125 0.14765625
1 0.94140625 0.696875 0.1171875 0.178125
1 0.95546875 0.86640625 0.0890625 0.1515625
1 0.93828125 0.971875 0.1234375 0.05625
1 0.61796875 0.9734375 0.1046875 0.053125