1 0.6046875 0.3359375 0.009375 0.05
1 0.709375 0.3625 0.0265625 0.02734375
1 0.6234375 0.36328125 0.01328125 0.040625
1 0.75703125 0.4515625 0.0359375 0.05625
11 0.0234375 0.53984375 0.03515625 0.09765625
1 0.3953125 0.57890625 0.05078125 0.0265625
0 0.51328125 0.5859375 0.0609375 0.046875
0 0.2859375 0.61484375 0.11484375 0.04296875
0 0.5703125 0.6 0.05078125 0.03828125
0 0.4203125 0.52265625 0.0609375 0.03515625
0 0.43203125 0.56328125 0.0421875 0.025
9 0.2953125 0.4984375 0.075 0.0375
11 0.08359375 0.82265625 0.0578125 0.05
10 0.1140625 0.9625 0.028125 0.075
10 0.5390625 0.8765625 0.08828125 0.1546875
6 0.25234375 0.9078125 0.0546875 0.084375