10 0.73046875 0.21796875 0.07265625 0.021875
10 0.83515625 0.11328125 0.07421875 0.0734375
11 0.428125 0.24609375 0.05625 0.0359375
10 0.4234375 0.45 0.046875 0.071875
9 0.4578125 0.36171875 0.0859375 0.0734375
9 0.91640625 0.25078125 0.134375 0.04375
1 0.8484375 0.53046875 0.03203125 0.0328125
1 0.90703125 0.50078125 0.0421875 0.0359375
1 0.89921875 0.4140625 0.046875 0.05
1 0.88203125 0.37890625 0.06484375 0.0390625
1 0.8109375 0.34453125 0.07734375 0.0453125
9 0.9890625 0.253125 0.021875 0.05
9 0.66484375 0.2640625 0.0578125 0.0703125
4 0.3515625 0.7015625 0.096875 0.20625
4 0.09296875 0.8703125 0.11328125 0.12109375
9 0.27734375 0.940625 0.1390625 0.11875
9 0.6328125 0.81640625 0.02578125 0.08203125
0 0.509375 0.7 0.09296875 0.078125
0 0.58671875 0.7390625 0.08203125 0.07578125
9 0.93828125 0.62265625 0.07734375 0.0921875
9 0.83984375 0.79375 0.065625 0.0984375
9 0.78046875 0.8546875 0.0421875 0.0703125
1 0.76015625 0.671875 0.053125 0.0640625
10 0.5140625 0.9859375 0.06875 0.028125
5 0.86953125 0.98359375 0.0546875 0.02421875