4 0.31171875 0.35 0.1609375 0.2375
7 0.63125 0.12421875 0.109375 0.103125
7 0.60703125 0.0421875 0.2953125 0.084375
1 0.584375 0.4015625 0.09921875 0.09921875
1 0.52421875 0.45 0.1140625 0.0375
1 0.4859375 0.42578125 0.053125 0.0859375
1 0.5125 0.3515625 0.10625 0.128125
1 0.50234375 0.26328125 0.0859375 0.0859375
1 0.68046875 0.41953125 0.1234375 0.0984375
5 0.91875 0.33671875 0.0453125 0.0453125
5 0.05625 0.71953125 0.1125 0.1390625
5 0.08203125 0.61875 0.1390625 0.11328125
9 0.278125 0.73046875 0.0765625 0.25859375
0 0.965625 0.5765625 0.06875 0.128125
9 0.7265625 0.8609375 0.03203125 0.04140625
9 0.8640625 0.98984375 0.040625 0.0203125
10 0.84609375 0.79609375 0.03125 0.0359375
9 0.9546875 0.934375 0.04453125 0.04375
9 0.91953125 0.859375 0.0390625 0.053125