7 0.3546875 0.05 0.15625 0.1
7 0.4453125 0.2078125 0.146875 0.175
7 0.21875 0.44921875 0.06640625 0.065625
1 0.13359375 0.54453125 0.0796875 0.1109375
9 0.2609375 0.5890625 0.1078125 0.1390625
11 0.34609375 0.57578125 0.0609375 0.10078125
1 0.50859375 0.696875 0.0203125 0.0625
0 0.01640625 0.834375 0.0328125 0.1375
0 0.0875 0.79453125 0.12578125 0.13046875
4 0.77265625 0.78203125 0.03515625 0.17734375
4 0.6578125 0.8421875 0.1484375 0.05546875
9 0.97734375 0.61796875 0.0453125 0.0921875
1 0.96484375 0.75390625 0.053125 0.08671875
0 0.92265625 0.83515625 0.04765625 0.0703125
0 0.98984375 0.721875 0.0203125 0.05625
0 0.99453125 0.86171875 0.0109375 0.0171875
0 0.80234375 0.8296875 0.02421875 0.08046875
0 0.8421875 0.71953125 0.05 0.06171875
0 0.93046875 0.71328125 0.0359375 0.071875
8 0.72265625 0.9609375 0.1296875 0.078125