7 0.1625 0.2 0.18125 0.07890625
7 0.2265625 0.10703125 0.20859375 0.0984375
7 0.32734375 0.21171875 0.1046875 0.0953125
7 0.31328125 0.02578125 0.1328125 0.0515625
1 0.090625 0.5859375 0.06875 0.065625
1 0.18046875 0.5640625 0.0625 0.0703125
1 0.328125 0.53984375 0.10234375 0.04765625
1 0.2953125 0.46953125 0.06875 0.0265625
1 0.16875 0.43828125 0.0640625 0.0859375
1 0.1015625 0.36015625 0.07265625 0.03125
5 0.871875 0.03203125 0.059375 0.0640625
5 0.77421875 0.01953125 0.0609375 0.0390625
6 0.42421875 0.4671875 0.0890625 0.1125
5 0.90390625 0.52578125 0.0953125 0.15390625
5 0.9640625 0.42890625 0.071875 0.1578125
5 0.9546875 0.55078125 0.090625 0.1359375
7 0.165625 0.72421875 0.11015625 0.16171875
7 0.63125 0.70390625 0.109375 0.103125
1 0.58359375 0.965625 0.0984375 0.06875
1 0.46171875 0.98125 0.1015625 0.0375
1 0.415625 0.8953125 0.071875 0.11875
1 0.49609375 0.93203125 0.14140625 0.128125
1 0.4703125 0.84375 0.1515625 0.0859375
1 0.40859375 0.9640625 0.0578125 0.071875
1 0.68046875 0.975 0.1234375 0.05
5 0.91875 0.91640625 0.0453125 0.0453125