7 0.4 0.2515625 0.159375 0.1625
0 0.8671875 0.059375 0.04921875 0.05859375
10 0.88125 0.4265625 0.053125 0.03125
4 0.8703125 0.4859375 0.08125 0.053125
0 0.8234375 0.41875 0.1140625 0.07734375
1 0.72421875 0.453125 0.06953125 0.034375
1 0.7671875 0.50703125 0.0625 0.034375
1 0.89296875 0.60703125 0.0359375 0.0234375
1 0.9109375 0.5671875 0.04140625 0.02109375
1 0.93125 0.58984375 0.028125 0.021875
1 0.75703125 0.4875 0.04453125 0.025
9 0.83125 0.303125 0.05703125 0.0328125
9 0.709375 0.35390625 0.07109375 0.040625
9 0.65 0.4234375 0.0265625 0.05078125
1 0.69375 0.40234375 0.0609375 0.0390625
8 0.30625 0.6375 0.034375 0.0375
1 0.2265625 0.6453125 0.075 0.053125
1 0.04140625 0.64140625 0.0765625 0.0453125
0 0.44921875 0.6390625 0.0609375 0.040625
9 0.37734375 0.68359375 0.078125 0.0640625
9 0.45625 0.6875 0.046875 0.053125
9 0.00859375 0.734375 0.0171875 0.0375
9 0.0140625 0.78828125 0.028125 0.0546875
1 0.0375 0.98984375 0.0375 0.0203125
1 0.01796875 0.890625 0.0359375 0.071875
1 0.1859375 0.9734375 0.0375 0.053125
1 0.18671875 0.9109375 0.04375 0.0640625
1 0.12734375 0.8625 0.0390625 0.0828125
11 0.43828125 0.8734375 0.0828125 0.215625
11 0.36796875 0.7609375 0.06640625 0.09140625
10 0.353125 0.9671875 0.059375 0.065625
4 0.3375 0.81484375 0.02578125 0.1890625