7 0.16484375 0.08828125 0.3296875 0.1765625
7 0.11796875 0.29453125 0.2359375 0.1109375
1 0.84921875 0.271875 0.1078125 0.15625
2 0.28828125 0.60625 0.0828125 0.190625
2 0.16171875 0.47265625 0.1765625 0.2453125
2 0.30703125 0.49609375 0.00546875 0.00703125
2 0.284375 0.42734375 0.090625 0.1546875
2 0.13984375 0.68984375 0.17421875 0.19375
10 0.0140625 0.40234375 0.028125 0.0859375
5 0.4640625 0.528125 0.26875 0.253125
5 0.4859375 0.40625 0.3125 0.1125
10 0.75 0.634375 0.0484375 0.04375
10 0.809375 0.38359375 0.0421875 0.0578125
1 0.72421875 0.57734375 0.01640625 0.05390625
1 0.9375 0.596875 0.03515625 0.04765625
1 0.8359375 0.609375 0.0390625 0.078125
1 0.79453125 0.54453125 0.0546875 0.09765625
1 0.9921875 0.5921875 0.015625 0.0625
1 0.97421875 0.64140625 0.02109375 0.0296875
1 0.98203125 0.41328125 0.0359375 0.0578125
9 0.88125 0.53125 0.0484375 0.05390625
9 0.8890625 0.459375 0.0546875 0.05625
9 0.75234375 0.50234375 0.02265625 0.06015625
9 0.80703125 0.44921875 0.0359375 0.05
9 0.765625 0.4421875 0.04140625 0.071875
9 0.721875 0.40859375 0.0125 0.05625
9 0.7421875 0.3765625 0.0375 0.05
9 0.83671875 0.36484375 0.0546875 0.0296875
12 0.4140625 0.946875 0.14375 0.10625
1 0.60234375 0.98515625 0.0453125 0.0296875
1 0.6390625 0.72890625 0.0515625 0.08828125
10 0.9859375 0.96484375 0.028125 0.0703125