7 0.259375 0.16484375 0.128125 0.14921875
7 0.41328125 0.34140625 0.1109375 0.1484375
9 0.94453125 0.09140625 0.09921875 0.10859375
1 0.7 0.4 0.05234375 0.08984375
1 0.61484375 0.471875 0.0578125 0.084375
1 0.52890625 0.440625 0.05078125 0.07578125
1 0.5265625 0.36484375 0.05 0.0703125
1 0.67890625 0.5359375 0.0546875 0.046875
1 0.4765625 0.38671875 0.015625 0.0671875
1 0.5640625 0.46796875 0.05 0.0640625
1 0.51328125 0.50625 0.046875 0.0546875
1 0.4890625 0.47734375 0.040625 0.0828125
1 0.49140625 0.5125 0.00390625 0.003125
9 0.8453125 0.48515625 0.09296875 0.12734375
9 0.98515625 0.490625 0.0296875 0.0875
9 0.80390625 0.30234375 0.0640625 0.1015625
0 0.94765625 0.203125 0.1046875 0.115625
5 0.30390625 0.80546875 0.32890625 0.34765625