7 0.2890625 0.540625 0.05546875 0.090625
7 0.3328125 0.48828125 0.05234375 0.09296875
7 0.1984375 0.48125 0.03671875 0.10234375
7 0.61328125 0.3671875 0.05078125 0.04609375
7 0.6140625 0.42890625 0.0375 0.05390625
7 0.57109375 0.45859375 0.03984375 0.05546875
7 0.6234375 0.48984375 0.05078125 0.0609375
7 0.6703125 0.4125 0.0640625 0.109375
7 0.66875 0.521875 0.04453125 0.07734375
7 0.77734375 0.64296875 0.0390625 0.09375
7 0.66640625 0.64296875 0.0328125 0.0546875
7 0.590625 0.6265625 0.08984375 0.1078125
7 0.52109375 0.5296875 0.06484375 0.0546875
7 0.42734375 0.54921875 0.07109375 0.08515625
7 0.37578125 0.64609375 0.03203125 0.04296875
7 0.2859375 0.65546875 0.05390625 0.04765625
7 0.146875 0.57578125 0.04140625 0.05546875
7 0.70078125 0.6890625 0.0515625 0.059375
7 0.3296875 0.72421875 0.08125 0.0609375
7 0.17734375 0.7796875 0.04375 0.04296875