7 0.08984375 0.05390625 0.1796875 0.1078125
7 0.03984375 0.16015625 0.0796875 0.1328125
7 0.2375 0.2375 0.31640625 0.109375
7 0.07890625 0.36171875 0.1578125 0.1140625
7 0.0296875 0.28125 0.059375 0.11875
7 0.3125 0.09375 0.19453125 0.08046875
5 0.84921875 0.2203125 0.3015625 0.396875
5 0.64375 0.15234375 0.228125 0.3046875
5 0.1078125 0.4796875 0.215625 0.121875
10 0.3671875 0.5203125 0.0484375 0.04375
1 0.34140625 0.46328125 0.01640625 0.05390625
1 0.453125 0.4953125 0.0390625 0.078125
1 0.41171875 0.4484375 0.0546875 0.059375
9 0.49765625 0.43125 0.0484375 0.025
12 0.0515625 0.884375 0.103125 0.209375
1 0.2203125 0.8953125 0.0453125 0.078125
1 0.25625 0.61484375 0.0515625 0.08828125
1 0.18203125 0.96640625 0.0390625 0.0671875