1 0.0140625 0.2734375 0.028125 0.115625
1 0.053125 0.23671875 0.06015625 0.08359375
1 0.14140625 0.24140625 0.07109375 0.07421875
1 0.1515625 0.15390625 0.0640625 0.07421875
1 0.05546875 0.12109375 0.05625 0.07421875
1 0.05625 0.0234375 0.08125 0.046875
10 0.49921875 0.04140625 0.0203125 0.0828125
10 0.4296875 0.0625 0.05859375 0.0890625
1 0.41171875 0.21171875 0.05078125 0.0953125
1 0.3765625 0.11015625 0.0546875 0.115625
1 0.4515625 0.16484375 0.034375 0.06953125
1 0.4453125 0.2859375 0.0328125 0.08046875
1 0.48984375 0.08984375 0.0390625 0.1046875
8 0.73984375 0.21484375 0.4609375 0.3640625
10 0.23515625 0.57265625 0.15703125 0.0953125
9 0.46796875 0.571875 0.0828125 0.090625
9 0.36796875 0.70546875 0.146875 0.0640625
9 0.034375 0.690625 0.06875 0.078125
1 0.52578125 0.584375 0.0328125 0.0625
10 0.990625 0.70546875 0.01875 0.0703125
10 0.96171875 0.5234375 0.0671875 0.0734375
9 0.97734375 0.91796875 0.0453125 0.1640625