7 0.08203125 0.30078125 0.15 0.2078125
7 0.01171875 0.3828125 0.0234375 0.0875
7 0.00703125 0.1484375 0.0140625 0.09375
7 0.0140625 0.31875 0.028125 0.06875
6 0.415625 0.2015625 0.0703125 0.1921875
1 0.215625 0.6265625 0.0328125 0.08046875
1 0.146875 0.62578125 0.06875 0.08046875
1 0.02734375 0.71015625 0.0546875 0.0578125
1 0.03203125 0.5875 0.053125 0.021875
0 0.0640625 0.653125 0.0609375 0.09140625
5 0.828125 0.228125 0.1390625 0.13984375
5 0.86640625 0.1265625 0.1390625 0.11328125
5 0.70078125 0.125 0.12265625 0.078125
5 0.55703125 0.26328125 0.1359375 0.1171875
5 0.69375 0.228125 0.125 0.11015625
0 0.5359375 0.57734375 0.08125 0.11171875
0 0.79609375 0.68125 0.03515625 0.0703125
9 0.61953125 0.71640625 0.0890625 0.0453125
9 0.721875 0.715625 0.08125 0.046875
11 0.109375 0.815625 0.03125 0.06640625
6 0.15078125 0.76640625 0.0234375 0.0546875
9 0.45390625 0.97890625 0.0578125 0.0421875
9 0.26328125 0.84296875 0.0328125 0.06875
1 0.396875 0.87890625 0.0328125 0.06171875
1 0.2203125 0.890625 0.02890625 0.05234375
11 0.7046875 0.83046875 0.0859375 0.1140625
4 0.59921875 0.9421875 0.0546875 0.115625