7 0.059375 0.04140625 0.11875 0.0828125
7 0.053125 0.38359375 0.10625 0.0796875
7 0.09140625 0.29140625 0.1828125 0.0984375
7 0.18671875 0.396875 0.11484375 0.09609375
7 0.321875 0.26875 0.1453125 0.0734375
7 0.1765625 0.18359375 0.1515625 0.1046875
0 0.51953125 0.0234375 0.0921875 0.046875
0 0.4484375 0.1875 0.10625 0.19765625
0 0.56640625 0.21875 0.11015625 0.14375
1 0.28125 0.56171875 0.096875 0.0359375
1 0.68203125 0.56171875 0.0140625 0.0359375
1 0.5046875 0.54453125 0.04375 0.03125
1 0.97109375 0.8359375 0.0578125 0.109375
0 0.74296875 0.65546875 0.1078125 0.1515625
0 0.875 0.9453125 0.08125 0.109375