7 0.3140625 0.2796875 0.490625 0.340625
1 0.82109375 0.06796875 0.3109375 0.1359375
1 0.58671875 0.040625 0.0546875 0.08125
8 0.28046875 0.48203125 0.0421875 0.0640625
8 0.28828125 0.85703125 0.15 0.1109375
8 0.31953125 0.69140625 0.04765625 0.1484375
11 0.67734375 0.52734375 0.08828125 0.1140625
11 0.58515625 0.4953125 0.0515625 0.078125
10 0.934375 0.7828125 0.0515625 0.03125
0 0.7703125 0.76328125 0.075 0.0703125
9 0.8375 0.8515625 0.0546875 0.08828125
9 0.71484375 0.90234375 0.059375 0.0734375
9 0.6046875 0.9828125 0.06875 0.034375
1 0.5875 0.8203125 0.0421875 0.04375
1 0.57734375 0.92890625 0.0359375 0.0546875
1 0.671875 0.81015625 0.0421875 0.02421875
9 0.98984375 0.9609375 0.0203125 0.078125