7 0.35703125 0.10078125 0.3859375 0.2015625
7 0.165625 0.05 0.065625 0.1
7 0.06328125 0.03828125 0.1265625 0.0765625
7 0.128125 0.25 0.22265625 0.11875
4 0.4859375 0.196875 0.109375 0.1203125
10 0.6953125 0.078125 0.0359375 0.0390625
1 0.79296875 0.20078125 0.10234375 0.08125
1 0.7375 0.15859375 0.06171875 0.04765625
1 0.57734375 0.13515625 0.03046875 0.03359375
1 0.64375 0.1609375 0.0359375 0.03359375
1 0.565625 0.19765625 0.03125 0.0375
1 0.7453125 0.203125 0.0546875 0.059375
1 0.88203125 0.18828125 0.02734375 0.040625
4 0.728125 0.00859375 0.0796875 0.0171875
4 0.56484375 0.075 0.03046875 0.075
11 0.7671875 0.10234375 0.06015625 0.05234375
9 0.3859375 0.5234375 0.16796875 0.1734375
4 0.34453125 0.7359375 0.090625 0.11015625
4 0.46875 0.56484375 0.07109375 0.1
4 0.47421875 0.90625 0.1515625 0.1875
1 0.4421875 0.31796875 0.08359375 0.0171875
1 0.19375 0.90859375 0.06015625 0.071875
0 0.5171875 0.365625 0.065625 0.1125
0 0.38984375 0.3796875 0.08046875 0.08828125
1 0.24453125 0.8171875 0.08203125 0.08515625
9 0.909375 0.3671875 0.11328125 0.1109375
9 0.684375 0.88984375 0.08203125 0.08359375
9 0.67265625 0.82265625 0.09296875 0.08125
9 0.85390625 0.76953125 0.08046875 0.08515625