1 0.665625 0.23203125 0.03671875 0.08125
0 0.7140625 0.190625 0.03828125 0.06328125
1 0.90546875 0.04140625 0.07421875 0.0515625
9 0.78984375 0.0328125 0.0515625 0.065625
8 0.975 0.12421875 0.05 0.1140625
8 0.8484375 0.296875 0.0625 0.04375
8 0.7890625 0.290625 0.05 0.05625
8 0.84609375 0.184375 0.05078125 0.0671875
8 0.91484375 0.2296875 0.05859375 0.08203125
6 0.43515625 0.7046875 0.09765625 0.1546875
9 0.88203125 0.634375 0.078125 0.0703125
10 0.9671875 0.74921875 0.0578125 0.07265625
10 0.96875 0.4328125 0.0625 0.084375
1 0.83515625 0.3359375 0.1421875 0.034375
1 0.7875 0.56015625 0.06171875 0.06640625