1 0.2859375 0.046875 0.10625 0.09375
1 0.9171875 0.28203125 0.04140625 0.04453125
1 0.86328125 0.28125 0.03984375 0.046875
1 0.78984375 0.28671875 0.04140625 0.04296875
1 0.725 0.22890625 0.0265625 0.0390625
1 0.825 0.21796875 0.028125 0.0609375
9 0.88046875 0.05703125 0.0609375 0.05703125
0 0.7390625 0.06015625 0.071875 0.07109375
0 0.77421875 0.2078125 0.04375 0.0734375
0 0.878125 0.1859375 0.05703125 0.04296875
1 0.57265625 0.42578125 0.1109375 0.0890625
0 0.434375 0.928125 0.10234375 0.1390625
7 0.625 0.8921875 0.1171875 0.1609375
11 0.78203125 0.48046875 0.09296875 0.0875
11 0.9546875 0.55625 0.090625 0.10625