12 0.01171875 0.2046875 0.0234375 0.1
4 0.30703125 0.42578125 0.1234375 0.17890625
1 0.39296875 0.2515625 0.125 0.1421875
10 0.384375 0.36875 0.0546875 0.078125
0 0.51171875 0.425 0.0546875 0.1
8 0.16015625 0.60234375 0.1734375 0.1453125
8 0.3421875 0.66171875 0.09921875 0.12421875
8 0.1671875 0.86328125 0.07578125 0.18203125
8 0.065625 0.7703125 0.0921875 0.16875
8 0.3546875 0.96171875 0.071875 0.0765625
8 0.2484375 0.96796875 0.075 0.0640625
8 0.43359375 0.6890625 0.078125 0.1296875
8 0.51015625 0.60234375 0.0578125 0.1453125
8 0.04609375 0.95390625 0.0921875 0.0921875
8 0.3671875 0.5703125 0.071875 0.08125
8 0.30234375 0.57109375 0.0515625 0.0828125
8 0.45234375 0.91171875 0.0796875 0.10625
8 0.13515625 0.6546875 0.09140625 0.14375