8 0.0546875 0.26015625 0.10546875 0.27109375
8 0.23828125 0.1125 0.2421875 0.225
8 0.271875 0.32421875 0.14765625 0.20859375
8 0.45078125 0.2109375 0.1328125 0.21875
8 0.52734375 0.3875 0.0640625 0.096875
0 0.92890625 0.21328125 0.0453125 0.1015625
3 0.91953125 0.35078125 0.06875 0.1015625
9 0.9265625 0.0421875 0.09375 0.084375
10 0.99296875 0.77890625 0.0140625 0.0546875
10 0.79921875 0.5203125 0.0546875 0.0625
10 0.63671875 0.975 0.065625 0.04765625
11 0.9 0.9828125 0.075 0.034375
9 0.80703125 0.984375 0.0890625 0.03125