8 0.11328125 0.09609375 0.2078125 0.1921875
9 0.425 0.3859375 0.009375 0.0375
1 0.33359375 0.1375 0.04296875 0.0265625
1 0.38359375 0.1359375 0.04453125 0.04453125
6 0.03671875 0.52578125 0.0734375 0.1046875
6 0.1390625 0.675 0.071875 0.06875
6 0.0515625 0.68515625 0.046875 0.0484375
6 0.13515625 0.5796875 0.084375 0.12421875
6 0.24140625 0.56640625 0.05546875 0.121875
1 0.3234375 0.49375 0.04296875 0.0609375
5 0.54375 0.18125 0.1078125 0.23359375
5 0.9671875 0.1578125 0.065625 0.090625
5 0.9296875 0.22890625 0.0734375 0.08125
5 0.890625 0.1125 0.0546875 0.0734375
8 0.490625 0.678125 0.121875 0.0625
1 0.9421875 0.4625 0.08125 0.08515625