5 0.14609375 0.0875 0.1109375 0.15234375
10 0.484375 0.07109375 0.05 0.04921875
1 0.54453125 0.0140625 0.0609375 0.028125
1 0.540625 0.12109375 0.03828125 0.0375
9 0.41953125 0.05859375 0.046875 0.03671875
1 0.62578125 0.32890625 0.034375 0.06875
1 0.0390625 0.8828125 0.078125 0.10625
1 0.6796875 0.5671875 0.0265625 0.03515625
1 0.6875 0.8609375 0.0765625 0.0890625
1 0.609375 0.84609375 0.0578125 0.07578125
1 0.60859375 0.915625 0.0578125 0.071875
11 0.6390625 0.70546875 0.05625 0.07890625
0 0.74296875 0.959375 0.0703125 0.08125
0 0.6265625 0.96171875 0.09375 0.0765625
0 0.5875 0.80234375 0.015625 0.0921875