8 0.08125 0.56484375 0.1625 0.1890625
8 0.46015625 0.52109375 0.11953125 0.115625
8 0.2765625 0.41328125 0.15625 0.115625
12 0.3 0.3171875 0.08046875 0.11328125
12 0.01484375 0.35703125 0.0296875 0.1078125
12 0.15234375 0.3765625 0.13828125 0.115625
8 0.8078125 0.38046875 0.384375 0.3640625
10 0.053125 0.94921875 0.053125 0.1015625
3 0.25390625 0.94921875 0.0796875 0.1015625
0 0.24765625 0.73671875 0.04375 0.09609375
10 0.68359375 0.859375 0.0734375 0.08515625
1 0.8515625 0.9421875 0.06171875 0.084375
9 0.54921875 0.95625 0.0203125 0.0875