8 0.06171875 0.02265625 0.0484375 0.0453125
8 0.01015625 0.05078125 0.0203125 0.1015625
10 0.0203125 0.171875 0.03671875 0.05625
1 0.040625 0.3875 0.05 0.0625
1 0.20703125 0.15078125 0.0765625 0.0765625
0 0.42109375 0.21640625 0.0765625 0.0921875
0 0.43515625 0.32109375 0.0484375 0.0953125
0 0.30390625 0.1265625 0.078125 0.04921875
0 0.2265625 0.27890625 0.08984375 0.08359375
0 0.23515625 0.3890625 0.0796875 0.059375
1 0.7921875 0.3078125 0.06484375 0.071875
10 0.95625 0.04375 0.05625 0.06328125
10 0.57578125 0.13046875 0.0734375 0.07109375
10 0.71328125 0.13671875 0.078125 0.0921875
0 0.6484375 0.334375 0.13125 0.08984375
9 0.14140625 0.78125 0.16015625 0.24765625
9 0.234375 0.4875 0.125 0.1375