5 0.37421875 0.1375 0.09140625 0.17109375
5 0.10625 0.021875 0.078125 0.04375
5 0.28828125 0.36015625 0.12109375 0.1625
11 0.82734375 0.4015625 0.1703125 0.134375
1 0.62890625 0.45 0.0546875 0.0375
3 0.1828125 0.721875 0.0890625 0.11875
3 0.39375 0.90390625 0.065625 0.15
3 0.01171875 0.8140625 0.0234375 0.19375
10 0.4203125 0.62109375 0.0421875 0.075
10 0.0484375 0.81875 0.02734375 0.0984375
10 0.15234375 0.615625 0.0359375 0.07109375
1 0.10546875 0.82890625 0.0359375 0.08671875
10 0.0828125 0.96328125 0.040625 0.0640625
10 0.1140625 0.74375 0.04375 0.06640625
3 0.26328125 0.9828125 0.0921875 0.034375
9 0.35625 0.51171875 0.059375 0.0859375
9 0.33359375 0.63203125 0.059375 0.08828125
10 0.575 0.82265625 0.053125 0.06328125
11 0.4984375 0.8171875 0.05546875 0.1140625
0 0.4859375 0.61953125 0.034375 0.0578125
9 0.9296875 0.7578125 0.140625 0.18125