8 0.3296875 0.13515625 0.21875 0.2703125
6 0.534375 0.03671875 0.078125 0.0734375
11 0.47890625 0.20859375 0.0609375 0.10078125
1 0.82734375 0.1015625 0.1078125 0.13203125
1 0.784375 0.26484375 0.12578125 0.1515625
1 0.93515625 0.04140625 0.06171875 0.0765625
1 0.7234375 0.325 0.09375 0.075
1 0.659375 0.33046875 0.05390625 0.06328125
1 0.73046875 0.10390625 0.078125 0.09921875
3 0.09375 0.90625 0.1875 0.16875
3 0.1140625 0.53984375 0.14453125 0.2140625
4 0.3484375 0.9171875 0.0703125 0.10234375
1 0.95859375 0.44921875 0.0828125 0.1609375
1 0.8734375 0.40078125 0.0625 0.0640625
1 0.9703125 0.4921875 0.059375 0.1625
1 0.88828125 0.59609375 0.0515625 0.0484375
7 0.49921875 0.740625 0.1203125 0.14375
8 0.9125 0.68671875 0.13984375 0.13125
8 0.87265625 0.8015625 0.05625 0.09375
8 0.94609375 0.81171875 0.07890625 0.13359375
8 0.9953125 0.84140625 0.009375 0.0734375
8 0.96953125 0.98359375 0.0578125 0.0328125
8 0.8546875 0.91171875 0.0234375 0.0640625