1 0.15078125 0.38046875 0.0609375 0.046875
1 0.15625 0.4203125 0.0640625 0.04375
1 0.12421875 0.46484375 0.0625 0.04609375
1 0.0984375 0.41015625 0.0609375 0.0484375
1 0.10625 0.3703125 0.05078125 0.03671875
1 0.05625 0.4125 0.053125 0.04375
10 0.72265625 0.421875 0.065625 0.04765625
11 0.97421875 0.43671875 0.0515625 0.0484375
9 0.54921875 0.3796875 0.11171875 0.1046875
9 0.89296875 0.4625 0.0890625 0.09375
8 0.27265625 0.59375 0.11328125 0.07734375
8 0.41796875 0.628125 0.0234375 0.1375
8 0.0234375 0.81640625 0.046875 0.1859375
8 0.16796875 0.71640625 0.1 0.13671875
8 0.17734375 0.8515625 0.2015625 0.12421875