8 0.1734375 0.059375 0.034375 0.11875
1 0.09453125 0.0734375 0.075 0.12265625
0 0.32265625 0.06875 0.07265625 0.1078125
0 0.4015625 0.04765625 0.0875 0.0953125
9 0.24453125 0.14609375 0.078125 0.0640625
9 0.35234375 0.15078125 0.10234375 0.05390625
1 0.053125 0.43984375 0.0375 0.05859375
1 0.05390625 0.3734375 0.04375 0.0640625
1 0.00703125 0.32421875 0.0140625 0.0828125
11 0.33203125 0.33671875 0.13515625 0.21640625
11 0.23515625 0.2234375 0.06640625 0.09140625
10 0.2484375 0.52578125 0.07265625 0.10859375
10 0.22109375 0.45859375 0.059375 0.1234375
4 0.29609375 0.596875 0.1328125 0.04375
4 0.2046875 0.27734375 0.02578125 0.1890625
8 0.2171875 0.91015625 0.434375 0.1796875