8 0.096875 0.01953125 0.040625 0.0390625
8 0.04609375 0.08515625 0.0640625 0.11328125
8 0.56640625 0.0671875 0.028125 0.025
8 0.515625 0.13203125 0.0234375 0.03515625
8 0.58046875 0.0140625 0.0203125 0.028125
1 0.50390625 0.0234375 0.0421875 0.046875
1 0.46953125 0.01328125 0.0359375 0.0265625
1 0.46875 0.06796875 0.0375 0.07421875
1 0.4296875 0.015625 0.046875 0.03125
1 0.48359375 0.1421875 0.04296875 0.06171875
1 0.546875 0.02421875 0.0375 0.0484375
1 0.51875 0.08359375 0.05625 0.0609375
1 0.56875 0.14296875 0.0546875 0.0890625
1 0.43671875 0.14296875 0.0484375 0.07109375
1 0.4234375 0.06640625 0.053125 0.065625
1 0.384375 0.01171875 0.034375 0.0234375
0 0.08359375 0.3765625 0.025 0.0484375
9 0.02890625 0.42578125 0.0578125 0.0703125
10 0.4609375 0.2890625 0.03671875 0.06171875
10 0.484375 0.3640625 0.02734375 0.0609375
10 0.446875 0.4796875 0.0609375 0.059375
9 0.5984375 0.4890625 0.040625 0.040625
1 0.9078125 0.8453125 0.0375 0.07265625
1 0.99296875 0.91953125 0.0140625 0.0765625
1 0.76171875 0.8828125 0.0546875 0.06015625
1 0.7453125 0.96484375 0.0640625 0.06328125