9 0.18671875 0.20078125 0.05234375 0.0703125
9 0.16484375 0.290625 0.06484375 0.04765625
9 0.28984375 0.30234375 0.04140625 0.0484375
9 0.50546875 0.3046875 0.0515625 0.0546875
9 0.7453125 0.22265625 0.0453125 0.0390625
9 0.81484375 0.1625 0.04609375 0.03359375
9 0.7015625 0.1984375 0.0375 0.04140625
9 0.45546875 0.0171875 0.0609375 0.034375
10 0.90390625 0.26171875 0.0515625 0.05
10 0.68515625 0.015625 0.0578125 0.03125
10 0.815625 0.09921875 0.04375 0.05390625
4 0.2875 0.59609375 0.06640625 0.1015625
4 0.240625 0.7390625 0.04140625 0.0859375
4 0.10234375 0.55703125 0.03515625 0.0703125
10 0.02109375 0.49609375 0.0265625 0.0578125
9 0.30234375 0.67109375 0.0546875 0.0765625
0 0.640625 0.5859375 0.1078125 0.08125
10 0.7765625 0.54609375 0.0890625 0.0703125
1 0.653125 0.74296875 0.04609375 0.05625
1 0.8828125 0.7546875 0.0921875 0.0875
1 0.903125 0.41875 0.05390625 0.0578125
1 0.88828125 0.62890625 0.04609375 0.10859375
1 0.465625 0.703125 0.09140625 0.09140625