0 0.26015625 0.2578125 0.04375 0.0625
0 0.08984375 0.27421875 0.03984375 0.0578125
0 0.2234375 0.2859375 0.03828125 0.0578125
0 0.1921875 0.11953125 0.04296875 0.0765625
11 0.1640625 0.1953125 0.05703125 0.0828125
4 0.4640625 0.3703125 0.034375 0.0578125
9 0.221875 0.03203125 0.075 0.0640625
11 0.6 0.10234375 0.11875 0.2046875
1 0.43203125 0.51484375 0.0703125 0.03125
1 0.37734375 0.55859375 0.084375 0.03828125
1 0.271875 0.56328125 0.04296875 0.01875
1 0.328125 0.49453125 0.0515625 0.02578125
1 0.4046875 0.60546875 0.06875 0.0078125
10 0.8796875 0.328125 0.1078125 0.11015625
1 0.33515625 0.69921875 0.13359375 0.059375
1 0.4453125 0.62734375 0.065625 0.0359375
1 0.1296875 0.81875 0.0484375 0.05390625
1 0.17109375 0.86640625 0.04296875 0.07421875
1 0.6453125 0.85234375 0.028125 0.0453125
3 0.88515625 0.959375 0.0703125 0.08125
3 0.7984375 0.93359375 0.046875 0.0828125
10 0.94453125 0.98515625 0.0265625 0.0296875
10 0.99453125 0.94453125 0.0109375 0.0671875
3 0.96015625 0.64296875 0.0671875 0.0671875
9 0.82734375 0.87109375 0.0578125 0.06875