9 0.85078125 0.12890625 0.05703125 0.04140625
1 0.80546875 0.29140625 0.096875 0.07265625
1 0.87890625 0.21484375 0.0390625 0.0265625
9 0.7109375 0.09765625 0.0359375 0.01953125
9 0.80703125 0.20234375 0.0359375 0.021875
9 0.73203125 0.17265625 0.04453125 0.028125
9 0.728125 0.15078125 0.0390625 0.0265625
9 0.96640625 0.1921875 0.04453125 0.0234375
9 0.96328125 0.33046875 0.0515625 0.0171875
9 0.72578125 0.2375 0.046875 0.025
3 0.9625 0.365625 0.075 0.053125
3 0.91328125 0.48984375 0.0734375 0.1
1 0.803125 0.67734375 0.10703125 0.07578125
1 0.96953125 0.9109375 0.0609375 0.0875