5 0.7484375 0.4015625 0.084375 0.05625
12 0.8015625 0.2703125 0.04765625 0.175
1 0.890625 0.3703125 0.02421875 0.06953125
10 0.15625 0.4859375 0.125 0.1125
10 0.32109375 0.61875 0.078125 0.07265625
10 0.21015625 0.67890625 0.1140625 0.16328125
10 0.24453125 0.571875 0.09453125 0.09375
10 0.34921875 0.5671875 0.09453125 0.078125
10 0.37421875 0.48671875 0.0828125 0.1140625
10 0.03046875 0.678125 0.0609375 0.125
10 0.071875 0.54921875 0.11796875 0.115625
10 0.29453125 0.73046875 0.1578125 0.09375
1 0.5359375 0.60546875 0.0671875 0.0703125
1 0.5359375 0.53515625 0.0578125 0.06171875
1 0.43125 0.51796875 0.03046875 0.07109375
0 0.55625 0.46875 0.046875 0.078125
0 0.48984375 0.47109375 0.0609375 0.0828125
1 0.34609375 0.84921875 0.07734375 0.0796875
9 0.05546875 0.971875 0.0609375 0.05625
9 0.34296875 0.95703125 0.0578125 0.0859375
1 0.28203125 0.80703125 0.05625 0.059375
1 0.40625 0.875 0.01953125 0.07421875