10 0.48046875 0.34453125 0.0921875 0.0703125
10 0.29140625 0.34453125 0.1078125 0.0703125
10 0.1578125 0.3296875 0.103125 0.1
1 0.209375 0.09375 0.20625 0.14765625
10 0.79375 0.1859375 0.0421875 0.040625
10 0.9515625 0.31328125 0.0375 0.06171875
1 0.896875 0.36171875 0.040625 0.0359375
11 0.9078125 0.23125 0.059375 0.0640625
0 0.96171875 0.09296875 0.04609375 0.0515625
0 0.75 0.12578125 0.0640625 0.0453125
1 0.84921875 0.07734375 0.04921875 0.04765625
9 0.10859375 0.64921875 0.071875 0.07734375
9 0.021875 0.709375 0.04375 0.084375
9 0.215625 0.95859375 0.05625 0.0828125
1 0.071875 0.48046875 0.04921875 0.065625
1 0.03046875 0.54453125 0.0453125 0.0578125
1 0.2171875 0.89296875 0.046875 0.059375
1 0.23984375 0.815625 0.04609375 0.046875
1 0.328125 0.9265625 0.0421875 0.0578125
1 0.359375 0.81640625 0.034375 0.0484375
1 0.1796875 0.8578125 0.03515625 0.08515625
9 0.13125 0.85078125 0.03125 0.0390625
9 0.02578125 0.79921875 0.04375 0.04921875
9 0.0578125 0.75703125 0.06328125 0.0515625
9 0.45703125 0.88203125 0.03203125 0.04921875