11 0.08203125 0.18671875 0.15 0.0734375
11 0.10390625 0.4578125 0.0703125 0.021875
11 0.16328125 0.1796875 0.04921875 0.03046875
0 0.0328125 0.2984375 0.065625 0.053125
0 0.0265625 0.3296875 0.053125 0.05
0 0.04140625 0.25546875 0.0828125 0.0484375
0 0.21328125 0.38515625 0.1125 0.05078125
0 0.09921875 0.34765625 0.1 0.05078125
0 0.24765625 0.31015625 0.14453125 0.06796875
10 0.72265625 0.14765625 0.03203125 0.05703125
10 0.8046875 0.30078125 0.028125 0.04921875
10 0.68125 0.365625 0.02265625 0.04296875
1 0.82109375 0.346875 0.02109375 0.0234375
1 0.83046875 0.36875 0.0171875 0.03828125
1 0.8453125 0.38828125 0.01953125 0.040625
1 0.86796875 0.403125 0.01953125 0.0359375
1 0.80546875 0.40390625 0.01484375 0.02890625
1 0.73984375 0.37421875 0.0171875 0.046875
1 0.71015625 0.22578125 0.03515625 0.0453125
1 0.8375 0.06875 0.02265625 0.040625
1 0.8109375 0.01796875 0.028125 0.0359375
1 0.77734375 0.1234375 0.025 0.0640625
1 0.68359375 0.30625 0.01953125 0.03828125
1 0.7671875 0.19453125 0.0359375 0.08125
1 0.94375 0.2578125 0.02734375 0.0609375
1 0.90859375 0.31640625 0.0296875 0.05546875
1 0.87421875 0.03203125 0.02265625 0.0515625
1 0.846875 0.0140625 0.015625 0.028125
1 0.9015625 0.1671875 0.034375 0.04921875
1 0.66328125 0.28828125 0.02265625 0.05078125
9 0.8171875 0.15078125 0.03203125 0.0453125
9 0.8359375 0.1984375 0.03515625 0.046875
9 0.721875 0.27109375 0.02578125 0.0453125
9 0.75078125 0.25078125 0.01484375 0.04921875
0 0.9703125 0.0171875 0.05625 0.034375
9 0.71015625 0.35390625 0.02421875 0.0453125
9 0.79140625 0.2546875 0.02265625 0.04296875
9 0.76953125 0.28515625 0.02734375 0.06015625
9 0.7453125 0.3421875 0.02265625 0.0453125
9 0.67890625 0.27890625 0.02421875 0.0453125
9 0.76875 0.346875 0.02421875 0.04296875
9 0.82734375 0.31171875 0.0359375 0.05859375
9 0.8921875 0.2765625 0.025 0.0453125
9 0.925 0.0171875 0.03125 0.034375
5 0.059375 0.72734375 0.11484375 0.0859375
5 0.14140625 0.91171875 0.134375 0.1265625
5 0.046875 0.828125 0.09375 0.11875
1 0.5171875 0.80234375 0.04375 0.0859375
1 0.5015625 0.6671875 0.0515625 0.1
1 0.51015625 0.53984375 0.0578125 0.1421875
1 0.75 0.75390625 0.09296875 0.10546875