0 0.44921875 0.61328125 0.053125 0.0734375
0 0.2078125 0.7953125 0.05 0.046875
0 0.4078125 0.690625 0.0453125 0.0734375
0 0.29140625 0.47734375 0.0453125 0.1015625
11 0.28203125 0.61484375 0.06875 0.1015625
9 0.28828125 0.28984375 0.09296875 0.11796875
1 0.6765625 0.18046875 0.04921875 0.06796875
1 0.69296875 0.2953125 0.040625 0.0546875
9 0.79765625 0.25390625 0.0375 0.05625
10 0.94921875 0.06796875 0.02890625 0.0578125
9 0.940625 0.17890625 0.11875 0.2453125
4 0.89609375 0.1671875 0.05390625 0.1109375
1 0.70390625 0.81484375 0.0359375 0.0078125
1 0.7265625 0.8046875 0.028125 0.028125
1 0.66640625 0.81171875 0.0296875 0.0140625
1 0.62578125 0.8125 0.0140625 0.0125
1 0.6453125 0.7796875 0.02265625 0.040625
9 0.69140625 0.68515625 0.0421875 0.03828125
0 0.6234375 0.76953125 0.009375 0.0484375
0 0.68203125 0.765625 0.03984375 0.03046875
11 0.94296875 0.64296875 0.03984375 0.08359375
10 0.93203125 0.5671875 0.0375 0.03671875
0 0.0625 0.96328125 0.078125 0.0609375
5 0.57734375 0.9078125 0.0828125 0.178125