4 0.01953125 0.3140625 0.0390625 0.13125
9 0.059375 0.2046875 0.028125 0.06640625
9 0.0375 0.06640625 0.03515625 0.08828125
9 0.00859375 0.0734375 0.0171875 0.0875
1 0.6890625 0.01640625 0.08125 0.0328125
1 0.5859375 0.01796875 0.0625 0.0359375
1 0.41015625 0.0234375 0.0546875 0.046875
1 0.9640625 0.20546875 0.04921875 0.06875
1 0.659375 0.1671875 0.0625 0.0953125
1 0.79296875 0.1578125 0.05859375 0.0765625
10 0.82890625 0.0484375 0.0609375 0.05546875
9 0.43828125 0.540625 0.0515625 0.078125
6 0.3390625 0.696875 0.021875 0.078125
9 0.24765625 0.728125 0.08125 0.07265625