11 0.26953125 0.0703125 0.0703125 0.140625
4 0.040625 0.28125 0.08125 0.18125
1 0.0359375 0.45625 0.071875 0.0875
10 0.05703125 0.38359375 0.05546875 0.0796875
0 0.196875 0.4359375 0.078125 0.10078125
9 0.3484375 0.43515625 0.07734375 0.0734375
4 0.31953125 0.3484375 0.028125 0.06953125
4 0.3484375 0.33203125 0.05625 0.07109375
6 0.77734375 0.46640625 0.0546875 0.0671875
6 0.421875 0.37890625 0.04375 0.1703125
10 0.93671875 0.2734375 0.0515625 0.08359375
10 0.1734375 0.5703125 0.0875 0.09765625
9 0.45859375 0.6328125 0.0875 0.10625
9 0.4125 0.54140625 0.025 0.0828125
1 0.625 0.53984375 0.05625 0.06640625
1 0.72265625 0.5078125 0.0265625 0.015625
1 0.725 0.59609375 0.02265625 0.0609375
1 0.58046875 0.51015625 0.0546875 0.0203125
9 0.43984375 0.52265625 0.0734375 0.0453125
8 0.91328125 0.740625 0.1734375 0.209375
8 0.61484375 0.92578125 0.09375 0.1078125
8 0.68515625 0.8984375 0.0578125 0.06953125
8 0.671875 0.965625 0.05625 0.06875