1 0.36484375 0.0109375 0.1109375 0.021875
0 0.08828125 0.50390625 0.13515625 0.19140625
0 0.2265625 0.4796875 0.10234375 0.1390625
7 0.4171875 0.44375 0.1171875 0.1609375
3 0.88671875 0.0265625 0.0734375 0.053125
3 0.95078125 0.425 0.0625 0.1140625
3 0.7953125 0.05 0.075 0.1
10 0.7453125 0.60078125 0.065625 0.0578125
8 0.15625 0.7375 0.04765625 0.10703125
8 0.08203125 0.79453125 0.06640625 0.10546875
8 0.0359375 0.65 0.0375 0.040625
1 0.49453125 0.72421875 0.08046875 0.05078125
10 0.1140625 0.9171875 0.03671875 0.05625
1 0.30078125 0.89609375 0.0765625 0.0765625
0 0.528125 0.9578125 0.103125 0.084375
0 0.39765625 0.871875 0.078125 0.04921875
0 0.31953125 0.990625 0.0890625 0.01875