9 0.16484375 0.3015625 0.11015625 0.1234375
1 0.10390625 0.1609375 0.07734375 0.10859375
0 0.03671875 0.08046875 0.06875 0.0984375
0 0.15390625 0.18515625 0.05859375 0.0734375
0 0.13515625 0.01875 0.0546875 0.0375
0 0.0671875 0.21796875 0.0546875 0.08671875
0 0.3359375 0.11875 0.08125 0.11171875
8 0.71015625 0.19296875 0.0390625 0.1078125
8 0.68046875 0.12421875 0.0984375 0.1171875
8 0.72265625 0.053125 0.0140625 0.059375
8 0.43203125 0.0359375 0.0984375 0.071875
8 0.45234375 0.175 0.1390625 0.178125
8 0.5828125 0.04921875 0.115625 0.0984375
5 0.93203125 0.0265625 0.1140625 0.053125
9 0.98203125 0.46171875 0.0359375 0.0140625
3 0.6953125 0.51015625 0.0625 0.0828125
4 0.28125 0.69296875 0.09140625 0.153125
1 0.240625 0.88984375 0.10390625 0.109375
10 0.22109375 0.77421875 0.040625 0.0671875
0 0.075 0.77109375 0.0609375 0.08125
0 0.659375 0.7421875 0.08046875 0.2296875