9 0.8671875 0.19140625 0.1078125 0.12890625
9 0.06640625 0.67890625 0.05390625 0.0671875
9 0.159375 0.7265625 0.040625 0.06015625
9 0.259375 0.634375 0.04765625 0.07109375
9 0.1921875 0.74453125 0.0625 0.08671875
1 0.03125 0.7515625 0.0625 0.078125
1 0.2109375 0.6109375 0.05625 0.04375
4 0.4171875 0.63671875 0.125 0.0953125
9 0.459375 0.78125 0.040625 0.134375
9 0.51875 0.65234375 0.078125 0.0265625
1 0.4953125 0.675 0.03125 0.01875
9 0.640625 0.93125 0.08515625 0.071875
0 0.85859375 0.9625 0.05078125 0.06953125