0 0.015625 0.021875 0.03125 0.04375
4 0.2140625 0.01875 0.025 0.0375
6 0.54296875 0.11484375 0.05234375 0.03984375
6 0.43046875 0.0703125 0.05234375 0.04921875
6 0.296875 0.0203125 0.05078125 0.03984375
6 0.4328125 0.21875 0.05546875 0.0234375
6 0.55859375 0.18984375 0.02734375 0.0234375
6 0.59921875 0.1765625 0.03046875 0.02578125
6 0.42421875 0.15703125 0.04296875 0.0375
9 0.58671875 0.21875 0.05390625 0.0234375
1 0.04921875 0.296875 0.08125 0.11015625
10 0.53515625 0.3609375 0.06328125 0.084375
10 0.575 0.4625 0.05859375 0.0796875
11 0.37265625 0.50390625 0.1984375 0.2125
1 0.809375 0.3671875 0.0375 0.06953125
3 0.2984375 0.915625 0.06796875 0.11875
10 0.3171875 0.75 0.059375 0.07890625
10 0.40859375 0.8703125 0.03359375 0.0828125
10 0.39921875 0.96953125 0.0421875 0.0609375
10 0.61328125 0.88203125 0.0359375 0.12265625
10 0.465625 0.8265625 0.0296875 0.075
10 0.4015625 0.64296875 0.040625 0.0484375
3 0.58203125 0.72109375 0.0921875 0.16484375
3 0.8203125 0.7390625 0.0890625 0.11875
3 0.65 0.83125 0.021875 0.19375
10 0.6859375 0.8359375 0.02734375 0.0984375
10 0.78984375 0.64296875 0.0359375 0.0484375
1 0.74296875 0.84609375 0.0359375 0.08671875
10 0.7203125 0.97421875 0.040625 0.0515625
10 0.7515625 0.7609375 0.04375 0.06640625
9 0.9703125 0.65546875 0.059375 0.0734375