9 0.2296875 0.10625 0.0890625 0.09921875
9 0.13046875 0.02265625 0.0734375 0.0453125
9 0.375 0.2640625 0.11484375 0.0984375
10 0.0765625 0.0828125 0.06796875 0.08125
10 0.50859375 0.46875 0.0109375 0.03203125
10 0.578125 0.5046875 0.015625 0.028125
9 0.4765625 0.50234375 0.015625 0.0328125
7 0.91796875 0.159375 0.1640625 0.31875
7 0.7125 0.2171875 0.13125 0.18203125
7 0.70546875 0.04453125 0.1703125 0.0890625
11 0.82265625 0.41328125 0.0734375 0.02421875
11 0.96640625 0.42265625 0.0671875 0.0453125
11 0.8890625 0.4328125 0.0765625 0.0640625
7 0.2734375 0.709375 0.12578125 0.09453125
7 0.3578125 0.60078125 0.08203125 0.0453125
7 0.16015625 0.73125 0.10625 0.08046875
10 0.50546875 0.625 0.046875 0.0421875
1 0.51484375 0.5453125 0.0734375 0.053125
10 0.084375 0.53828125 0.053125 0.0390625
10 0.45859375 0.92890625 0.0625 0.07890625
9 0.31171875 0.93125 0.07890625 0.07109375