11 0.1453125 0.03125 0.04375 0.0625
10 0.1484375 0.0828125 0.04140625 0.0171875
9 0.0265625 0.03359375 0.04375 0.0671875
9 0.07265625 0.028125 0.0421875 0.05625
11 0.2234375 0.1671875 0.07109375 0.14765625
4 0.0171875 0.38125 0.034375 0.18125
10 0.01875 0.46640625 0.0375 0.0453125
4 0.27265625 0.4484375 0.028125 0.06953125
4 0.3015625 0.43203125 0.05625 0.07109375
11 0.9359375 0.0359375 0.0625 0.071875
10 0.73203125 0.2203125 0.065625 0.1140625
1 0.43984375 0.08046875 0.05703125 0.13828125
9 0.390625 0.39140625 0.021875 0.1234375
8 0.69921875 0.3328125 0.0515625 0.090625