1 0.45859375 0.6046875 0.1015625 0.059375
1 0.33046875 0.21875 0.05390625 0.06328125
1 0.2703125 0.725 0.0484375 0.05390625
1 0.3109375 0.746875 0.04375 0.025
10 0.115625 0.44296875 0.04609375 0.05546875
10 0.49140625 0.4375 0.0359375 0.059375
10 0.371875 0.40234375 0.06328125 0.08125
0 0.4625 0.221875 0.09375 0.065625
9 0.7125 0.3984375 0.05234375 0.0609375
1 0.9859375 0.71875 0.028125 0.0625
1 0.73203125 0.03515625 0.04765625 0.0546875
1 0.72890625 0.30859375 0.04765625 0.06484375
1 0.65078125 0.6359375 0.06640625 0.0796875
1 0.7640625 0.37109375 0.0578125 0.075
11 0.85078125 0.81484375 0.0671875 0.1109375
0 0.6875 0.82734375 0.1109375 0.11328125
0 0.51875 0.82109375 0.01875 0.1109375