4 0.16015625 0.03203125 0.1703125 0.0640625
11 0.03984375 0.01953125 0.0796875 0.0390625
12 0.146875 0.4328125 0.065625 0.1125
12 0.365625 0.34921875 0.0453125 0.0734375
8 0.3828125 0.42109375 0.01953125 0.04296875
10 0.87109375 0.12109375 0.04921875 0.084375
0 0.7125 0.40625 0.075 0.09765625
0 0.61640625 0.40859375 0.05078125 0.09375
0 0.865625 0.36953125 0.075 0.09609375
0 0.5125 0.41015625 0.046875 0.0984375
0 0.59765625 0.21953125 0.11484375 0.07109375
0 0.75390625 0.259375 0.075 0.1421875
1 0.64765625 0.0796875 0.0765625 0.12265625
0 0.25703125 0.565625 0.09296875 0.10390625
0 0.43984375 0.6640625 0.0984375 0.096875
1 0.4109375 0.89375 0.0828125 0.0796875
10 0.3921875 0.975 0.053125 0.05
11 0.19765625 0.978125 0.0921875 0.04375
1 0.946875 0.725 0.10625 0.059375
1 0.75625 0.8453125 0.0484375 0.05390625
1 0.79765625 0.89296875 0.04296875 0.07421875
10 0.6015625 0.56328125 0.04609375 0.05546875
10 0.9796875 0.5578125 0.040625 0.059375
10 0.85703125 0.52578125 0.0640625 0.0734375