4 0.103125 0.12421875 0.0515625 0.13203125
9 0.1484375 0.0234375 0.028125 0.046875
1 0.48125 0.28046875 0.065625 0.07890625
9 0.06796875 0.37421875 0.0140625 0.0109375
0 0.0375 0.4171875 0.075 0.075
6 0.2140625 0.4 0.05 0.040625
9 0.04375 0.6796875 0.04453125 0.07265625
9 0.1296875 0.771875 0.040625 0.0546875
9 0.13984375 0.853125 0.0203125 0.059375
9 0.103125 0.8625 0.0625 0.08515625
9 0.13125 0.93671875 0.03828125 0.07578125
9 0.07109375 0.76328125 0.0515625 0.059375
9 0.08125 0.81953125 0.03125 0.0515625
9 0.0234375 0.8109375 0.046875 0.0625
5 0.70390625 0.54921875 0.25390625 0.21875
5 0.78046875 0.840625 0.15 0.30390625
5 0.678125 0.78359375 0.11015625 0.23515625