0 0.24453125 0.03125 0.1078125 0.0625
10 0.38046875 0.00859375 0.0890625 0.0171875
1 0.2578125 0.17890625 0.04609375 0.05625
1 0.48515625 0.190625 0.0890625 0.0875
1 0.49296875 0.06484375 0.04609375 0.10859375
1 0.0703125 0.1390625 0.09140625 0.09140625
10 0.54765625 0.1140625 0.0359375 0.0625
10 0.5703125 0.19453125 0.0359375 0.059375
9 0.91328125 0.30703125 0.0484375 0.0203125
11 0.71171875 0.021875 0.0546875 0.04375
11 0.92109375 0.24375 0.06328125 0.125
11 0.78828125 0.29765625 0.0421875 0.0390625
11 0.70859375 0.18984375 0.0640625 0.09453125
10 0.8578125 0.08203125 0.0640625 0.08125
11 0.6609375 0.121875 0.08203125 0.11328125
8 0.98671875 0.3484375 0.0265625 0.0625
0 0.37734375 0.93515625 0.10859375 0.12265625
9 0.4421875 0.9125 0.0609375 0.0765625
9 0.28671875 0.9828125 0.0734375 0.034375