10 0.41015625 0.4484375 0.065625 0.1140625
1 0.11796875 0.30859375 0.05703125 0.13828125
9 0.03984375 0.61953125 0.0796875 0.1234375
8 0.37734375 0.5609375 0.0515625 0.090625
0 0.06796875 0.06484375 0.0828125 0.1296875
9 0.60546875 0.52734375 0.1515625 0.2484375
9 0.69609375 0.2234375 0.12578125 0.16171875
11 0.93359375 0.1015625 0.1328125 0.203125
9 0.1234375 0.80390625 0.1578125 0.18359375
1 0.40234375 0.7984375 0.07890625 0.10859375
1 0.4875 0.871875 0.04765625 0.0453125
0 0.03828125 0.96796875 0.0546875 0.0640625
0 0.03828125 0.9140625 0.0765625 0.03671875
8 0.33515625 0.9546875 0.0984375 0.090625
8 0.47890625 0.95859375 0.1015625 0.0828125
8 0.43125 0.93359375 0.0921875 0.075
5 0.64296875 0.9171875 0.1078125 0.165625
5 0.98125 0.88203125 0.0375 0.0734375