7 0.340625 0.28125 0.11796875 0.275
7 0.48828125 0.2203125 0.0828125 0.19375
9 0.6375 0.23671875 0.1390625 0.1
1 0.09453125 0.65703125 0.07421875 0.0515625
11 0.06796875 0.43359375 0.0890625 0.0296875
11 0.0390625 0.53984375 0.078125 0.1109375
9 0.2609375 0.45078125 0.065625 0.0640625
10 0.16328125 0.459375 0.0859375 0.08125
0 0.49453125 0.46328125 0.0703125 0.0890625
0 0.46640625 0.66171875 0.103125 0.0421875
8 0.3109375 0.9109375 0.35859375 0.1703125
8 0.3734375 0.8453125 0.12734375 0.08671875
8 0.3109375 0.771875 0.0828125 0.08046875
8 0.38203125 0.72734375 0.14296875 0.08828125
8 0.20078125 0.73984375 0.1234375 0.1140625
8 0.03828125 0.9375 0.06328125 0.09296875
8 0.03515625 0.8 0.05078125 0.0671875
8 0.10390625 0.8453125 0.05859375 0.08203125
11 0.66875 0.86015625 0.0375 0.078125
11 0.703125 0.6078125 0.03125 0.06640625
11 0.5765625 0.86875 0.03984375 0.05546875
11 0.6234375 0.8359375 0.03828125 0.0859375
10 0.6015625 0.4859375 0.0328125 0.06484375
6 0.7453125 0.55546875 0.02265625 0.06328125
8 0.58515625 0.43203125 0.0265625 0.0265625
9 0.85703125 0.63515625 0.0328125 0.06875
10 0.94609375 0.45078125 0.04140625 0.05859375
1 0.98671875 0.6703125 0.0265625 0.0625
1 0.8140625 0.6828125 0.02890625 0.05234375
11 0.65390625 0.9515625 0.2484375 0.096875