9 0.18359375 0.02265625 0.1578125 0.0453125
1 0.54765625 0.021875 0.0484375 0.04375
9 0.128125 0.403125 0.109375 0.071875
1 0.06796875 0.2890625 0.07734375 0.10859375
0 0.0171875 0.20859375 0.034375 0.0984375
0 0.11796875 0.31328125 0.05859375 0.0734375
0 0.1 0.1265625 0.05390625 0.0796875
0 0.09921875 0.0640625 0.0765625 0.03671875
0 0.03125 0.34609375 0.0546875 0.08671875
0 0.3 0.246875 0.08125 0.11171875
8 0.396875 0.13046875 0.0984375 0.13984375
8 0.41640625 0.303125 0.1390625 0.178125
8 0.54765625 0.14765625 0.11484375 0.15859375
8 0.4921875 0.08359375 0.0921875 0.075
7 0.63828125 0.16484375 0.0578125 0.2203125
10 0.63515625 0.3046875 0.0515625 0.059375
10 0.88203125 0.328125 0.0734375 0.08515625
9 0.72890625 0.41015625 0.0578125 0.0578125
1 0.0125 0.5953125 0.025 0.059375
3 0.99375 0.66953125 0.0125 0.1140625
10 0.81484375 0.875 0.065625 0.1140625
8 0.78203125 0.97109375 0.0515625 0.0578125