9 0.39375 0.31484375 0.090625 0.17421875
9 0.25 0.15078125 0.06953125 0.13984375
9 0.31015625 0.5578125 0.0546875 0.1125
9 0.31484375 0.40625 0.04609375 0.096875
8 0.67265625 0.05625 0.1078125 0.1125
8 0.4859375 0.12421875 0.03359375 0.059375
8 0.85625 0.07109375 0.02421875 0.07578125
8 0.5765625 0.03984375 0.075 0.0796875
12 0.61328125 0.553125 0.2671875 0.153125
12 0.71875 0.50234375 0.08984375 0.1
1 0.0671875 0.6390625 0.025 0.01875
1 0.23125 0.6890625 0.01953125 0.03125
9 0.86796875 0.671875 0.0765625 0.084375
9 0.97109375 0.965625 0.0546875 0.06875