9 0.04375 0.178125 0.0609375 0.06015625
9 0.075 0.46640625 0.03203125 0.04609375
9 0.15703125 0.5015625 0.03359375 0.05234375
9 0.18515625 0.540625 0.01953125 0.05625
11 0.11015625 0.45546875 0.03828125 0.05
10 0.00546875 0.4921875 0.0109375 0.05625
9 0.0578125 0.06484375 0.08046875 0.04453125
1 0.44609375 0.25390625 0.23046875 0.421875
0 0.59453125 0.5953125 0.0515625 0.046875
0 0.61953125 0.521875 0.1015625 0.06875
5 0.96484375 0.37265625 0.0703125 0.1765625
5 0.93671875 0.5890625 0.0796875 0.059375
5 0.9328125 0.45703125 0.134375 0.2203125