4 0.04453125 0.42109375 0.0890625 0.1484375
11 0.06328125 0.08671875 0.0828125 0.05078125
11 0.103125 0.2921875 0.0265625 0.12421875
9 0.27109375 0.30234375 0.071875 0.06796875
9 0.203125 0.31953125 0.1 0.12109375
9 0.15234375 0.3859375 0.07265625 0.07890625
9 0.278125 0.48359375 0.075 0.0921875
9 0.42578125 0.37890625 0.0671875 0.1078125
9 0.36328125 0.35234375 0.06484375 0.07578125
9 0.4375 0.2203125 0.04375 0.071875
1 0.55703125 0.81953125 0.05625 0.0796875
1 0.57578125 0.73671875 0.04765625 0.06953125
1 0.67578125 0.765625 0.02578125 0.08828125
0 0.50625 0.7203125 0.0421875 0.11875
0 0.56875 0.634375 0.05234375 0.11171875
0 0.61875 0.57421875 0.078125 0.0890625
0 0.63671875 0.6703125 0.046875 0.1203125
0 0.509375 0.57890625 0.06875 0.0984375
11 0.94296875 0.6921875 0.1140625 0.1625
4 0.76484375 0.5640625 0.1078125 0.06875