10 0.59921875 0.47265625 0.0390625 0.1140625
6 0.1578125 0.41640625 0.0515625 0.1046875
1 0.32109375 0.33359375 0.05703125 0.13828125
9 0.24140625 0.61640625 0.0828125 0.0671875
8 0.58046875 0.5859375 0.0515625 0.090625
0 0.27109375 0.08125 0.0828125 0.14765625
1 0.65859375 0.32109375 0.04609375 0.0625
1 0.6796875 0.53125 0.046875 0.0515625
5 0.32734375 0.74375 0.16640625 0.14765625
5 0.46328125 0.8984375 0.12734375 0.14140625
5 0.29921875 0.9125 0.09375 0.134375
4 0.73203125 0.765625 0.1421875 0.23125
0 0.96953125 0.92578125 0.0609375 0.1484375