7 0.22734375 0.16484375 0.096875 0.19765625
7 0.2703125 0.02734375 0.090625 0.0546875
7 0.128125 0.07265625 0.1125 0.1453125
1 0.18046875 0.56796875 0.07421875 0.0515625
11 0.10234375 0.4515625 0.12578125 0.1109375
9 0.065625 0.546875 0.05234375 0.09296875
9 0.346875 0.371875 0.065625 0.04375
10 0.24921875 0.38046875 0.0859375 0.0609375
0 0.53984375 0.57265625 0.0796875 0.0421875
8 0.396875 0.821875 0.35859375 0.1703125
8 0.459375 0.75625 0.12734375 0.08671875
8 0.396875 0.6828125 0.0828125 0.08046875
8 0.46796875 0.63828125 0.14296875 0.08828125
8 0.28671875 0.65078125 0.1234375 0.1140625
8 0.12421875 0.8484375 0.06328125 0.09296875
8 0.06484375 0.83359375 0.05078125 0.08671875
8 0.12109375 0.7109375 0.05078125 0.0671875
8 0.18984375 0.75625 0.05859375 0.08203125