12 0.43984375 0.16796875 0.0390625 0.3359375
0 0.4796875 0.5765625 0.040625 0.0625
4 0.6828125 0.6890625 0.034375 0.0578125
11 0.84609375 0.44609375 0.1734375 0.1546875
4 0.9890625 0.51015625 0.021875 0.1140625
1 0.65078125 0.83359375 0.0703125 0.03125
1 0.59609375 0.87734375 0.084375 0.03828125
1 0.490625 0.88203125 0.04296875 0.01875
1 0.546875 0.81328125 0.0515625 0.02578125
1 0.6234375 0.9359375 0.06875 0.03125
11 0.98515625 0.903125 0.0296875 0.1375
11 0.9609375 0.8328125 0.078125 0.1
11 0.93203125 0.909375 0.0984375 0.1546875