10 0.03125 0.3328125 0.0203125 0.07109375
11 0.00859375 0.3625 0.0171875 0.125
12 0.3359375 0.36796875 0.065625 0.134375
12 0.5546875 0.27265625 0.0453125 0.0734375
8 0.571875 0.34453125 0.01953125 0.04296875
7 0.32578125 0.65546875 0.17890625 0.171875
7 0.09921875 0.70234375 0.1453125 0.07890625
10 0.62265625 0.6859375 0.03671875 0.03671875
10 0.7171875 0.62890625 0.03515625 0.03984375
10 0.54140625 0.5296875 0.0265625 0.021875
1 0.70390625 0.525 0.0296875 0.0125
9 0.6796875 0.54765625 0.02890625 0.03125
9 0.64296875 0.61640625 0.028125 0.040625
9 0.57109375 0.53046875 0.0234375 0.0234375
9 0.040625 0.9328125 0.0625 0.06640625
9 0.14921875 0.92734375 0.05546875 0.05546875
1 0.084375 0.88515625 0.04921875 0.04140625
1 0.08359375 0.953125 0.02421875 0.04140625
1 0.11875 0.95078125 0.02265625 0.03125
1 0.16328125 0.96796875 0.04296875 0.0453125
10 0.6046875 0.97890625 0.03125 0.0421875
10 0.73359375 0.7875 0.0109375 0.071875
1 0.7203125 0.9078125 0.02265625 0.040625
1 0.69453125 0.8453125 0.02734375 0.06015625
1 0.66015625 0.9625 0.025 0.0640625
1 0.73046875 0.8484375 0.01484375 0.0390625
9 0.69921875 0.98359375 0.0328125 0.0328125