3 0.35625 0.13046875 0.09296875 0.059375
3 0.20390625 0.23828125 0.1078125 0.090625
7 0.8921875 0.07890625 0.171875 0.1578125
7 0.59453125 0.01875 0.0828125 0.0375
9 0.0859375 0.79140625 0.1078125 0.13671875
9 0.3390625 0.4203125 0.090625 0.1625
9 0.309375 0.94453125 0.078125 0.0875
9 0.25546875 0.6578125 0.0546875 0.1125
9 0.26015625 0.50625 0.04609375 0.096875
10 0.975 0.3484375 0.05 0.01875
11 0.6046875 0.82578125 0.16953125 0.1375
1 0.853125 0.56328125 0.03671875 0.08125
0 0.98984375 0.86953125 0.0203125 0.1140625
0 0.975 0.615625 0.05 0.09375
0 0.9859375 0.728125 0.028125 0.1
0 0.9015625 0.521875 0.03828125 0.06328125
0 0.8703125 0.70234375 0.04453125 0.0859375
0 0.88125 0.8296875 0.03828125 0.07578125