9 0.70546875 0.07265625 0.0875 0.0984375
10 0.565625 0.2 0.07421875 0.02890625
11 0.965625 0.1796875 0.06875 0.06875
1 0.6171875 0.315625 0.04140625 0.07890625
1 0.58515625 0.25 0.04453125 0.0546875
1 0.55703125 0.23203125 0.0515625 0.03515625
1 0.50625 0.2515625 0.0125 0.06875
1 0.5515625 0.41015625 0.034375 0.0796875
0 0.98046875 0.29375 0.0390625 0.115625
1 0.2984375 0.58828125 0.04765625 0.08828125
1 0.35703125 0.771875 0.0546875 0.10234375
10 0.596875 0.51875 0.10546875 0.13046875
10 0.75859375 0.6640625 0.06328125 0.078125
10 0.53125 0.7109375 0.0625 0.115625
10 0.7796875 0.5203125 0.121875 0.140625
10 0.6859375 0.75859375 0.10078125 0.1046875
10 0.68984375 0.9234375 0.1453125 0.153125
10 0.815625 0.82421875 0.1078125 0.16015625
10 0.87734375 0.95390625 0.1515625 0.0921875