9 0.42265625 0.09296875 0.07734375 0.1109375
9 0.03984375 0.0234375 0.0796875 0.046875
10 0.14765625 0.6515625 0.05390625 0.12578125
10 0.10703125 0.48984375 0.05234375 0.11953125
11 0.27578125 0.9640625 0.0921875 0.071875
11 0.034375 0.57578125 0.06875 0.2515625
11 0.30703125 0.52890625 0.0796875 0.19765625
0 0.3421875 0.890625 0.08203125 0.1375
0 0.42890625 0.578125 0.07578125 0.12890625
0 0.30078125 0.26796875 0.04375 0.09609375
0 0.21171875 0.6734375 0.05390625 0.12265625
10 0.59453125 0.58359375 0.15703125 0.0953125
9 0.83515625 0.58359375 0.09609375 0.090625
9 0.72734375 0.71640625 0.146875 0.0640625
9 0.6734375 0.28125 0.08046875 0.06875