0 0.0109375 0.15546875 0.021875 0.1390625
0 0.1625 0.1203125 0.1171875 0.1609375
0 0.40703125 0.01328125 0.0140625 0.0265625
4 0.596875 0.01015625 0.025 0.0203125
6 0.92578125 0.09765625 0.05234375 0.03984375
6 0.81328125 0.053125 0.05234375 0.04921875
6 0.67890625 0.0109375 0.0515625 0.021875
6 0.815625 0.2015625 0.05546875 0.0234375
6 0.94140625 0.17265625 0.02734375 0.0234375
6 0.98203125 0.159375 0.03046875 0.02578125
6 0.80703125 0.13984375 0.04296875 0.0375
9 0.96953125 0.2015625 0.05390625 0.0234375
1 0.4359375 0.27890625 0.071875 0.1109375
10 0.91796875 0.34375 0.06328125 0.084375
3 0.36875 0.640625 0.0625 0.11875
3 0.1890625 0.73359375 0.06953125 0.19375
3 0.1015625 0.65078125 0.046875 0.0828125
10 0.1984375 0.978125 0.059375 0.04375
10 0.2484375 0.7375 0.02734375 0.0984375
10 0.35234375 0.534375 0.0359375 0.07109375
1 0.30546875 0.74765625 0.0359375 0.08671875
10 0.2828125 0.88203125 0.040625 0.0640625
10 0.3140625 0.6625 0.04375 0.06640625
9 0.13046875 0.58828125 0.0578125 0.06875
3 0.93046875 0.63203125 0.1390625 0.1953125
9 0.58359375 0.5609375 0.1046875 0.0921875