4 0.18203125 0.12265625 0.10859375 0.18203125
9 0.25390625 0.371875 0.0625 0.084375
4 0.73828125 0.35546875 0.1421875 0.1265625
9 0.8390625 0.09375 0.0734375 0.1421875
7 0.325 0.484375 0.1390625 0.10234375
1 0.11796875 0.77421875 0.23046875 0.421875
7 0.54765625 0.56796875 0.1578125 0.0921875
7 0.553125 0.48828125 0.16875 0.0515625
7 0.509375 0.46640625 0.08125 0.0484375
1 0.9640625 0.4953125 0.071875 0.053125
1 0.87578125 0.53125 0.034375 0.02890625
1 0.73046875 0.54609375 0.1109375 0.0703125
1 0.70078125 0.48828125 0.05390625 0.0640625
1 0.81875 0.47734375 0.05703125 0.0484375
0 0.9625 0.57890625 0.075 0.0796875
4 0.52109375 0.93203125 0.1046875 0.1359375
9 0.91171875 0.92734375 0.0890625 0.13203125
10 0.6890625 0.96328125 0.03046875 0.05234375
10 0.84296875 0.98125 0.0546875 0.0375
11 0.653125 0.92734375 0.02890625 0.07421875