0 0.06953125 0.1828125 0.04375 0.0625
0 0.0328125 0.2109375 0.03828125 0.0578125
0 0.0109375 0.04453125 0.021875 0.0765625
4 0.2734375 0.2953125 0.034375 0.0578125
11 0.43671875 0.06484375 0.1734375 0.1296875
4 0.609375 0.03515625 0.065625 0.0703125
4 0.60390625 0.1171875 0.06953125 0.11328125
1 0.24140625 0.4265625 0.0703125 0.00625
1 0.13671875 0.41796875 0.0515625 0.0234375
11 0.57109375 0.409375 0.1171875 0.040625
11 0.621875 0.409375 0.0625 0.040625
8 0.81328125 0.3203125 0.2078125 0.21875
1 0.34609375 0.73203125 0.04609375 0.0625
1 0.22734375 0.528125 0.0265625 0.0359375
1 0.3671875 0.9421875 0.046875 0.0515625
1 0.21171875 0.87734375 0.028125 0.046875
1 0.11875 0.7796875 0.02890625 0.0578125
12 0.89375 0.90078125 0.0984375 0.09140625
12 0.9046875 0.98359375 0.125 0.0328125
12 0.978125 0.88359375 0.04140625 0.0546875