12 0.51640625 0.04375 0.0828125 0.0875
12 0.67421875 0.09296875 0.0890625 0.1265625
12 0.72734375 0.01875 0.1015625 0.0375
12 0.84609375 0.096875 0.2265625 0.19375
1 0.09375 0.73828125 0.06015625 0.04453125
0 0.01875 0.68984375 0.0375 0.0515625
10 0.28046875 0.6296875 0.0953125 0.08125
10 0.25859375 0.82421875 0.06640625 0.059375
1 0.34140625 0.9078125 0.0453125 0.0609375
10 0.20078125 0.678125 0.0265625 0.0765625
1 0.7375 0.4921875 0.04375 0.00625
1 0.8 0.521875 0.084375 0.05625
1 0.7375 0.4953125 0.05 0.0125
10 0.45234375 0.9125 0.0671875 0.175
10 0.46171875 0.74453125 0.06953125 0.14140625
11 0.88828125 0.72421875 0.05625 0.025
11 0.89296875 0.6890625 0.09609375 0.05
11 0.953125 0.746875 0.05859375 0.05625
11 0.8859375 0.771875 0.046875 0.0484375
9 0.76796875 0.99140625 0.0671875 0.0171875
9 0.8265625 0.81484375 0.0546875 0.0234375
9 0.76875 0.87109375 0.046875 0.0484375
10 0.84921875 0.9546875 0.0421875 0.04140625
10 0.8546875 0.8875 0.0671875 0.046875
1 0.68125 0.7671875 0.0671875 0.03671875
1 0.6046875 0.71015625 0.05390625 0.0546875
1 0.97578125 0.840625 0.0328125 0.03359375
1 0.9875 0.959375 0.025 0.0375
1 0.8515625 0.9953125 0.034375 0.009375
1 0.71953125 0.971875 0.05078125 0.03671875
1 0.64453125 0.99140625 0.0453125 0.0171875
1 0.6125 0.8921875 0.05078125 0.04453125
1 0.8203125 0.91796875 0.04375 0.03671875