1 0.5453125 0.15 0.05703125 0.10234375
1 0.80625 0.17109375 0.071875 0.053125
1 0.6734375 0.01484375 0.05 0.0296875
1 0.59609375 0.14453125 0.04765625 0.0546875
1 0.96640625 0.35390625 0.0671875 0.1140625
1 0.90546875 0.3453125 0.03203125 0.08359375
0 0.14921875 0.76484375 0.08203125 0.084375
0 0.0359375 0.7953125 0.071875 0.071875
9 0.2078125 0.571875 0.08203125 0.1
1 0.2375 0.66015625 0.02265625 0.10546875
1 0.18046875 0.5296875 0.0546875 0.040625
9 0.4921875 0.90546875 0.034375 0.0515625
9 0.13125 0.96640625 0.109375 0.0671875
11 0.20859375 0.965625 0.0796875 0.06875
9 0.78203125 0.82421875 0.07265625 0.0953125
9 0.665625 0.90703125 0.0625 0.0671875
1 0.67578125 0.9859375 0.0296875 0.028125
1 0.64375 0.9921875 0.04375 0.015625
1 0.5140625 0.80703125 0.009375 0.0828125
1 0.65390625 0.815625 0.0484375 0.04296875
1 0.69140625 0.79921875 0.03671875 0.04453125
1 0.6265625 0.715625 0.040625 0.05546875
1 0.56484375 0.975 0.01875 0.04453125
1 0.70625 0.9671875 0.034375 0.065625
1 0.8328125 0.71640625 0.03125 0.05390625
1 0.73046875 0.69140625 0.02109375 0.034375
1 0.74296875 0.65859375 0.021875 0.04453125
1 0.6078125 0.590625 0.05703125 0.0328125
1 0.56484375 0.8765625 0.0359375 0.05546875
10 0.90234375 0.98046875 0.0484375 0.0390625
1 0.86953125 0.61171875 0.05 0.0671875
1 0.55390625 0.69375 0.03125 0.04296875
1 0.71171875 0.64140625 0.03203125 0.04140625
1 0.68515625 0.753125 0.02421875 0.03828125
1 0.60546875 0.68359375 0.03125 0.0625
1 0.61796875 0.65546875 0.03671875 0.05390625
1 0.61015625 0.79609375 0.02890625 0.04296875