7 0.53828125 0.14375 0.1328125 0.2515625
7 0.41484375 0.22265625 0.0703125 0.0921875
7 0.775 0.103125 0.04609375 0.17578125
11 0.99453125 0.1078125 0.0109375 0.059375
11 0.9234375 0.12109375 0.04453125 0.0609375
11 0.94140625 0.021875 0.0484375 0.04375
9 0.9609375 0.196875 0.0484375 0.07421875
10 0.38671875 0.4703125 0.0140625 0.059375
10 0.5796875 0.6125 0.0515625 0.04375
10 0.56875 0.52421875 0.0484375 0.05703125
9 0.42265625 0.62578125 0.0640625 0.0671875
9 0.5203125 0.51328125 0.059375 0.06875
9 0.5703125 0.65078125 0.059375 0.0171875
0 0.81484375 0.64453125 0.0328125 0.0296875
10 0.22109375 0.70859375 0.09140625 0.0859375
9 0.0328125 0.8828125 0.065625 0.1
9 0.0234375 0.81484375 0.046875 0.0765625
9 0.47578125 0.8375 0.04375 0.09609375
9 0.42109375 0.67109375 0.0390625 0.0234375
10 0.428125 0.790625 0.034375 0.075
9 0.39375 0.715625 0.028125 0.1125
1 0.78671875 0.70859375 0.04921875 0.0734375
1 0.7609375 0.75859375 0.03515625 0.06015625
1 0.69765625 0.671875 0.0265625 0.025
1 0.8 0.903125 0.046875 0.0796875