10 0.72109375 0.07109375 0.06171875 0.05859375
1 0.6015625 0.46171875 0.07109375 0.06171875
0 0.68046875 0.30703125 0.10703125 0.06796875
0 0.7125 0.4765625 0.096875 0.06796875
0 0.571875 0.32265625 0.04375 0.0640625
0 0.8140625 0.5375 0.10390625 0.01875
0 0.8453125 0.4125 0.07578125 0.05625
9 0.88828125 0.82421875 0.18828125 0.10390625
9 0.96640625 0.63984375 0.05546875 0.075
9 0.74453125 0.65078125 0.10546875 0.090625
9 0.67890625 0.565625 0.12421875 0.0375
10 0.6015625 0.8046875 0.07109375 0.053125
1 0.9703125 0.72578125 0.0296875 0.04765625
1 0.9921875 0.778125 0.015625 0.05
9 0.840625 0.69453125 0.096875 0.0796875
9 0.959375 0.95859375 0.08125 0.0828125