7 0.0203125 0.7265625 0.040625 0.1125
1 0.3765625 0.8375 0.0328125 0.08046875
1 0.3078125 0.83671875 0.06875 0.08046875
1 0.184375 0.928125 0.06484375 0.07109375
1 0.19296875 0.7984375 0.053125 0.021875
1 0.1171875 0.8359375 0.05703125 0.07109375
1 0.02265625 0.878125 0.0453125 0.0625
1 0.0625 0.7984375 0.05078125 0.021875
0 0.225 0.8640625 0.0609375 0.09140625
8 0.63671875 0.8171875 0.0875 0.11640625
8 0.5390625 0.9703125 0.0078125 0.01640625
8 0.52890625 0.978125 0.0453125 0.04375
1 0.75 0.8390625 0.0625 0.09765625
1 0.92734375 0.9328125 0.06328125 0.10234375
5 0.9578125 0.665625 0.084375 0.071875