1 0.45859375 0.121875 0.03828125 0.05625
10 0.94765625 0.390625 0.05078125 0.06875
10 0.93984375 0.30546875 0.05078125 0.0671875
10 0.83203125 0.23828125 0.05234375 0.0546875
10 0.7828125 0.27734375 0.05390625 0.065625
10 0.83828125 0.11796875 0.04609375 0.05625
10 0.80625 0.0828125 0.05859375 0.0796875
10 0.846875 0.3453125 0.04921875 0.04921875
10 0.88046875 0.31640625 0.05703125 0.06875
9 0.66953125 0.4140625 0.06015625 0.07421875
9 0.63515625 0.1 0.04921875 0.0671875
9 0.9296875 0.1796875 0.05078125 0.06328125
1 0.58671875 0.07578125 0.05234375 0.065625
1 0.54140625 0.3015625 0.03828125 0.04921875
1 0.57109375 0.234375 0.04609375 0.04921875
1 0.64921875 0.27265625 0.04921875 0.0671875
10 0.72109375 0.340625 0.05078125 0.0546875
9 0.8359375 0.17890625 0.05234375 0.06171875
1 0.890625 0.23046875 0.05390625 0.0578125
1 0.609375 0.134375 0.05703125 0.05625
9 0.775 0.21484375 0.06015625 0.0703125
9 0.6859375 0.31015625 0.06953125 0.07265625
10 0.69453125 0.5015625 0.06640625 0.07421875
9 0.98046875 0.49140625 0.0390625 0.0546875
1 0.134375 0.81796875 0.071875 0.053125
1 0.01328125 0.64921875 0.0265625 0.0546875
1 0.3 0.971875 0.078125 0.05625
1 0.2328125 0.975 0.03125 0.05
1 0.4484375 0.85703125 0.05 0.065625
10 0.45625 0.96171875 0.04375 0.05
11 0.55625 0.9640625 0.028125 0.071875
1 0.4203125 0.92890625 0.03125 0.04609375
1 0.49296875 0.93203125 0.05546875 0.0578125
1 0.45 0.91640625 0.03828125 0.0484375
10 0.88671875 0.8125 0.071875 0.08671875
10 0.9671875 0.61875 0.0625 0.1
9 0.76015625 0.74765625 0.06875 0.11953125
9 0.890625 0.69296875 0.0625 0.08828125