0 0.5609375 0.06015625 0.153125 0.1203125
5 0.815625 0.04765625 0.0640625 0.06015625
5 0.84921875 0.0890625 0.05390625 0.03828125
5 0.88125 0.03515625 0.03359375 0.04375
5 0.703125 0.1296875 0.0484375 0.0328125
7 0.9046875 0.55625 0.190625 0.10625
7 0.890625 0.47421875 0.12734375 0.103125
7 0.93125 0.3828125 0.1375 0.128125
7 0.7859375 0.38125 0.16640625 0.10703125
7 0.69375 0.57109375 0.090625 0.0765625
7 0.81796875 0.2171875 0.06484375 0.1125
7 0.87265625 0.275 0.1359375 0.1125
7 0.91640625 0.31953125 0.10625 0.09921875
7 0.7640625 0.478125 0.10390625 0.07421875
8 0.48984375 0.628125 0.0421875 0.0375
8 0.5203125 0.71640625 0.06953125 0.0796875
8 0.62734375 0.72109375 0.02890625 0.05078125
8 0.571875 0.9078125 0.0671875 0.0984375
8 0.72578125 0.975 0.0703125 0.05
8 0.7484375 0.7671875 0.0984375 0.09140625
8 0.7625 0.84765625 0.04609375 0.05703125
8 0.68203125 0.9 0.04296875 0.04921875
8 0.57734375 0.984375 0.1046875 0.03125