7 0.72421875 0.1203125 0.05078125 0.04609375
7 0.725 0.18203125 0.0375 0.05390625
7 0.68203125 0.21171875 0.03984375 0.05546875
7 0.734375 0.24296875 0.05078125 0.0609375
7 0.78125 0.165625 0.0640625 0.109375
7 0.7796875 0.275 0.04453125 0.07734375
7 0.88828125 0.39609375 0.0390625 0.09375
7 0.77734375 0.39609375 0.0328125 0.0546875
7 0.7015625 0.3796875 0.08984375 0.1078125
7 0.63203125 0.2828125 0.06484375 0.0546875
7 0.53828125 0.30234375 0.07109375 0.08515625
7 0.48671875 0.39921875 0.03203125 0.04296875
7 0.81171875 0.4421875 0.0515625 0.059375
1 0.040625 0.73125 0.05546875 0.07421875
1 0.378125 0.9828125 0.04375 0.034375
0 0.73203125 0.75234375 0.1109375 0.1265625
7 0.92109375 0.82734375 0.1578125 0.2734375