1 0.671875 0.4359375 0.05078125 0.07109375
1 0.81796875 0.23046875 0.0296875 0.07734375
9 0.74453125 0.56328125 0.0703125 0.0515625
9 0.6046875 0.44765625 0.05078125 0.0890625
9 0.665625 0.35390625 0.0578125 0.07734375
11 0.91640625 0.54609375 0.1671875 0.0859375
9 0.58515625 0.79765625 0.0578125 0.078125
1 0.96953125 0.65078125 0.0609375 0.0890625
1 0.5546875 0.6578125 0.05625 0.078125
1 0.87890625 0.60546875 0.0578125 0.0328125
1 0.71328125 0.7890625 0.04296875 0.0546875
1 0.7125 0.8546875 0.046875 0.07109375
1 0.79453125 0.62109375 0.0515625 0.0640625
1 0.79375 0.690625 0.05078125 0.06953125
1 0.653125 0.60390625 0.05 0.0296875
1 0.67578125 0.70234375 0.05234375 0.06796875
1 0.65234375 0.803125 0.05 0.0625
1 0.72578125 0.66953125 0.05078125 0.06640625
1 0.828125 0.60390625 0.05 0.0296875
1 0.73984375 0.6046875 0.0734375 0.03125