10 0.1125 0.5265625 0.05625 0.10625
1 0.02109375 0.7046875 0.0421875 0.053125
1 0.11640625 0.6765625 0.04140625 0.07578125
1 0.0625 0.61484375 0.02421875 0.05859375
1 0.13828125 0.92578125 0.0734375 0.05859375
9 0.0078125 0.9171875 0.015625 0.053125
0 0.33203125 0.7078125 0.0953125 0.078125
9 0.25703125 0.5796875 0.0546875 0.078125
9 0.24296875 0.6765625 0.06015625 0.08671875
1 0.65234375 0.56328125 0.04765625 0.05390625
1 0.671875 0.68125 0.0296875 0.02265625
9 0.79453125 0.46796875 0.1109375 0.0765625
11 0.88828125 0.47578125 0.1140625 0.0921875
9 0.58125 0.91796875 0.209375 0.1640625
1 0.5265625 0.74140625 0.08203125 0.09609375
1 0.62109375 0.715625 0.05546875 0.046875
1 0.59140625 0.96875 0.01796875 0.01796875
10 0.9703125 0.74765625 0.059375 0.0890625
1 0.9421875 0.9875 0.1 0.025