5 0.0234375 0.9265625 0.046875 0.11875
5 0.0234375 0.8171875 0.046875 0.1375
5 0.01875 0.94609375 0.0375 0.1078125
1 0.23671875 0.9609375 0.05625 0.065625
1 0.17109375 0.7859375 0.04140625 0.0484375
1 0.36875 0.8765625 0.053125 0.08046875
1 0.48515625 0.74921875 0.0484375 0.0953125
1 0.28203125 0.81640625 0.0734375 0.09296875
11 0.12578125 0.93359375 0.06796875 0.09296875
11 0.42734375 0.77109375 0.046875 0.0828125
11 0.35390625 0.78359375 0.06953125 0.090625
9 0.2015625 0.7484375 0.046875 0.0609375
0 0.70859375 0.76015625 0.06796875 0.05546875
0 0.70859375 0.7078125 0.0609375 0.015625