1 0.459375 0.546875 0.040625 0.034375
11 0.8953125 0.5875 0.1375 0.115625
6 0.51640625 0.73515625 0.1046875 0.07734375
6 0.45703125 0.8328125 0.0359375 0.05625
10 0.70078125 0.7328125 0.0671875 0.065625
11 0.60234375 0.81484375 0.12421875 0.121875
9 0.52890625 0.97734375 0.0984375 0.0453125
6 0.47265625 0.875 0.0671875 0.059375
1 0.75546875 0.92578125 0.04296875 0.0515625
1 0.89375 0.65859375 0.07109375 0.025
0 0.95546875 0.67734375 0.0890625 0.0640625
0 0.9828125 0.80625 0.034375 0.06875
0 0.91484375 0.93984375 0.08203125 0.06484375
0 0.9609375 0.8828125 0.078125 0.065625
0 0.8 0.9671875 0.05703125 0.05
0 0.80390625 0.85625 0.06484375 0.05703125
0 0.84609375 0.7890625 0.0578125 0.05