9 0.81796875 0.2609375 0.08046875 0.0765625
9 0.71953125 0.03671875 0.0453125 0.0734375
10 0.8265625 0.5390625 0.08125 0.040625
0 0.8484375 0.3984375 0.084375 0.07265625
0 0.87734375 0.1890625 0.11875 0.0953125
10 0.19296875 0.7203125 0.08046875 0.09140625
10 0.603125 0.73125 0.053125 0.059375
0 0.21328125 0.57421875 0.0828125 0.0296875
10 0.734375 0.68359375 0.14140625 0.109375
9 0.96015625 0.79921875 0.0796875 0.0953125
0 0.72734375 0.9734375 0.0859375 0.053125
0 0.984375 0.61171875 0.03125 0.1046875