7 0.16484375 0.5890625 0.3296875 0.1
9 0.38125 0.7046875 0.1109375 0.08125
9 0.59609375 0.70390625 0.07109375 0.07734375
9 0.15703125 0.90546875 0.07109375 0.096875
9 0.503125 0.9609375 0.11875 0.078125
9 0.0421875 0.66328125 0.084375 0.0484375
11 0.1765625 0.66484375 0.09140625 0.05078125
10 0.115625 0.97734375 0.06875 0.0453125
9 0.0921875 0.77578125 0.103125 0.096875
0 0.72890625 0.8375 0.0859375 0.15625
0 0.684375 0.87265625 0.06875 0.1734375
9 0.71015625 0.75859375 0.04140625 0.0625
4 0.965625 0.72578125 0.05546875 0.0796875
7 0.85078125 0.6734375 0.11796875 0.0296875
7 0.8421875 0.73359375 0.1 0.15078125