8 0.753125 0.0125 0.04375 0.025
8 0.7171875 0.0671875 0.04765625 0.04609375
8 0.72265625 0.02578125 0.040625 0.04140625
8 0.853125 0.009375 0.040625 0.01875
8 0.6890625 0.10546875 0.0546875 0.0515625
8 0.93359375 0.0171875 0.0546875 0.034375
8 0.865625 0.04453125 0.08359375 0.07265625
8 0.8109375 0.0203125 0.06875 0.040625
8 0.74765625 0.1375 0.03359375 0.03359375
1 0.99375 0.375 0.0125 0.084375
11 0.7859375 0.590625 0.05 0.01875
0 0.71328125 0.5015625 0.0609375 0.05703125
10 0.7828125 0.4859375 0.05078125 0.04921875
1 0.68203125 0.42421875 0.0296875 0.03515625
1 0.78046875 0.36015625 0.05546875 0.0578125
1 0.8703125 0.51875 0.03515625 0.04453125
1 0.8125 0.41875 0.03828125 0.0609375
1 0.603125 0.49296875 0.065625 0.0640625
1 0.35390625 0.86484375 0.0640625 0.103125
1 0.409375 0.76953125 0.0625 0.09453125
1 0.42421875 0.621875 0.0734375 0.04375