8 0.65078125 0.46015625 0.05859375 0.053125
8 0.721875 0.38984375 0.06484375 0.0515625
8 0.703125 0.4390625 0.05234375 0.046875
8 0.56640625 0.48671875 0.06875 0.0484375
8 0.50859375 0.4375 0.05234375 0.05
8 0.74375 0.5140625 0.04375 0.03828125
8 0.7734375 0.35234375 0.075 0.053125
8 0.52265625 0.46171875 0.0515625 0.03671875
8 0.50390625 0.37734375 0.11484375 0.075
8 0.571875 0.43359375 0.09375 0.06328125
8 0.61015625 0.4828125 0.07265625 0.05
8 0.6984375 0.296875 0.04375 0.034375
11 0.95078125 0.51484375 0.04375 0.078125
1 0.49609375 0.890625 0.10390625 0.03671875
1 0.44375 0.93984375 0.028125 0.0421875
1 0.62578125 0.8234375 0.0421875 0.0265625
1 0.58984375 0.8078125 0.04140625 0.03515625
10 0.77578125 0.93125 0.03984375 0.028125
10 0.49765625 0.96484375 0.05234375 0.0296875
10 0.5984375 0.96953125 0.0578125 0.03984375
10 0.97421875 0.91015625 0.0515625 0.1296875
10 0.93671875 0.9796875 0.0296875 0.040625