10 0.13984375 0.17890625 0.15703125 0.0953125
9 0.38046875 0.17890625 0.09609375 0.090625
9 0.27265625 0.31171875 0.146875 0.0640625
10 0.31015625 0.559375 0.0515625 0.01875
9 0.0859375 0.84609375 0.06796875 0.090625
10 0.0796875 0.94296875 0.034375 0.0421875
10 0.00390625 0.90234375 0.0078125 0.0359375
10 0.00546875 0.9546875 0.0109375 0.046875
1 0.98671875 0.7890625 0.0265625 0.065625
1 0.790625 0.94375 0.04296875 0.03828125
1 0.8140625 0.90390625 0.0328125 0.034375
1 0.82265625 0.590625 0.03984375 0.03203125
1 0.84140625 0.63671875 0.0515625 0.0359375
1 0.66953125 0.84921875 0.04609375 0.03515625