10 0.11015625 0.13203125 0.0375 0.0625
10 0.1328125 0.21171875 0.0359375 0.059375
11 0.01640625 0.18515625 0.0328125 0.0984375
0 0.009375 0.021875 0.01875 0.04375
0 0.00859375 0.31015625 0.0171875 0.0453125
0 0.06953125 0.11953125 0.0375 0.0609375
9 0.47578125 0.32421875 0.0484375 0.0203125
11 0.27421875 0.03046875 0.0546875 0.0609375
11 0.48359375 0.2609375 0.06328125 0.125
11 0.35078125 0.31484375 0.0421875 0.0390625
11 0.27109375 0.20703125 0.0640625 0.09453125
10 0.4203125 0.09921875 0.0640625 0.08125
10 0.20546875 0.009375 0.0453125 0.01875
11 0.2234375 0.1390625 0.08203125 0.11328125
1 0.58671875 0.040625 0.0640625 0.08125
8 0.8859375 0.371875 0.05546875 0.07421875
8 0.82265625 0.19296875 0.09375 0.1078125
8 0.89296875 0.165625 0.0578125 0.06953125
8 0.88046875 0.2375 0.05625 0.07578125
4 0.134375 0.54296875 0.16875 0.1859375
4 0.11953125 0.98359375 0.0671875 0.0328125
6 0.90546875 0.70625 0.13984375 0.16328125
6 0.8890625 0.8609375 0.0640625 0.07265625
6 0.5703125 0.4734375 0.05 0.046875