0 0.06640625 0.33671875 0.1140625 0.0265625
0 0.1125 0.19296875 0.1046875 0.1125
1 0.62109375 0.009375 0.0953125 0.01875
1 0.78828125 0.2453125 0.0953125 0.06484375
1 0.6328125 0.13515625 0.0578125 0.03515625
1 0.5203125 0.3390625 0.04375 0.021875
1 0.934375 0.2890625 0.06015625 0.04609375
1 0.74296875 0.31171875 0.0484375 0.03046875
1 0.8796875 0.05625 0.03828125 0.04765625
1 0.6296875 0.17734375 0.05234375 0.02578125
1 0.44765625 0.3171875 0.04375 0.0375
1 0.58515625 0.23203125 0.0421875 0.0421875
0 0.1140625 0.7421875 0.053125 0.065625
7 0.03828125 0.54765625 0.0765625 0.1171875
5 0.10625 0.9625 0.1875 0.075
3 0.4609375 0.64296875 0.07734375 0.1859375
3 0.9703125 0.58125 0.059375 0.125
10 0.28828125 0.41484375 0.0578125 0.1296875
10 0.91875 0.45546875 0.0421875 0.12578125
10 0.8046875 0.5921875 0.03984375 0.10390625