1 0.0796875 0.32890625 0.0984375 0.090625
10 0.5015625 0.53515625 0.0640625 0.06640625
10 0.228125 0.29609375 0.1421875 0.065625
1 0.22109375 0.41640625 0.2171875 0.09765625
1 0.1046875 0.56953125 0.08125 0.0390625
1 0.25234375 0.53359375 0.14609375 0.09375
9 0.9703125 0.39296875 0.059375 0.1296875
9 0.05546875 0.94765625 0.1109375 0.1015625
9 0.265625 0.94453125 0.115625 0.1109375
9 0.73984375 0.64609375 0.07734375 0.1109375
9 0.5734375 0.86484375 0.12109375 0.09609375
10 0.7546875 0.76796875 0.06875 0.1046875