10 0.321875 0.50859375 0.071875 0.0609375
9 0.41953125 0.12890625 0.0609375 0.1015625
3 0.30234375 0.2640625 0.04140625 0.0875
3 0.21171875 0.04140625 0.0484375 0.0828125
10 0.37109375 0.3359375 0.0578125 0.07109375
10 0.14140625 0.46015625 0.04765625 0.06875
8 0.584375 0.1625 0.04765625 0.10703125
8 0.51015625 0.21953125 0.06640625 0.10546875
8 0.46640625 0.0609375 0.0328125 0.06875
1 0.92265625 0.14921875 0.08046875 0.05078125
10 0.5421875 0.3421875 0.03671875 0.05625
1 0.72890625 0.32109375 0.0765625 0.0765625
0 0.95234375 0.38671875 0.0953125 0.0921875
0 0.96640625 0.49140625 0.0671875 0.0953125
0 0.82578125 0.296875 0.078125 0.04921875
0 0.7484375 0.44921875 0.08984375 0.08359375
10 0.15859375 0.70390625 0.08203125 0.134375
10 0.353125 0.59140625 0.0578125 0.078125
0 0.01796875 0.95 0.0359375 0.1
0 0.08203125 0.65625 0.07578125 0.12890625
0 0.2046875 0.94921875 0.0859375 0.0984375