4 0.4375 0.5015625 0.1171875 0.17421875
1 0.3609375 0.32109375 0.12109375 0.1359375
10 0.36328125 0.4390625 0.0515625 0.0765625
0 0.221875 0.4828125 0.07421875 0.09609375
1 0.70859375 0.64453125 0.02578125 0.05625
1 0.65234375 0.515625 0.03359375 0.07734375
1 0.8421875 0.5171875 0.0234375 0.059375
1 0.934375 0.42734375 0.0515625 0.13203125
1 0.78203125 0.56640625 0.0265625 0.07734375
1 0.74921875 0.3234375 0.034375 0.09765625
1 0.68203125 0.328125 0.0265625 0.07265625
1 0.8765625 0.53671875 0.01875 0.0609375
1 0.8265625 0.425 0.01953125 0.0515625
1 0.7421875 0.64609375 0.0234375 0.06796875
1 0.746875 0.59921875 0.02578125 0.04453125
1 0.69140625 0.52734375 0.0296875 0.0640625
9 0.2421875 0.76328125 0.0765625 0.0671875
4 0.08828125 0.98046875 0.0953125 0.0390625
9 0.8046875 0.7828125 0.06796875 0.03125
9 0.825 0.90546875 0.03828125 0.02265625
9 0.753125 0.928125 0.0390625 0.025
9 0.734375 0.946875 0.028125 0.025
11 0.78984375 0.90390625 0.0453125 0.02421875
10 0.9015625 0.9078125 0.0359375 0.02578125
9 0.90625 0.76171875 0.0421875 0.01875
9 0.77109375 0.740625 0.08359375 0.02109375