9 0.56171875 0.05 0.05234375 0.04609375
9 0.53828125 0.17109375 0.04296875 0.0578125
9 0.47265625 0.096875 0.0078125 0.040625
1 0.52109375 0.2578125 0.03125 0.03671875
9 0.83359375 0.09296875 0.071875 0.0984375
1 0.97578125 0.26875 0.0484375 0.053125
1 0.67265625 0.028125 0.0609375 0.05625
11 0.525 0.45625 0.07421875 0.0984375
9 0.70703125 0.38828125 0.1296875 0.12890625
10 0.88828125 0.5875 0.0765625 0.025
1 0.9046875 0.3921875 0.06328125 0.09140625
1 0.9796875 0.3234375 0.040625 0.05625
0 0.925 0.48828125 0.15 0.1640625