11 0.53515625 0.1578125 0.1046875 0.0703125
11 0.70234375 0.3125 0.1453125 0.0671875
1 0.665625 0.08359375 0.075 0.0453125
1 0.83671875 0.11796875 0.06796875 0.06875
1 0.571875 0.325 0.04609375 0.08203125
1 0.503125 0.33828125 0.0328125 0.053125
1 0.696875 0.484375 0.071875 0.06875
9 0.78984375 0.49296875 0.0796875 0.0515625
9 0.86640625 0.459375 0.053125 0.0859375
9 0.6703125 0.19140625 0.09921875 0.08203125
1 0.73125 0.0109375 0.071875 0.021875
11 0.48359375 0.56875 0.0296875 0.1
10 0.5953125 0.5578125 0.040625 0.078125
10 0.99140625 0.71015625 0.0171875 0.0515625
10 0.90390625 0.71640625 0.0625 0.0515625
10 0.8046875 0.5671875 0.04921875 0.0546875
1 0.659375 0.74609375 0.05078125 0.08671875
1 0.7078125 0.5859375 0.04296875 0.03984375
1 0.765625 0.56640625 0.03359375 0.03125