10 0.175 0.225 0.0890625 0.0890625
10 0.9671875 0.16875 0.065625 0.103125
11 0.590625 0.1953125 0.11875 0.16875
11 0.775 0.2484375 0.084375 0.0625
10 0.14765625 0.28828125 0.0359375 0.0171875
1 0.24609375 0.40078125 0.10234375 0.08125
1 0.190625 0.35859375 0.06171875 0.04765625
1 0.03046875 0.33515625 0.03046875 0.03359375
1 0.096875 0.3609375 0.0359375 0.03359375
1 0.01875 0.39765625 0.03125 0.0375
1 0.1984375 0.403125 0.0546875 0.059375
1 0.33515625 0.38828125 0.02734375 0.040625
4 0.0171875 0.29609375 0.03125 0.0328125
11 0.21953125 0.30390625 0.0609375 0.0484375
9 0.346875 0.56640625 0.084375 0.1109375
9 0.125 0.990625 0.09375 0.01875
9 0.30625 0.96328125 0.08125 0.0734375
1 0.63046875 0.8609375 0.07890625 0.090625
1 0.70703125 0.88203125 0.06015625 0.07578125
1 0.71328125 0.81484375 0.06484375 0.07265625
11 0.76171875 0.7046875 0.06640625 0.084375
11 0.91015625 0.9671875 0.0765625 0.065625
11 0.83203125 0.7859375 0.06875 0.1015625
11 0.79453125 0.959375 0.05 0.06328125
11 0.66875 0.98671875 0.059375 0.0265625
10 0.715625 0.590625 0.06015625 0.0859375
0 0.578125 0.76015625 0.07109375 0.08203125
0 0.721875 0.75 0.14609375 0.12578125
0 0.753125 0.928125 0.07265625 0.090625
1 0.825 0.86640625 0.0390625 0.053125
1 0.815625 0.925 0.05234375 0.05625
1 0.68203125 0.61875 0.03984375 0.0484375