11 0.26953125 0.39609375 0.2484375 0.2453125
10 0.446875 0.265625 0.05859375 0.06171875
10 0.14375 0.203125 0.05 0.06328125
10 0.13125 0.25859375 0.01015625 0.0375
10 0.46171875 0.3703125 0.0671875 0.0734375
4 0.3671875 0.3 0.04140625 0.06875
12 0.72421875 0.11640625 0.0296875 0.1171875
12 0.796875 0.13125 0.14921875 0.1546875
5 0.03984375 0.75 0.0796875 0.21875
5 0.05234375 0.94453125 0.1046875 0.1109375
1 0.58671875 0.9421875 0.03203125 0.04375
1 0.6046875 0.971875 0.025 0.05625
1 0.5484375 0.93828125 0.025 0.0484375
1 0.50078125 0.925 0.02578125 0.04375
1 0.45625 0.9796875 0.01640625 0.03984375
1 0.51953125 0.984375 0.0171875 0.03125
0 0.4859375 0.984375 0.028125 0.03125