1 0.86484375 0.03125 0.0828125 0.0625
10 0.628125 0.10078125 0.06796875 0.0515625
1 0.7328125 0.10859375 0.04375 0.03125
1 0.66484375 0.08203125 0.04140625 0.03515625
1 0.5515625 0.05546875 0.03984375 0.04453125
1 0.7953125 0.15 0.084375 0.05625
1 0.73359375 0.10546875 0.05078125 0.05
11 0.88359375 0.35234375 0.05625 0.025
11 0.88828125 0.3171875 0.09609375 0.05
11 0.9484375 0.375 0.05859375 0.05625
11 0.88125 0.4 0.046875 0.0484375
9 0.76328125 0.6203125 0.0671875 0.01875
9 0.821875 0.44296875 0.0546875 0.0234375
9 0.7640625 0.49921875 0.046875 0.0484375
10 0.84453125 0.5828125 0.0421875 0.04140625
10 0.85 0.515625 0.0671875 0.046875
1 0.6765625 0.3953125 0.0671875 0.03671875
1 0.6 0.33828125 0.05390625 0.0546875
1 0.97109375 0.46875 0.0328125 0.03359375
1 0.98515625 0.5875 0.0296875 0.0375
1 0.846875 0.62421875 0.034375 0.0109375
1 0.71484375 0.6 0.05078125 0.03671875
1 0.63984375 0.6203125 0.0453125 0.01875
1 0.6078125 0.5203125 0.05078125 0.04453125
1 0.815625 0.54609375 0.04375 0.03671875
1 0.3109375 0.8140625 0.07421875 0.0609375
9 0.41875 0.9125 0.04921875 0.075
9 0.40078125 0.85859375 0.046875 0.02890625
9 0.35078125 0.940625 0.06640625 0.08984375