10 0.49296875 0.55859375 0.05078125 0.065625
10 0.30546875 0.50625 0.0640625 0.053125
10 0.196875 0.49921875 0.0375 0.0390625
10 0.146875 0.56328125 0.04140625 0.05390625
10 0.39296875 0.56484375 0.04375 0.0625
4 0.26015625 0.5640625 0.0765625 0.08671875
1 0.28046875 0.7421875 0.08203125 0.096875
1 0.33984375 0.65078125 0.08359375 0.0625
10 0.15625 0.51875 0.0421875 0.05859375
1 0.38125 0.90234375 0.04375 0.02421875
1 0.4578125 0.896875 0.03984375 0.03671875
1 0.46328125 0.4921875 0.0546875 0.025
1 0.38125 0.89296875 0.04921875 0.04296875
1 0.0265625 0.978125 0.015625 0.04375