10 0.5390625 0.15859375 0.065625 0.06484375
11 0.63984375 0.121875 0.07734375 0.10546875
11 0.5328125 0.07734375 0.18515625 0.0890625
11 0.4859375 0.01953125 0.09375 0.0390625
10 0.65703125 0.203125 0.0421875 0.07265625
10 0.65625 0.27109375 0.04375 0.07890625
10 0.64140625 0.3265625 0.07421875 0.08515625
10 0.6125 0.03828125 0.06328125 0.06484375
10 0.56171875 0.2953125 0.07734375 0.096875
4 0.8859375 0.009375 0.04375 0.01875
9 0.5515625 0.4296875 0.06875 0.0625
9 0.4953125 0.59140625 0.05 0.0359375
8 0.8890625 0.52734375 0.05625 0.05703125
1 0.5296875 0.8953125 0.03671875 0.0953125
1 0.97890625 0.68046875 0.0421875 0.1421875
1 0.5375 0.6625 0.1 0.10625
1 0.78125 0.78203125 0.16015625 0.1546875
1 0.84375 0.97109375 0.3125 0.0578125
1 0.5984375 0.959375 0.1 0.08125