9 0.0046875 0.0375 0.009375 0.04375
4 0.04296875 0.10234375 0.0546875 0.0453125
0 0.0609375 0.19765625 0.06015625 0.04296875
0 0.0640625 0.0609375 0.06484375 0.04609375
0 0.05234375 0.025 0.0515625 0.02734375
5 0.4546875 0.09765625 0.08125 0.05703125
5 0.5140625 0.05703125 0.0671875 0.05
5 0.53125 0.153125 0.04609375 0.04765625
10 0.14921875 0.51953125 0.0359375 0.0390625
10 0.2703125 0.46875 0.05625 0.0703125
11 0.3203125 0.29609375 0.08359375 0.03203125
11 0.3359375 0.46953125 0.109375 0.1390625
9 0.215625 0.48203125 0.05234375 0.06875
9 0.16328125 0.46171875 0.046875 0.0625
1 0.69609375 0.0625 0.07265625 0.1140625
1 0.7765625 0.14765625 0.06875 0.07890625
6 0.84765625 0.35703125 0.1046875 0.07734375
6 0.6828125 0.41171875 0.09375 0.06875
6 0.775 0.45546875 0.0625 0.05546875
6 0.71953125 0.34765625 0.11015625 0.0921875
6 0.6109375 0.30234375 0.0625 0.0703125
11 0.93359375 0.43671875 0.12421875 0.121875
6 0.803125 0.49765625 0.07109375 0.05859375