1 0.24140625 0.30234375 0.09140625 0.14453125
1 0.1 0.4625 0.0625 0.10625
1 0.7375 0.38671875 0.04296875 0.1
9 0.5078125 0.48515625 0.05625 0.0890625
4 0.43125 0.54921875 0.034375 0.0390625
9 0.034375 0.925 0.06875 0.040625
9 0.340625 0.9625 0.0703125 0.04140625
9 0.45234375 0.8640625 0.0546875 0.03125
11 0.4078125 0.8640625 0.07109375 0.03203125
1 0.39921875 0.68515625 0.0703125 0.03125
1 0.34453125 0.72890625 0.084375 0.03828125
1 0.2390625 0.73359375 0.04296875 0.01875
1 0.2953125 0.66484375 0.0515625 0.02578125
1 0.1953125 0.85078125 0.04375 0.02109375
1 0.21171875 0.8734375 0.03984375 0.01875
1 0.371875 0.7875 0.06875 0.03125
4 0.61640625 0.5875 0.0921875 0.115625
1 0.5765625 0.76640625 0.10390625 0.109375
10 0.55703125 0.65078125 0.040625 0.0671875
0 0.97734375 0.63125 0.0453125 0.203125