1 0.196875 0.1171875 0.0625 0.10625
1 0.6359375 0.28359375 0.046875 0.1828125
0 0.90546875 0.26640625 0.10078125 0.1703125
1 0.98359375 0.25 0.0328125 0.1
7 0.13125 0.50390625 0.096875 0.1890625
7 0.04453125 0.4453125 0.0890625 0.071875
11 0.04921875 0.83984375 0.0984375 0.0734375
11 0.10546875 0.8328125 0.04921875 0.03046875
0 0.0125 0.90859375 0.025 0.0484375
0 0.0453125 0.9875 0.090625 0.025
0 0.18984375 0.96328125 0.14453125 0.06796875
5 0.58984375 0.81328125 0.1390625 0.1765625
5 0.53984375 0.89375 0.1671875 0.2125
5 0.61640625 0.91796875 0.0859375 0.1640625
1 0.97890625 0.48828125 0.0421875 0.0578125
1 0.79765625 0.48046875 0.0546875 0.03828125
1 0.83359375 0.41796875 0.0484375 0.0171875
1 0.7078125 0.54375 0.03125 0.0296875
1 0.71640625 0.61953125 0.04453125 0.04375