4 0.60390625 0.025 0.1109375 0.05
1 0.0578125 0.08984375 0.115625 0.0796875
1 0.19453125 0.27265625 0.0546875 0.0578125
1 0.02265625 0.2140625 0.03984375 0.07109375
1 0.18671875 0.2046875 0.0453125 0.0421875
1 0.1578125 0.14765625 0.034375 0.040625
1 0.12578125 0.35625 0.03671875 0.05546875
9 0.60390625 0.13046875 0.1109375 0.1609375
4 0.559375 0.0734375 0.06015625 0.0453125
1 0.5046875 0.3546875 0.078125 0.06875
0 0.41953125 0.0984375 0.065625 0.09609375
0 0.44921875 0.24609375 0.06328125 0.13359375
0 0.38515625 0.23984375 0.05625 0.09140625
0 0.58046875 0.278125 0.07265625 0.09296875
4 0.7765625 0.29921875 0.09140625 0.153125
10 0.715625 0.36796875 0.040625 0.0421875
10 0.0265625 0.6265625 0.03984375 0.075
10 0.36484375 0.57109375 0.06015625 0.065625
10 0.61015625 0.73515625 0.0484375 0.06328125
3 0.06875 0.98359375 0.05 0.0328125
3 0.09765625 0.85703125 0.04140625 0.065625
3 0.40703125 0.97265625 0.0734375 0.0546875
3 0.37578125 0.89296875 0.0546875 0.078125
3 0.32890625 0.9578125 0.0359375 0.06171875
3 0.11796875 0.50546875 0.1078125 0.06015625
3 0.07421875 0.43046875 0.0546875 0.0828125
3 0.45234375 0.8796875 0.05390625 0.05546875
9 0.665625 0.8578125 0.0125 0.08125
9 0.67421875 0.54296875 0.0296875 0.1234375
9 0.9203125 0.503125 0.06875 0.103125
1 0.79765625 0.58671875 0.0546875 0.09375
1 0.878125 0.41328125 0.034375 0.0484375
1 0.8453125 0.45078125 0.040625 0.05859375
9 0.79765625 0.42265625 0.0546875 0.0671875