1 0.76171875 0.41484375 0.06328125 0.09375
1 0.753125 0.22421875 0.03828125 0.07890625
10 0.26875 0.74375 0.08125 0.128125
9 0.20625 0.9359375 0.13125 0.128125
1 0.3671875 0.5953125 0.03515625 0.0625
1 0.54609375 0.69140625 0.009375 0.05546875
11 0.3890625 0.50078125 0.028125 0.0421875
11 0.334375 0.5265625 0.0484375 0.06640625
9 0.6921875 0.78359375 0.08203125 0.0734375
9 0.76640625 0.5078125 0.0609375 0.05625
9 0.8625 0.490625 0.071875 0.021875
0 0.81875 0.65546875 0.08203125 0.06953125
0 0.7546875 0.703125 0.07265625 0.06796875
9 0.5265625 0.875 0.0484375 0.05390625
9 0.44453125 0.91328125 0.0390625 0.08984375
10 0.93515625 0.871875 0.05234375 0.046875