10 0.46796875 0.47109375 0.08203125 0.134375
10 0.109375 0.49140625 0.053125 0.1171875
10 0.64140625 0.3578125 0.0171875 0.078125
10 0.06953125 0.33515625 0.05234375 0.11953125
11 0.015625 0.42109375 0.03125 0.2515625
11 0.26953125 0.37421875 0.0796875 0.19765625
0 0.39140625 0.4234375 0.07578125 0.12890625
0 0.6390625 0.05 0.021875 0.1
0 0.26328125 0.11328125 0.04375 0.09609375
0 0.1734375 0.503125 0.053125 0.09375
11 0.7 0.4109375 0.1 0.0375
1 0.6890625 0.109375 0.078125 0.0875
10 0.66640625 0.18046875 0.0328125 0.0484375
0 0.79375 0.21640625 0.078125 0.0609375
9 0.66171875 0.53515625 0.0234375 0.0296875
3 0.584375 0.9625 0.084375 0.075
9 0.63984375 0.88671875 0.0203125 0.0953125
9 0.4953125 0.70703125 0.0796875 0.09453125
9 0.20234375 0.959375 0.0484375 0.08125
9 0.5921875 0.81640625 0.07578125 0.08203125
9 0.51796875 0.5703125 0.0828125 0.040625