9 0.00859375 0.19140625 0.0171875 0.0984375
9 0.175 0.33671875 0.0765625 0.11484375
9 0.09609375 0.05859375 0.05625 0.0640625
9 0.09609375 0.22421875 0.046875 0.07421875
9 0.1171875 0.30546875 0.03984375 0.0625
1 0.57265625 0.05625 0.02421875 0.0765625
9 0.81328125 0.3546875 0.03828125 0.0953125
1 0.49140625 0.02578125 0.0296875 0.0515625
1 0.6296875 0.0828125 0.034375 0.0609375
1 0.7796875 0.028125 0.03125 0.05625
1 0.82578125 0.0984375 0.0453125 0.05078125
10 0.225 0.5734375 0.05625 0.05859375
1 0.171875 0.52578125 0.04140625 0.04140625
1 0.103125 0.44140625 0.04765625 0.0375
4 0.4390625 0.50078125 0.021875 0.0765625
9 0.0609375 0.86171875 0.03515625 0.02890625
9 0.01875 0.875 0.0375 0.0203125
9 0.028125 0.9265625 0.0515625 0.02890625
1 0.3328125 0.7515625 0.0453125 0.0734375
0 0.359375 0.984375 0.1 0.03125
0 0.4234375 0.7609375 0.053125 0.159375
0 0.50703125 0.44765625 0.0640625 0.0765625
5 0.95390625 0.8828125 0.0875 0.1046875
5 0.89765625 0.6640625 0.10390625 0.15390625
5 0.96484375 0.76796875 0.0703125 0.1421875