9 0.2734375 0.40234375 0.08046875 0.06953125
9 0.2703125 0.334375 0.096875 0.06328125
9 0.0484375 0.325 0.07890625 0.07109375
10 0.99140625 0.2578125 0.0171875 0.06875
10 0.94453125 0.13359375 0.0484375 0.06328125
3 0.4828125 0.44765625 0.028125 0.0578125
3 0.7421875 0.37265625 0.07421875 0.05546875
3 0.75859375 0.42734375 0.06796875 0.05390625
3 0.71015625 0.29140625 0.0546875 0.078125
3 0.66328125 0.35625 0.0359375 0.06171875
3 0.78671875 0.278125 0.05390625 0.05546875
0 0.31171875 0.946875 0.05078125 0.06875
0 0.39453125 0.61796875 0.0453125 0.1015625
11 0.38515625 0.75546875 0.06875 0.1015625
4 0.43125 0.98203125 0.0625 0.0359375
9 0.5546875 0.9734375 0.071875 0.053125
9 0.503125 0.96875 0.06875 0.0625
9 0.73125 0.90078125 0.06015625 0.07265625