11 0.2109375 0.246875 0.1046875 0.0984375
0 0.32265625 0.1890625 0.11875 0.08671875
0 0.34296875 0.11015625 0.08046875 0.07734375
8 0.98984375 0.04296875 0.0203125 0.0859375
8 0.78828125 0.12734375 0.046875 0.08203125
8 0.671875 0.32578125 0.08671875 0.1078125
8 0.73515625 0.39765625 0.0515625 0.0421875
8 0.74375 0.30703125 0.046875 0.084375
8 0.8953125 0.25546875 0.0703125 0.1171875
1 0.33203125 0.96484375 0.028125 0.0484375
1 0.37890625 0.9140625 0.028125 0.0484375
1 0.40078125 0.53046875 0.03203125 0.065625
1 0.43671875 0.44765625 0.0265625 0.0515625
1 0.425 0.7734375 0.03203125 0.06015625
1 0.2796875 0.83828125 0.05546875 0.0578125
9 0.32890625 0.64921875 0.04765625 0.06953125
9 0.28046875 0.74296875 0.06015625 0.08046875
9 0.14609375 0.91171875 0.0515625 0.084375
9 0.0796875 0.7984375 0.0546875 0.09375
10 0.44296875 0.84765625 0.0140625 0.0828125
1 0.6015625 0.45703125 0.053125 0.0765625
1 0.5671875 0.834375 0.15 0.20234375
1 0.859375 0.92578125 0.28125 0.1484375
1 0.82890625 0.57578125 0.0796875 0.19609375