10 0.05 0.01328125 0.075 0.0265625
1 0.384375 0.353125 0.11015625 0.13046875
1 0.5125 0.25703125 0.134375 0.2125
1 0.79453125 0.3390625 0.3140625 0.1984375
1 0.7390625 0.10859375 0.1625 0.21640625
1 0.5953125 0.140625 0.1203125 0.15390625
1 0.6125 0.02421875 0.1125 0.0484375
1 0.440625 0.27578125 0.11171875 0.14296875
1 0.5859375 0.32734375 0.18984375 0.221875
1 0.13203125 0.553125 0.05546875 0.0375
1 0.053125 0.55546875 0.01875 0.0359375
1 0.25703125 0.75546875 0.0484375 0.0625
1 0.15234375 0.6421875 0.03203125 0.04453125
1 0.2375 0.61484375 0.01875 0.034375
1 0.20390625 0.678125 0.075 0.071875
1 0.20625 0.621875 0.034375 0.059375
1 0.05859375 0.659375 0.03671875 0.05390625
1 0.11640625 0.44921875 0.03046875 0.02109375
1 0.19609375 0.77890625 0.03046875 0.046875
1 0.26640625 0.53828125 0.03203125 0.04453125
1 0.1375 0.7 0.03046875 0.075
1 0.09765625 0.646875 0.0265625 0.0375
9 0.08203125 0.88828125 0.040625 0.0734375
9 0.18359375 0.96796875 0.02890625 0.05
9 0.05546875 0.79453125 0.0453125 0.04140625
9 0.284375 0.62890625 0.0390625 0.05546875
0 0.18671875 0.84921875 0.04921875 0.0515625
5 0.6546875 0.5359375 0.06328125 0.0890625
5 0.80703125 0.5765625 0.09921875 0.0859375
5 0.6984375 0.640625 0.08984375 0.1109375
5 0.54140625 0.5 0.15234375 0.1234375
5 0.503125 0.59375 0.07578125 0.10234375
5 0.390625 0.640625 0.115625 0.20390625
5 0.475 0.834375 0.0890625 0.13203125
5 0.5421875 0.821875 0.09921875 0.07890625
5 0.78671875 0.75078125 0.05703125 0.0625
5 0.71953125 0.7859375 0.065625 0.121875
5 0.5546875 0.753125 0.040625 0.06953125
5 0.615625 0.8125 0.03828125 0.046875
1 0.77890625 0.88046875 0.03828125 0.059375
1 0.63125 0.66796875 0.028125 0.04140625
1 0.7078125 0.92109375 0.05703125 0.05703125
1 0.66796875 0.7453125 0.0265625 0.04140625
1 0.78359375 0.6859375 0.04296875 0.04140625
1 0.64765625 0.98984375 0.040625 0.01953125
1 0.7359375 0.99296875 0.0265625 0.0140625
5 0.55 0.97265625 0.090625 0.0546875
5 0.809375 0.865625 0.10234375 0.08046875
5 0.6109375 0.61875 0.0859375 0.07890625
5 0.80546875 0.66640625 0.1078125 0.084375
1 0.57265625 0.665625 0.05703125 0.0640625
1 0.61875 0.88046875 0.03671875 0.05
1 0.61875 0.68984375 0.03671875 0.046875
1 0.57265625 0.66875 0.046875 0.0625