9 0.04765625 0.3484375 0.0796875 0.021875
0 0.20078125 0.24140625 0.021875 0.0609375
1 0.55390625 0.24609375 0.0515625 0.0546875
1 0.346875 0.28203125 0.05234375 0.05078125
4 0.840625 0.16953125 0.20078125 0.25390625
10 0.81640625 0.33359375 0.0734375 0.0515625
9 0.96953125 0.08515625 0.040625 0.09765625
0 0.9609375 0.2375 0.03359375 0.20234375
0 0.98984375 0.1375 0.0203125 0.134375
1 0.08515625 0.546875 0.14296875 0.0625
1 0.05078125 0.6390625 0.1015625 0.059375
1 0.02421875 0.69296875 0.0484375 0.0453125
1 0.10234375 0.73984375 0.1375 0.04921875
1 0.48515625 0.72265625 0.0796875 0.04765625
1 0.75625 0.72734375 0.10078125 0.08984375
1 0.68984375 0.51015625 0.0375 0.05078125
1 0.64296875 0.61640625 0.1265625 0.0953125
1 0.61953125 0.52890625 0.06875 0.0875
1 0.62578125 0.778125 0.06328125 0.06796875
1 0.74140625 0.38828125 0.0671875 0.0578125
9 0.79765625 0.52109375 0.08046875 0.07890625
0 0.62421875 0.88828125 0.0890625 0.0703125