9 0.39609375 0.25390625 0.1546875 0.0515625
11 0.9234375 0.04921875 0.071875 0.0984375
11 0.015625 0.340625 0.03125 0.121875
10 0.0125 0.5 0.025 0.103125
10 0.09375 0.42109375 0.0421875 0.09453125
10 0.1 0.31875 0.053125 0.078125
10 0.01328125 0.73515625 0.0265625 0.0359375
10 0.2953125 0.49453125 0.05078125 0.134375
10 0.1453125 0.48671875 0.03828125 0.08671875
10 0.059375 0.646875 0.046875 0.07890625
11 0.37265625 0.68828125 0.0484375 0.08671875
11 0.24453125 0.63828125 0.11015625 0.19765625
9 0.31875 0.6921875 0.046875 0.09453125
6 0.675 0.5765625 0.028125 0.1625
0 0.0828125 0.9828125 0.128125 0.034375
12 0.5859375 0.8765625 0.20625 0.246875
1 0.43984375 0.85 0.02734375 0.11484375
1 0.8015625 0.8078125 0.05546875 0.0796875
1 0.69921875 0.646875 0.0203125 0.0625