10 0.02109375 0.178125 0.0421875 0.146875
10 0.0125 0.346875 0.025 0.10625
6 0.28515625 0.2390625 0.053125 0.0796875
1 0.6578125 0.7375 0.11015625 0.13046875
1 0.7859375 0.64140625 0.134375 0.2125
1 0.95546875 0.72265625 0.0890625 0.1984375
1 0.965625 0.5 0.06875 0.2
1 0.86875 0.525 0.1203125 0.15390625
1 0.8859375 0.41640625 0.1125 0.0328125
1 0.7140625 0.66015625 0.11171875 0.14296875
1 0.859375 0.71171875 0.18984375 0.221875
1 0.40546875 0.9375 0.05546875 0.0375
1 0.5109375 0.990625 0.01875 0.01875
1 0.4796875 0.98828125 0.034375 0.0234375
1 0.38984375 0.83359375 0.03046875 0.02109375
1 0.53984375 0.92265625 0.03203125 0.04453125
9 0.55703125 0.9921875 0.0390625 0.015625
5 0.928125 0.9203125 0.06328125 0.0890625
5 0.96328125 0.984375 0.0734375 0.03125
5 0.81484375 0.884375 0.15234375 0.1234375
5 0.77578125 0.96328125 0.0765625 0.0734375
5 0.6640625 0.9609375 0.115625 0.078125
5 0.88359375 0.98125 0.0859375 0.0375