1 0.01171875 0.1015625 0.0234375 0.071875
1 0.01171875 0.2015625 0.0234375 0.08125
1 0.44921875 0.3296875 0.0609375 0.02890625
1 0.503125 0.29453125 0.07890625 0.0328125
1 0.44609375 0.1484375 0.0578125 0.025
1 0.1578125 0.12578125 0.08046875 0.03515625
1 0.53203125 0.1375 0.025 0.009375
1 0.50390625 0.1765625 0.0265625 0.01171875
0 0.2703125 0.10390625 0.084375 0.0390625
0 0.33046875 0.11796875 0.08046875 0.0390625
0 0.3546875 0.08515625 0.10703125 0.0390625
9 0.47890625 0.078125 0.06640625 0.02890625
10 0.015625 0.5390625 0.015625 0.1046875
1 0.0140625 0.4125 0.01796875 0.06171875
9 0.0109375 0.6296875 0.021875 0.059375
9 0.60234375 0.69140625 0.0953125 0.0359375
9 0.11953125 0.42265625 0.1578125 0.08125
1 0.5765625 0.528125 0.06640625 0.09296875
1 0.9296875 0.4859375 0.078125 0.11640625
8 0.809375 0.071875 0.07109375 0.1234375
5 0.7734375 0.63125 0.11171875 0.1265625