4 0.26796875 0.375 0.0515625 0.02890625
4 0.31640625 0.28671875 0.046875 0.03515625
4 0.3296875 0.3421875 0.04140625 0.03671875
9 0.1375 0.21171875 0.05390625 0.03515625
9 0.17578125 0.2984375 0.046875 0.03359375
10 0.184375 0.13984375 0.03671875 0.03515625
10 0.0703125 0.228125 0.0484375 0.03046875
11 0.30234375 0.23671875 0.05078125 0.03046875
9 0.7546875 0.1671875 0.084375 0.0515625
1 0.540625 0.13203125 0.04296875 0.02734375
1 0.70234375 0.0375 0.078125 0.02890625
1 0.70546875 0.159375 0.02265625 0.02578125
1 0.6671875 0.1625 0.02734375 0.02109375
1 0.48359375 0.2125 0.0265625 0.03359375
1 0.53359375 0.07109375 0.03671875 0.03046875
1 0.62578125 0.178125 0.0359375 0.0375
0 0.71171875 0.3125 0.11796875 0.1
0 0.60703125 0.2359375 0.0640625 0.06328125
10 0.32734375 0.51484375 0.0859375 0.1125
10 0.325 0.6625 0.05859375 0.1125
10 0.15546875 0.540625 0.04140625 0.109375
10 0.2078125 0.76875 0.0484375 0.09375
6 0.371875 0.984375 0.065625 0.03125
11 0.05546875 0.7734375 0.0765625 0.16953125
11 0.8921875 0.584375 0.0703125 0.03515625
11 0.92421875 0.79921875 0.07109375 0.0546875
10 0.60234375 0.7890625 0.0515625 0.03515625
9 0.8296875 0.6171875 0.0578125 0.02890625
9 0.60234375 0.8328125 0.0375 0.02734375
9 0.49453125 0.75625 0.04140625 0.0375
9 0.7125 0.7625 0.078125 0.0609375
1 0.5484375 0.81875 0.053125 0.03203125
1 0.63359375 0.8625 0.04609375 0.02734375
0 0.5515625 0.63515625 0.08359375 0.046875
0 0.78125 0.7203125 0.06875 0.0375
0 0.8640625 0.77734375 0.0515625 0.02734375
9 0.7734375 0.80703125 0.09140625 0.05625
9 0.65234375 0.82578125 0.0515625 0.0421875
9 0.90625 0.6859375 0.06953125 0.05625