9 0.00859375 0.18125 0.0171875 0.10625
9 0.109375 0.30390625 0.07578125 0.10859375
9 0.1796875 0.33671875 0.05 0.07578125
9 0.028125 0.06953125 0.05625 0.0859375
9 0.02890625 0.0171875 0.0578125 0.034375
1 0.15546875 0.15546875 0.059375 0.07421875
1 0.01171875 0.896875 0.0234375 0.09375
1 0.35390625 0.97421875 0.0546875 0.0515625
9 0.71875 0.903125 0.075 0.08671875
9 0.87734375 0.88671875 0.12890625 0.14375
0 0.93984375 0.978125 0.0546875 0.04375
0 0.96796875 0.81171875 0.0640625 0.0640625
0 0.7875 0.76171875 0.0515625 0.07265625
1 0.8015625 0.9625 0.03359375 0.05