1 0.09765625 0.41640625 0.04765625 0.07265625
1 0.03125 0.32578125 0.0625 0.0828125
10 0.66796875 0.44921875 0.08203125 0.134375
10 0.31015625 0.475 0.05390625 0.12578125
10 0.88046875 0.25625 0.0578125 0.08359375
10 0.8625 0.33671875 0.0578125 0.078125
10 0.2875 0.3125 0.015625 0.11875
11 0.46953125 0.35234375 0.0796875 0.19765625
0 0.59140625 0.4015625 0.07578125 0.12890625
0 0.97578125 0.13125 0.0484375 0.140625
0 0.85859375 0.0390625 0.0609375 0.078125
0 0.46328125 0.09140625 0.04375 0.09609375
0 0.37421875 0.496875 0.05390625 0.12265625