1 0.4765625 0.1796875 0.025 0.046875
1 0.4109375 0.18828125 0.05625 0.04921875
1 0.4140625 0.11171875 0.03125 0.075
9 0.1125 0.2609375 0.071875 0.071875
0 0.15546875 0.36484375 0.0390625 0.1296875
0 0.04921875 0.3375 0.0984375 0.096875
0 0.140625 0.4640625 0.03125 0.06875
1 0.39296875 0.5765625 0.05625 0.0421875
1 0.45 0.58359375 0.0296875 0.028125
1 0.26171875 0.45546875 0.0546875 0.0515625
11 0.12421875 0.9390625 0.0796875 0.121875
10 0.06171875 0.92109375 0.04375 0.08046875
9 0.353125 0.95625 0.078125 0.0875
9 0.4796875 0.90546875 0.01875 0.0609375
1 0.4734375 0.71484375 0.03125 0.0546875
1 0.46640625 0.81953125 0.03359375 0.07578125
10 0.23828125 0.71328125 0.05078125 0.08203125
1 0.396875 0.62578125 0.04765625 0.05625
1 0.34453125 0.61171875 0.03828125 0.028125
1 0.41484375 0.7328125 0.02421875 0.04375