8 0.38125 0.503125 0.12265625 0.0921875
8 0.2640625 0.4171875 0.08671875 0.0578125
12 0.35 0.35390625 0.14453125 0.0875
11 0.43203125 0.70859375 0.0546875 0.1046875
10 0.41640625 0.64296875 0.0390625 0.0265625
10 0.33828125 0.6578125 0.0359375 0.05625
1 0.98203125 0.853125 0.0359375 0.04375
1 0.93203125 0.853125 0.03984375 0.046875
1 0.85859375 0.85859375 0.04140625 0.04296875
1 0.79375 0.80078125 0.0265625 0.0390625
1 0.89375 0.78984375 0.028125 0.0609375
9 0.94921875 0.64296875 0.0609375 0.0265625
0 0.8078125 0.6484375 0.071875 0.0375
0 0.84296875 0.7796875 0.04375 0.0734375
0 0.946875 0.7578125 0.05703125 0.04296875