7 0.409375 0.334375 0.1875 0.13125
7 0.05390625 0.2234375 0.1078125 0.10625
7 0.28515625 0.23203125 0.096875 0.0890625
7 0.32109375 0.0875 0.07734375 0.0515625
7 0.03125 0.29921875 0.0625 0.0359375
7 0.02578125 0.34296875 0.0515625 0.0453125
7 0.04140625 0.03671875 0.07265625 0.07109375
7 0.14296875 0.05703125 0.07734375 0.06953125
7 0.13046875 0.2203125 0.04609375 0.1015625
7 0.15546875 0.33203125 0.07421875 0.05546875
7 0.2078125 0.2015625 0.0671875 0.10703125
7 0.2625 0.37109375 0.0890625 0.05703125
7 0.2453125 0.04921875 0.04296875 0.0390625
7 0.2484375 0.10078125 0.0359375 0.0390625
7 0.315625 0.16015625 0.07578125 0.06640625
7 0.30546875 0.32421875 0.05078125 0.0515625
7 0.1421875 0.2890625 0.13984375 0.0515625
1 0.4265625 0.465625 0.05390625 0.065625
1 0.1703125 0.58828125 0.0453125 0.0828125
1 0.3421875 0.7359375 0.04375 0.0625
1 0.09140625 0.74921875 0.03671875 0.046875
1 0.5046875 0.92578125 0.028125 0.0515625
1 0.0390625 0.628125 0.03046875 0.06171875
1 0.4796875 0.60390625 0.05546875 0.05703125
8 0.80546875 0.471875 0.08125 0.09765625
8 0.634375 0.4484375 0.05234375 0.0578125
8 0.7140625 0.4109375 0.06875 0.021875
1 0.925 0.7453125 0.0703125 0.11640625
1 0.95390625 0.9859375 0.0546875 0.028125
1 0.6140625 0.86953125 0.05546875 0.0984375