9 0.37421875 0.190625 0.05859375 0.0703125
10 0.13046875 0.12265625 0.03984375 0.08203125
0 0.27578125 0.096875 0.05859375 0.0671875
0 0.32421875 0.12734375 0.05234375 0.065625
10 0.53125 0.20078125 0.0421875 0.05546875
0 0.4484375 0.10078125 0.01875 0.1296875
9 0.93046875 0.27265625 0.0328125 0.0328125
9 0.93828125 0.1046875 0.0296875 0.07265625
10 0.90859375 0.2140625 0.02734375 0.05546875
9 0.89375 0.109375 0.04375 0.10390625
1 0.0375 0.86953125 0.075 0.09765625
1 0.084375 0.98046875 0.09375 0.0390625
1 0.2265625 0.7796875 0.053125 0.1078125
1 0.6828125 0.484375 0.04453125 0.11875
1 0.64765625 0.346875 0.0546875 0.08046875
0 0.8609375 0.34453125 0.10625 0.1109375
1 0.8328125 0.4953125 0.09765625 0.1265625
1 0.56328125 0.71953125 0.04609375 0.06484375
1 0.58359375 0.64296875 0.0546875 0.03984375
1 0.60625 0.59765625 0.0625 0.05390625
1 0.70625 0.5859375 0.075 0.04609375
1 0.6703125 0.7640625 0.03359375 0.06875