1 0.56484375 0.0265625 0.0203125 0.053125
1 0.1828125 0.4640625 0.04140625 0.06484375
1 0.6421875 0.290625 0.0453125 0.10390625
1 0.64765625 0.3796875 0.04765625 0.096875
1 0.68203125 0.4609375 0.04609375 0.09921875
1 0.6875 0.3359375 0.0453125 0.10546875
1 0.671875 0.25390625 0.0375 0.08125
1 0.71796875 0.32265625 0.0390625 0.096875
1 0.8015625 0.98671875 0.084375 0.0265625
1 0.9375 0.93359375 0.090625 0.08125
1 0.86640625 0.88515625 0.08515625 0.0859375
1 0.7796875 0.81953125 0.040625 0.0703125
1 0.81171875 0.75703125 0.07421875 0.040625
1 0.9453125 0.7578125 0.09453125 0.10234375