10 0.265625 0.046875 0.02890625 0.0796875
10 0.08515625 0.02890625 0.0484375 0.0578125
10 0.1203125 0.2640625 0.0421875 0.06875
10 0.096875 0.34140625 0.03515625 0.07421875
9 0.2109375 0.071875 0.04453125 0.06875
9 0.13828125 0.10234375 0.05234375 0.06875
9 0.0453125 0.084375 0.0390625 0.0671875
11 0.2203125 0.23046875 0.05078125 0.08515625
1 0.2671875 0.35390625 0.025 0.04921875
1 0.14375 0.20546875 0.03203125 0.0421875
1 0.17734375 0.1328125 0.03515625 0.07265625
1 0.2765625 0.02421875 0.00625 0.04765625
5 0.68046875 0.040625 0.0703125 0.08125
5 0.5890625 0.1453125 0.13515625 0.159375
5 0.7796875 0.228125 0.07265625 0.11875
5 0.41875 0.0359375 0.059375 0.071875
9 0.065625 0.80390625 0.021875 0.10625
0 0.1109375 0.54375 0.0359375 0.078125
0 0.0875 0.47890625 0.02890625 0.065625
9 0.65 0.70546875 0.0703125 0.07578125
0 0.5421875 0.72578125 0.0875 0.1203125