1 0.01953125 0.31640625 0.009375 0.05546875
9 0.43515625 0.0578125 0.0484375 0.06484375
9 0.240625 0.1140625 0.06171875 0.0953125
9 0.33671875 0.0765625 0.071875 0.1
10 0.50078125 0.265625 0.05546875 0.0875
0 0.2921875 0.28046875 0.08203125 0.06953125
0 0.22734375 0.321875 0.0734375 0.05625
1 0.034375 0.4796875 0.0453125 0.065625
1 0.4453125 0.825 0.065625 0.12265625
1 0.321875 0.47578125 0.04140625 0.0734375
1 0.02734375 0.39609375 0.0390625 0.05703125
1 0.33984375 0.628125 0.02890625 0.04609375