1 0.35078125 0.30390625 0.078125 0.0609375
0 0.16640625 0.3109375 0.08828125 0.11015625
0 0.49921875 0.39453125 0.1390625 0.0890625
0 0.07578125 0.340625 0.0765625 0.0890625
0 0.31796875 0.1640625 0.090625 0.0828125
0 0.29609375 0.2625 0.0640625 0.0546875
9 0.5140625 0.11171875 0.109375 0.0953125
9 0.23125 0.76796875 0.07265625 0.0859375
9 0.3359375 0.9515625 0.084375 0.096875
9 0.4140625 0.46953125 0.053125 0.0609375
9 0.1234375 0.60703125 0.0609375 0.0921875
9 0.0609375 0.5515625 0.03984375 0.06640625
9 0.1625 0.8609375 0.0515625 0.071875
9 0.14921875 0.93515625 0.0578125 0.06796875
9 0.4390625 0.6765625 0.0421875 0.05625
9 0.3859375 0.70703125 0.03984375 0.10390625
1 0.4015625 0.9046875 0.0515625 0.05
1 0.47578125 0.76015625 0.0453125 0.04609375
1 0.49609375 0.596875 0.05625 0.071875
1 0.4265625 0.80234375 0.04375 0.05
1 0.53359375 0.94921875 0.0546875 0.0640625
1 0.05078125 0.73515625 0.05 0.06015625
1 0.28828125 0.88359375 0.04375 0.04375
1 0.31640625 0.75078125 0.0484375 0.0484375
1 0.5546875 0.6375 0.028125 0.078125
0 0.63203125 0.796875 0.115625 0.09375
11 0.98046875 0.6765625 0.0390625 0.19375
9 0.809375 0.96015625 0.090625 0.0796875