1 0.1703125 0.00546875 0.034375 0.0109375
1 0.246875 0.03515625 0.025 0.03984375
1 0.21953125 0.07109375 0.04140625 0.03671875
9 0.29765625 0.46640625 0.0390625 0.05703125
9 0.3890625 0.4015625 0.040625 0.040625
9 0.40234375 0.33984375 0.0140625 0.0453125
9 0.36875 0.32734375 0.0546875 0.065625
9 0.396875 0.27109375 0.025 0.0578125
9 0.33125 0.403125 0.046875 0.04375
9 0.34453125 0.35859375 0.0265625 0.03984375
9 0.28046875 0.3578125 0.0609375 0.0453125
0 0.17890625 0.31015625 0.04765625 0.05
6 0.15 0.51953125 0.0875 0.0390625
5 0.3734375 0.93359375 0.071875 0.1328125