1 0.0859375 0.39609375 0.05859375 0.0515625
1 0.1328125 0.021875 0.053125 0.04375
1 0.2765625 0.275 0.03515625 0.04453125
5 0.57890625 0.45234375 0.0421875 0.0953125
5 0.56640625 0.27578125 0.0671875 0.2296875
5 0.4203125 0.3796875 0.0984375 0.15234375
5 0.37265625 0.275 0.08671875 0.2171875
5 0.41328125 0.2109375 0.11015625 0.16875
5 0.46875 0.4515625 0.1 0.096875
5 0.5375 0.44140625 0.0734375 0.090625
4 0.965625 0.25703125 0.06875 0.2734375
4 0.88203125 0.43515625 0.1921875 0.1296875
10 0.48828125 0.5328125 0.0921875 0.065625
9 0.2875 0.69765625 0.09140625 0.1
9 0.17734375 0.74765625 0.046875 0.0703125
9 0.26953125 0.6296875 0.09140625 0.0765625
0 0.08203125 0.88125 0.06640625 0.109375
0 0.353125 0.9609375 0.084375 0.078125
10 0.9796875 0.653125 0.040625 0.06875
10 0.70703125 0.78046875 0.059375 0.07734375
10 0.82109375 0.7328125 0.0703125 0.09765625
10 0.9 0.953125 0.06875 0.07890625
10 0.91953125 0.8609375 0.0609375 0.08828125
4 0.9046875 0.67890625 0.10234375 0.13671875
11 0.75859375 0.98515625 0.0828125 0.0296875
1 0.825 0.6265625 0.05703125 0.0328125
1 0.68125 0.9 0.0171875 0.08125
1 0.77265625 0.75625 0.0578125 0.07734375
9 0.85703125 0.81484375 0.04765625 0.0578125