1 0.11484375 0.21796875 0.078125 0.0609375
0 0.28125 0.31484375 0.175 0.09921875
0 0.08203125 0.078125 0.090625 0.0828125
0 0.06015625 0.1765625 0.0640625 0.0546875
9 0.2796875 0.03671875 0.1125 0.0734375
0 0.96015625 0.2171875 0.0796875 0.13125
0 0.6640625 0.18125 0.01875 0.08515625
1 0.7 0.2546875 0.05 0.05703125
1 0.91953125 0.43359375 0.05390625 0.07421875
0 0.7921875 0.334375 0.09609375 0.11796875
0 0.73515625 0.2984375 0.06796875 0.16171875
3 0.275 0.871875 0.07265625 0.1328125
9 0.16875 0.97734375 0.059375 0.0453125
3 0.7484375 0.7890625 0.078125 0.0734375
3 0.6546875 0.88671875 0.09921875 0.1171875
3 0.88359375 0.83359375 0.1234375 0.08046875
3 0.64765625 0.72578125 0.09921875 0.075
10 0.5046875 0.803125 0.07109375 0.07890625
10 0.77578125 0.8578125 0.05390625 0.075