9 0.2796875 0.10546875 0.09296875 0.08671875
9 0.2046875 0.03515625 0.09375 0.0703125
9 0.33828125 0.15859375 0.0609375 0.0640625
11 0.26328125 0.3921875 0.0921875 0.034375
10 0.1140625 0.3203125 0.1140625 0.12109375
1 0.86796875 0.32421875 0.03125 0.09609375
1 0.478125 0.20703125 0.04921875 0.07578125
1 0.653125 0.20703125 0.03359375 0.11640625
1 0.68828125 0.22578125 0.025 0.09609375
1 0.7109375 0.365625 0.05 0.0875
1 0.796875 0.1921875 0.040625 0.11640625
9 0.12265625 0.553125 0.1046875 0.05546875
0 0.0234375 0.55390625 0.046875 0.0515625
10 0.09140625 0.834375 0.0734375 0.15625