10 0.36015625 0.1109375 0.0625 0.02890625
0 0.434375 0.1015625 0.0765625 0.02109375
0 0.434375 0.20390625 0.07734375 0.04296875
0 0.434375 0.14921875 0.05234375 0.0375
10 0.759375 0.26640625 0.03671875 0.02734375
1 0.8546875 0.0890625 0.04375 0.07734375
5 0.32578125 0.5015625 0.0765625 0.14453125
5 0.35078125 0.64765625 0.06328125 0.07734375
5 0.60546875 0.30703125 0.06796875 0.05390625
1 0.225 0.54296875 0.03984375 0.07890625
1 0.2640625 0.55 0.03125 0.07265625
1 0.29921875 0.75234375 0.0328125 0.0796875
1 0.21875 0.7625 0.046875 0.04140625
1 0.23515625 0.8578125 0.02890625 0.0875
11 0.75234375 0.4578125 0.0359375 0.14296875
11 0.8203125 0.715625 0.0359375 0.0484375
11 0.82890625 0.78359375 0.028125 0.0640625
11 0.8625 0.8125 0.01796875 0.04453125
10 0.85390625 0.875 0.0234375 0.0515625
10 0.85234375 0.715625 0.0125 0.034375
10 0.84140625 0.6703125 0.0171875 0.034375
1 0.77734375 0.85078125 0.0171875 0.05546875
1 0.784375 0.77890625 0.01484375 0.04140625
1 0.796875 0.8359375 0.01875 0.04609375
1 0.81328125 0.86328125 0.01328125 0.03125
1 0.784375 0.9203125 0.01015625 0.0359375
1 0.76640625 0.915625 0.0125 0.0296875
1 0.80703125 0.66328125 0.01640625 0.04140625
7 0.92578125 0.875 0.03125 0.065625
7 0.8921875 0.8890625 0.0359375 0.04453125
9 0.79140625 0.5296875 0.02265625 0.05
1 0.95390625 0.359375 0.0234375 0.053125
1 0.9890625 0.475 0.021875 0.078125
1 0.94296875 0.41875 0.02109375 0.05703125
1 0.79375 0.3703125 0.015625 0.0484375
1 0.8 0.946875 0.01015625 0.02265625
1 0.81640625 0.8890625 0.0078125 0.02578125
1 0.81875 0.93828125 0.01015625 0.02890625
1 0.83359375 0.8734375 0.01015625 0.02578125
1 0.7921875 0.74375 0.01171875 0.02734375
1 0.803125 0.7625 0.01875 0.04453125
1 0.79453125 0.7953125 0.01015625 0.02734375
1 0.8328125 0.83125 0.0109375 0.02578125
1 0.734375 0.6921875 0.01875 0.04140625
1 0.728125 0.29296875 0.0171875 0.02578125