10 0.02578125 0.09453125 0.0515625 0.1890625
5 0.340625 0.0375 0.071875 0.075
5 0.35078125 0.23125 0.09140625 0.1640625
5 0.353125 0.34609375 0.08671875 0.07734375
1 0.11796875 0.39140625 0.0578125 0.0171875
1 0.015625 0.39140625 0.03125 0.0171875
1 0.5671875 0.28828125 0.05 0.065625
10 0.575 0.38359375 0.04375 0.0328125
11 0.675 0.3796875 0.028125 0.040625
1 0.5390625 0.36015625 0.03125 0.04609375
1 0.61171875 0.36328125 0.05546875 0.0578125
1 0.56875 0.34765625 0.03828125 0.0484375
10 0.984375 0.24296875 0.03125 0.0859375
9 0.87890625 0.17890625 0.06875 0.11953125
9 0.9890625 0.1234375 0.021875 0.0875