5 0.04140625 0.03203125 0.0828125 0.0640625
9 0.253125 0.03515625 0.125 0.0703125
9 0.02421875 0.44921875 0.0484375 0.1328125
1 0.08203125 0.2203125 0.0375 0.06875
10 0.36328125 0.4890625 0.1390625 0.121875
10 0.02578125 0.775 0.0515625 0.075
1 0.29765625 0.64609375 0.071875 0.065625
0 0.35703125 0.80234375 0.10546875 0.07578125
0 0.40390625 0.64296875 0.09609375 0.0734375
0 0.26796875 0.77265625 0.02421875 0.071875
0 0.50546875 0.5796875 0.1015625 0.059375
0 0.52109375 0.71796875 0.0765625 0.0609375
11 0.27578125 0.9609375 0.0421875 0.078125