1 0.37109375 0.45390625 0.078125 0.0609375
0 0.18671875 0.4609375 0.08828125 0.11015625
0 0.09609375 0.490625 0.0765625 0.0890625
0 0.33828125 0.3140625 0.090625 0.0828125
0 0.31640625 0.4125 0.0640625 0.0546875
5 0.7703125 0.07734375 0.13125 0.15
5 0.66015625 0.46328125 0.1453125 0.1734375
5 0.97265625 0.43125 0.0546875 0.159375
5 0.61796875 0.27734375 0.1015625 0.2
1 0.10390625 0.61640625 0.10546875 0.0625
1 0.240625 0.6046875 0.0625 0.06640625
1 0.0390625 0.83203125 0.06875 0.06640625
1 0.0171875 0.65859375 0.034375 0.0703125
0 0.1203125 0.98203125 0.10625 0.0359375
0 0.15 0.8125 0.0953125 0.0734375
0 0.01640625 0.97578125 0.0328125 0.0484375
0 0.25078125 0.725 0.1015625 0.05703125
0 0.28359375 0.88203125 0.07421875 0.06015625
3 0.69609375 0.6890625 0.14453125 0.209375
1 0.59453125 0.8625 0.11171875 0.12265625
1 0.67734375 0.9546875 0.0828125 0.090625
1 0.509375 0.9671875 0.121875 0.065625
1 0.4921875 0.71171875 0.08515625 0.06953125
1 0.4796875 0.80546875 0.05078125 0.08125