11 0.09375 0.21328125 0.11015625 0.12890625
0 0.19921875 0.29765625 0.12265625 0.115625
0 0.20859375 0.39765625 0.08671875 0.1
1 0.54375 0.10703125 0.07421875 0.0796875
6 0.91328125 0.31484375 0.084375 0.0890625
6 0.884375 0.20859375 0.0625 0.0640625
6 0.79609375 0.1953125 0.084375 0.10234375
6 0.95546875 0.31953125 0.06015625 0.08125
6 0.73984375 0.46875 0.0984375 0.0796875
10 0.98046875 0.48125 0.0390625 0.053125
10 0.50546875 0.2015625 0.0640625 0.0625
11 0.39921875 0.1703125 0.02109375 0.11328125
1 0.55859375 0.1859375 0.05 0.0546875
1 0.46875 0.1578125 0.0796875 0.07578125
1 0.5265625 0.16171875 0.05703125 0.05859375
1 0.70234375 0.17734375 0.05859375 0.05859375
1 0.23515625 0.55234375 0.08671875 0.08671875
0 0.1 0.67265625 0.12265625 0.11328125
0 0.13984375 0.5234375 0.1140625 0.03046875
0 0.2328125 0.71796875 0.12109375 0.109375
0 0.31796875 0.65234375 0.10546875 0.10234375
11 0.34140625 0.840625 0.0953125 0.13828125
11 0.11640625 0.92109375 0.1859375 0.1578125
11 0.8421875 0.5703125 0.10390625 0.053125
11 0.88984375 0.63828125 0.096875 0.05078125
11 0.6828125 0.6296875 0.08125 0.046875
1 0.81484375 0.6 0.0625 0.03984375
1 0.95546875 0.67265625 0.065625 0.046875
1 0.9015625 0.69921875 0.07578125 0.03984375
1 0.95625 0.7359375 0.07734375 0.046875
1 0.86640625 0.75078125 0.065625 0.03203125
9 0.96875 0.6140625 0.0625 0.0625
9 0.834375 0.84609375 0.07265625 0.03984375
9 0.72890625 0.6796875 0.06875 0.0453125
10 0.775 0.87265625 0.08828125 0.05703125