0 0.2640625 0.3953125 0.02890625 0.08046875
0 0.26875 0.30703125 0.03125 0.08046875
0 0.29765625 0.20625 0.0328125 0.090625
1 0.35625 0.14765625 0.03515625 0.084375
9 0.12578125 0.50078125 0.0328125 0.0578125
11 0.58203125 0.22421875 0.1234375 0.1125
0 0.63125 0.03359375 0.075 0.0671875
1 0.04453125 0.5453125 0.0890625 0.03125
1 0.34375 0.82734375 0.10078125 0.08984375
1 0.090625 0.6734375 0.06640625 0.06484375
1 0.27734375 0.61015625 0.0375 0.05078125
1 0.21328125 0.7171875 0.1609375 0.09609375
1 0.20703125 0.62890625 0.06875 0.0875
1 0.21328125 0.878125 0.06328125 0.06796875
1 0.06640625 0.76796875 0.0578125 0.1125
9 0.38515625 0.62109375 0.08046875 0.07890625
0 0.203125 0.9765625 0.10625 0.046875
1 0.71796875 0.56796875 0.0703125 0.0765625
1 0.78046875 0.84296875 0.06015625 0.11015625
4 0.68515625 0.71875 0.0328125 0.140625