5 0.15859375 0.38203125 0.0296875 0.0953125
5 0.078125 0.39453125 0.075 0.0703125
5 0.02578125 0.0765625 0.0515625 0.153125
5 0.15 0.171875 0.04765625 0.11171875
10 0.46328125 0.328125 0.0515625 0.128125
10 0.4046875 0.4109375 0.065625 0.0375
10 0.29609375 0.4 0.0546875 0.059375
9 0.19140625 0.31953125 0.0359375 0.134375
9 0.49921875 0.13359375 0.0203125 0.0234375
9 0.50078125 0.10078125 0.0234375 0.0453125
1 0.95078125 0.09375 0.06484375 0.06328125
1 0.77265625 0.0265625 0.0671875 0.053125
4 0.884375 0.29296875 0.23125 0.2734375
5 0.03125 0.44140625 0.0625 0.0234375
5 0.14765625 0.48515625 0.08359375 0.084375
5 0.05859375 0.6703125 0.0984375 0.12265625
5 0.26484375 0.68046875 0.0921875 0.090625
5 0.04921875 0.56484375 0.06953125 0.10703125
9 0.35078125 0.59375 0.04453125 0.09453125
9 0.45390625 0.665625 0.0703125 0.13125
1 0.46953125 0.50703125 0.03203125 0.0484375
1 0.4359375 0.56796875 0.03203125 0.0546875
1 0.42734375 0.46484375 0.06484375 0.0625
1 0.12265625 0.82578125 0.075 0.0765625
1 0.31015625 0.88125 0.0375 0.06875
1 0.11953125 0.8984375 0.034375 0.04453125
1 0.06640625 0.89921875 0.04921875 0.04609375