0 0.14609375 0.0921875 0.1109375 0.13359375
1 0.7015625 0.01796875 0.05625 0.0359375
1 0.69765625 0.0984375 0.05390625 0.0671875
0 0.73984375 0.365625 0.053125 0.16328125
0 0.86484375 0.4375 0.0953125 0.08046875
9 0.85703125 0.03515625 0.0515625 0.0703125
9 0.809375 0.10625 0.034375 0.0703125
11 0.81015625 0.74921875 0.0625 0.0265625
11 0.82578125 0.7125 0.10390625 0.05
11 0.73125 0.7515625 0.0625 0.059375
11 0.78515625 0.79453125 0.0484375 0.05
9 0.82109375 0.85390625 0.06015625 0.0234375
9 0.8484375 0.9234375 0.0484375 0.05
10 0.71875 0.9796875 0.04375 0.040625
10 0.7515625 0.91484375 0.07265625 0.046875
1 0.98046875 0.8484375 0.0390625 0.0375
1 0.65546875 0.83671875 0.034375 0.034375
1 0.5640625 0.9453125 0.05078125 0.0375
1 0.98359375 0.9828125 0.0328125 0.034375
1 0.76875 0.9546875 0.046875 0.0375