9 0.05078125 0.01484375 0.0453125 0.0296875
9 0.12734375 0.02109375 0.0484375 0.0359375
9 0.0140625 0.228125 0.028125 0.09375
1 0.234375 0.2640625 0.06875 0.1109375
1 0.10234375 0.0625 0.07421875 0.046875
1 0.04609375 0.14765625 0.03359375 0.0734375
1 0.35703125 0.06953125 0.059375 0.0609375
1 0.0953125 0.35234375 0.0515625 0.06640625
1 0.18671875 0.4625 0.0578125 0.07890625
1 0.13125 0.4046875 0.0515625 0.075
1 0.31796875 0.30234375 0.05546875 0.075
1 0.19140625 0.24921875 0.05 0.06640625
9 0.40546875 0.91484375 0.12578125 0.07578125
0 0.41171875 0.72421875 0.2140625 0.1078125
1 0.528125 0.60234375 0.01875 0.0859375
1 0.7953125 0.5890625 0.01875 0.059375
1 0.62890625 0.7125 0.04453125 0.1171875
1 0.66875 0.83828125 0.0484375 0.08203125
9 0.55234375 0.96015625 0.0671875 0.0484375
0 0.534375 0.8734375 0.03125 0.121875
1 0.5375 0.7265625 0.0375 0.13125
10 0.934375 0.596875 0.053125 0.075