7 0.09609375 0.08046875 0.0453125 0.1609375
11 0.334375 0.078125 0.04609375 0.059375
11 0.2453125 0.09140625 0.04453125 0.0609375
11 0.41015625 0.08671875 0.03828125 0.03984375
11 0.45859375 0.0515625 0.03828125 0.078125
9 0.2828125 0.1671875 0.0484375 0.07421875
5 0.85546875 0.075 0.053125 0.059375
1 0.63671875 0.06171875 0.071875 0.05546875
5 0.72421875 0.203125 0.24921875 0.109375
5 0.6484375 0.3515625 0.16015625 0.17890625
5 0.90390625 0.190625 0.0890625 0.08515625
5 0.878125 0.45390625 0.115625 0.0703125
5 0.828125 0.40859375 0.1171875 0.1078125
5 0.7484375 0.41953125 0.0859375 0.08515625
1 0.98125 0.25625 0.0375 0.075
1 0.2734375 0.54921875 0.103125 0.1203125
1 0.28828125 0.76953125 0.0390625 0.12421875
1 0.39453125 0.70703125 0.06640625 0.10703125
1 0.43984375 0.89375 0.04921875 0.10390625
9 0.98046875 0.934375 0.0390625 0.0875
9 0.875 0.82421875 0.07265625 0.08984375
9 0.80546875 0.7921875 0.0484375 0.0625
9 0.7390625 0.52421875 0.075 0.0703125
9 0.8453125 0.5703125 0.09296875 0.0828125
1 0.821875 0.94609375 0.0578125 0.0609375
1 0.63828125 0.66484375 0.05625 0.06640625
1 0.9703125 0.5734375 0.0453125 0.04765625