0 0.21015625 0.41015625 0.08203125 0.084375
0 0.08359375 0.44140625 0.1 0.071875
9 0.26875 0.2171875 0.08203125 0.1
1 0.2984375 0.30546875 0.02265625 0.10546875
1 0.2421875 0.16328125 0.05546875 0.065625
11 0.92734375 0.39296875 0.1296875 0.1359375
11 0.72578125 0.0609375 0.1296875 0.121875
11 0.778125 0.36640625 0.11171875 0.13203125
9 0.91015625 0.56328125 0.08828125 0.03046875
9 0.7 0.48671875 0.1046875 0.084375
9 0.584375 0.5515625 0.096875 0.05234375
10 0.609375 0.21171875 0.0703125 0.109375
9 0.19296875 0.61484375 0.11015625 0.0734375
11 0.2703125 0.61171875 0.07890625 0.06796875
9 0.4984375 0.790625 0.07890625 0.09609375
9 0.62578125 0.89453125 0.134375 0.16015625
9 0.734375 0.70546875 0.0703125 0.08828125
0 0.8265625 0.709375 0.0609375 0.08671875
0 0.77890625 0.659375 0.071875 0.0828125
0 0.71875 0.76171875 0.11171875 0.10546875
0 0.721875 0.84375 0.05390625 0.0546875
0 0.4921875 0.959375 0.05546875 0.08125
1 0.63671875 0.73359375 0.0359375 0.04921875
1 0.59609375 0.7828125 0.0359375 0.05234375
1 0.6015625 0.68671875 0.065625 0.065625