9 0.50234375 0.1140625 0.06796875 0.0828125
9 0.42109375 0.38125 0.04609375 0.06953125
1 0.209375 0.29765625 0.0609375 0.06953125
1 0.0734375 0.32109375 0.0421875 0.046875
1 0.3328125 0.4203125 0.05 0.0484375
1 0.55234375 0.3625 0.03359375 0.08125
10 0.521875 0.44296875 0.06484375 0.0828125
10 0.8625 0.4015625 0.071875 0.0953125
10 0.9359375 0.41328125 0.04765625 0.0609375
10 0.93046875 0.34921875 0.0390625 0.03828125
10 0.90546875 0.3078125 0.02734375 0.04296875
10 0.87265625 0.30859375 0.04609375 0.0515625
10 0.81875 0.29375 0.03671875 0.05546875
10 0.69609375 0.04140625 0.0890625 0.0828125
10 0.603125 0.0109375 0.06875 0.021875
10 0.83203125 0.0453125 0.0421875 0.05859375
10 0.903125 0.04375 0.040625 0.05546875
10 0.81171875 0.47265625 0.0515625 0.05546875
1 0.85546875 0.25546875 0.0328125 0.0484375
0 0.27578125 0.690625 0.09375 0.13984375
0 0.4953125 0.61015625 0.090625 0.10703125
1 0.15078125 0.7921875 0.0390625 0.046875
1 0.17109375 0.725 0.04453125 0.0609375
10 0.70390625 0.97578125 0.04453125 0.0484375
10 0.96484375 0.91796875 0.04609375 0.07109375
10 0.85859375 0.94140625 0.053125 0.08984375
10 0.76953125 0.50859375 0.0625 0.0171875
10 0.81875 0.7171875 0.05546875 0.06953125
10 0.7890625 0.8 0.04765625 0.08125
4 0.77734375 0.95546875 0.0796875 0.0890625
9 0.93515625 0.53046875 0.059375 0.0609375
9 0.840625 0.559375 0.06875 0.06953125
9 0.7171875 0.54375 0.0515625 0.065625
11 0.95 0.68203125 0.06796875 0.08515625
1 0.84921875 0.66015625 0.0421875 0.04140625
1 0.8921875 0.58828125 0.04609375 0.07265625
1 0.90390625 0.928125 0.04609375 0.06953125
9 0.8390625 0.85546875 0.03828125 0.05