10 0.4578125 0.19453125 0.05234375 0.08671875
10 0.14375 0.4359375 0.04609375 0.071875
10 0.16796875 0.51875 0.0484375 0.08125
10 0.1921875 0.31015625 0.0484375 0.078125
9 0.2546875 0.4390625 0.05078125 0.096875
1 0.06953125 0.11484375 0.04375 0.071875
1 0.0859375 0.24609375 0.07109375 0.06328125
1 0.209375 0.11015625 0.04453125 0.0484375
11 0.3734375 0.21640625 0.046875 0.16484375
0 0.36953125 0.51484375 0.0671875 0.078125
0 0.27890625 0.33515625 0.109375 0.1015625
1 0.6109375 0.33359375 0.04375 0.1953125
1 0.865625 0.3953125 0.26875 0.196875
1 0.82421875 0.12578125 0.1796875 0.2515625
1 0.6546875 0.20546875 0.13125 0.1390625
1 0.65546875 0.05234375 0.1296875 0.1046875
1 0.67734375 0.4203125 0.1765625 0.25
1 0.02578125 0.665625 0.0515625 0.078125
1 0.22265625 0.78828125 0.07265625 0.07265625
1 0.04375 0.97578125 0.06875 0.0484375
9 0.52578125 0.98125 0.0828125 0.0375
9 0.3890625 0.60078125 0.05625 0.0828125
10 0.7046875 0.9109375 0.20859375 0.10625