9 0.03515625 0.15546875 0.05 0.05625
9 0.00703125 0.19140625 0.0140625 0.0953125
1 0.03046875 0.328125 0.0578125 0.003125
1 0.08203125 0.21640625 0.05 0.04765625
1 0.07734375 0.07578125 0.0609375 0.07109375
1 0.040625 0.2625 0.05 0.05078125
4 0.5453125 0.084375 0.0390625 0.1109375
11 0.53046875 0.021875 0.0671875 0.04375
11 0.37578125 0.1109375 0.0328125 0.078125
11 0.65625 0.16640625 0.12421875 0.16796875
11 0.8640625 0.24765625 0.1140625 0.1375
10 0.77421875 0.17265625 0.10703125 0.1296875
10 0.5828125 0.27421875 0.0375 0.1109375
9 0.86953125 0.09921875 0.11640625 0.1375
9 0.97421875 0.05 0.0515625 0.1
9 0.7484375 0.296875 0.16875 0.065625
11 0.94921875 0.23671875 0.1015625 0.1859375
10 0.59453125 0.20859375 0.05859375 0.1015625
1 0.68359375 0.096875 0.07265625 0.08515625
1 0.753125 0.028125 0.0875 0.05625
1 0.63046875 0.05 0.07890625 0.08359375
1 0.01484375 0.74921875 0.0296875 0.0640625
9 0.40390625 0.43515625 0.0546875 0.06171875
9 0.92421875 0.596875 0.03671875 0.04765625
9 0.89375 0.73359375 0.0296875 0.06171875
9 0.84140625 0.62421875 0.02421875 0.0421875
9 0.8453125 0.5328125 0.02421875 0.03203125
1 0.871875 0.83203125 0.021875 0.0375
1 0.69921875 0.6296875 0.021875 0.0546875
1 0.59609375 0.65625 0.02421875 0.0515625
9 0.7515625 0.95703125 0.0625 0.0859375
9 0.93671875 0.884375 0.0515625 0.025