11 0.42265625 0.2015625 0.2734375 0.403125
1 0.925 0.04765625 0.128125 0.0953125
1 0.83203125 0.07421875 0.1328125 0.078125
1 0.59765625 0.28203125 0.0765625 0.0703125
9 0.67890625 0.2 0.0859375 0.1046875
1 0.58359375 0.425 0.0484375 0.05625
1 0.7765625 0.490625 0.040625 0.07109375
1 0.03046875 0.73828125 0.0609375 0.1484375
4 0.38125 0.68203125 0.07578125 0.13125
11 0.55234375 0.80078125 0.0140625 0.1203125
9 0.35625 0.84609375 0.04296875 0.06171875
9 0.434375 0.94375 0.0546875 0.0828125
9 0.48671875 0.8859375 0.053125 0.08671875
1 0.9453125 0.77109375 0.08125 0.0828125
1 0.57421875 0.9578125 0.0296875 0.084375
1 0.584375 0.8 0.05 0.075