1 0.19453125 0.33828125 0.078125 0.0609375
0 0.0265625 0.34453125 0.053125 0.1109375
0 0.35625 0.421875 0.165625 0.075
0 0.16171875 0.1984375 0.090625 0.0828125
0 0.13984375 0.296875 0.0640625 0.0546875
9 0.36015625 0.14609375 0.11171875 0.0953125
0 0.49140625 0.1921875 0.1046875 0.096875
1 0.8671875 0.290625 0.03203125 0.0234375
1 0.9734375 0.0109375 0.034375 0.021875
9 0.9859375 0.0375 0.028125 0.025
9 0.9125 0.1796875 0.046875 0.0265625
9 0.95625 0.1296875 0.0875 0.034375
9 0.54921875 0.4 0.07890625 0.10546875
9 0.45546875 0.36796875 0.0328125 0.0609375
1 0.4046875 0.54765625 0.0421875 0.06171875
10 0.184375 0.7453125 0.06640625 0.09296875
10 0.08828125 0.7890625 0.0578125 0.0765625
10 0.00625 0.85234375 0.0125 0.0671875
1 0.1609375 0.9921875 0.05 0.015625
1 0.17890625 0.89609375 0.04921875 0.0640625
1 0.1828125 0.82109375 0.05078125 0.04921875
9 0.25625 0.753125 0.03515625 0.05546875
0 0.4109375 0.69609375 0.05625 0.0484375
10 0.6703125 0.678125 0.12265625 0.0671875
10 0.553125 0.61953125 0.0890625 0.05078125
10 0.71328125 0.57890625 0.06875 0.04375
10 0.94140625 0.55234375 0.0671875 0.04921875
10 0.6671875 0.490625 0.078125 0.0421875
11 0.98046875 0.62265625 0.0390625 0.0984375
1 0.79453125 0.984375 0.0796875 0.03125