11 0.3359375 0.05546875 0.0828125 0.0921875
11 0.234375 0.11015625 0.1109375 0.13984375
11 0.40078125 0.140625 0.0578125 0.115625
10 0.1359375 0.015625 0.078125 0.03125
10 0.3390625 0.1265625 0.0640625 0.08515625
0 0.2546875 0.46015625 0.19375 0.0578125
10 0.696875 0.38125 0.10390625 0.1125
10 0.53515625 0.2421875 0.109375 0.075
11 0.44921875 0.4421875 0.0390625 0.09375
1 0.55 0.040625 0.084375 0.08125
1 0.4609375 0.12578125 0.0625 0.1203125
1 0.6125 0.13203125 0.0546875 0.07109375
1 0.84140625 0.37734375 0.04453125 0.08984375
1 0.6640625 0.26875 0.06015625 0.11953125
0 0.92109375 0.4609375 0.0609375 0.05625
0 0.0203125 0.7765625 0.040625 0.121875
0 0.39296875 0.796875 0.0734375 0.134375
0 0.41875 0.60703125 0.021875 0.1390625
0 0.02109375 0.60859375 0.0421875 0.0671875
1 0.65859375 0.975 0.0453125 0.05