9 0.07734375 0.025 0.03671875 0.02578125
0 0.1625 0.08984375 0.12109375 0.10546875
1 0.42890625 0.20078125 0.0609375 0.0828125
1 0.26875 0.0453125 0.1015625 0.01640625
1 0.603125 0.303125 0.0609375 0.05234375
1 0.703125 0.24765625 0.02890625 0.01640625
1 0.71171875 0.34609375 0.02890625 0.02109375
9 0.56640625 0.1234375 0.06953125 0.06484375
9 0.578125 0.52109375 0.13125 0.1234375
1 0.5109375 0.52265625 0.03828125 0.059375
1 0.4703125 0.50546875 0.021875 0.0515625
9 0.984375 0.52109375 0.03125 0.1234375
11 0.90625 0.48125 0.059375 0.04375
5 0.51015625 0.8046875 0.1015625 0.121875
5 0.5078125 0.71328125 0.096875 0.1421875
5 0.596875 0.64296875 0.14609375 0.11953125
5 0.653125 0.83359375 0.08671875 0.11484375
5 0.678125 0.93515625 0.128125 0.1296875