0 0.01875 0.22578125 0.0375 0.0421875
9 0.0609375 0.18125 0.0703125 0.08046875
10 0.51796875 0.01953125 0.0671875 0.0390625
1 0.6125 0.20703125 0.07109375 0.1046875
1 0.7265625 0.26328125 0.075 0.06328125
10 0.15234375 0.759375 0.05390625 0.12578125
10 0.11171875 0.59765625 0.05234375 0.11953125
11 0.03671875 0.68359375 0.0734375 0.2515625
11 0.31171875 0.63671875 0.0796875 0.19765625
0 0.34609375 0.96484375 0.0828125 0.0703125
0 0.40703125 0.68515625 0.0234375 0.1296875
0 0.21640625 0.78125 0.05390625 0.12265625