0 0.0140625 0.0296875 0.028125 0.046875
9 0.2640625 0.52421875 0.065625 0.0109375
9 0.11640625 0.515625 0.0640625 0.028125
1 0.4671875 0.43515625 0.015625 0.0796875
11 0.6171875 0.3796875 0.08203125 0.1078125
9 0.48359375 0.146875 0.04609375 0.1015625
0 0.659375 0.05390625 0.071875 0.1078125
0 0.70390625 0.2734375 0.07734375 0.065625
0 0.6671875 0.44921875 0.075 0.0546875
10 0.7796875 0.15390625 0.04921875 0.1125
1 0.65859375 0.503125 0.0375 0.053125
9 0.2171875 0.66953125 0.1 0.0546875
3 0.30078125 0.61875 0.08984375 0.084375
9 0.6609375 0.95234375 0.08125 0.0953125
10 0.7890625 0.57890625 0.0671875 0.0796875
1 0.984375 0.9453125 0.03125 0.08125
1 0.89609375 0.9859375 0.0578125 0.028125
1 0.6109375 0.72265625 0.0203125 0.04921875
0 0.821875 0.75078125 0.0625 0.07890625
0 0.8828125 0.74765625 0.07109375 0.11171875
0 0.88515625 0.578125 0.1171875 0.096875
0 0.9484375 0.84453125 0.103125 0.1328125
0 0.59140625 0.853125 0.11328125 0.17421875
0 0.67890625 0.634375 0.16953125 0.1421875