11 0.0453125 0.02578125 0.084375 0.0515625
1 0.2015625 0.38359375 0.046875 0.05078125
1 0.4765625 0.003125 0.015625 0.00625
1 0.809375 0.17578125 0.05078125 0.0265625
0 0.92734375 0.1828125 0.0609375 0.046875
0 0.7 0.21171875 0.11484375 0.04296875
0 0.97890625 0.19609375 0.0421875 0.0390625
0 0.834375 0.11953125 0.0609375 0.03515625
0 0.84609375 0.16015625 0.0421875 0.025
9 0.71015625 0.09375 0.07421875 0.04140625
11 0.49765625 0.41171875 0.0578125 0.0359375
10 0.95234375 0.4125 0.0890625 0.034375