1 0.03046875 0.246875 0.05234375 0.06484375
10 0.51328125 0.22109375 0.08125 0.078125
10 0.23828125 0.1546875 0.0796875 0.08828125
10 0.57421875 0.0546875 0.0890625 0.075
11 0.16875 0.27109375 0.06875 0.1578125
10 0.27890625 0.659375 0.05 0.06875
1 0.2421875 0.66484375 0.0375 0.0546875
1 0.109375 0.6671875 0.0375 0.0484375
1 0.32734375 0.7296875 0.0375 0.0421875
1 0.04140625 0.8078125 0.04296875 0.046875
1 0.41171875 0.7515625 0.03359375 0.04296875
1 0.37265625 0.73046875 0.0234375 0.04453125
1 0.1203125 0.37109375 0.03828125 0.0421875
9 0.15859375 0.59296875 0.0578125 0.065625
9 0.175 0.69140625 0.071875 0.065625
9 0.553125 0.4625 0.06875 0.0890625
10 0.52578125 0.7859375 0.03671875 0.0453125
10 0.4921875 0.80859375 0.02109375 0.0453125
10 0.51953125 0.703125 0.0453125 0.046875
10 0.609375 0.59921875 0.01875 0.0421875
11 0.1578125 0.9796875 0.05 0.040625
11 0.21484375 0.959375 0.03359375 0.03359375
10 0.19609375 0.91796875 0.03984375 0.03984375
1 0.0671875 0.94453125 0.0296875 0.040625
1 0.08359375 0.98828125 0.0265625 0.0234375
1 0.1015625 0.95234375 0.03359375 0.03359375
1 0.128125 0.93046875 0.0234375 0.021875
1 0.0765625 0.8953125 0.0171875 0.025
1 0.0453125 0.9 0.0234375 0.021875
7 0.31953125 0.90703125 0.05546875 0.0484375
7 0.26171875 0.9015625 0.0625 0.0359375
1 0.103125 0.87421875 0.0171875 0.01640625
1 0.1328125 0.9125 0.015625 0.01875
1 0.13359375 0.878125 0.0171875 0.02109375
1 0.16328125 0.92109375 0.0171875 0.01875
1 0.11484375 0.9921875 0.0359375 0.015625
1 0.09921875 0.98046875 0.0171875 0.01953125
1 0.16328125 0.95 0.01875 0.01875
1 0.78828125 0.9546875 0.0796875 0.090625