9 0.16328125 0.378125 0.09375 0.06328125
11 0.2796875 0.08125 0.078125 0.053125
11 0.2671875 0.25703125 0.103125 0.1046875
1 0.0296875 0.409375 0.059375 0.059375
11 0.721875 0.38828125 0.0296875 0.09296875
11 0.57109375 0.265625 0.33125 0.33515625
11 0.39921875 0.340625 0.1609375 0.15625
1 0.7234375 0.4875 0.025 0.04375
1 0.48359375 0.05234375 0.07265625 0.075
1 0.3390625 0.24296875 0.040625 0.0765625
0 0.746875 0.19765625 0.02109375 0.0765625
0 0.96875 0.22734375 0.0625 0.0859375
0 0.97421875 0.3375 0.0515625 0.0875
1 0.82109375 0.71875 0.08984375 0.11015625
1 0.878125 0.5359375 0.184375 0.053125
1 0.384375 0.97890625 0.13125 0.0421875
1 0.509375 0.62265625 0.096875 0.09921875