0 0.20859375 0.0671875 0.2140625 0.134375
1 0.4078125 0.27421875 0.103125 0.0703125
1 0.446875 0.03359375 0.025 0.0671875
1 0.359375 0.21328125 0.06875 0.0953125
10 0.3984375 0.09140625 0.08125 0.07109375
11 0.1203125 0.4859375 0.065625 0.028125
1 0.5125 0.07421875 0.03828125 0.03828125
1 0.83046875 0.0640625 0.0609375 0.0578125
1 0.9859375 0.01953125 0.028125 0.0390625
1 0.63125 0.0125 0.0375 0.025
11 0.52265625 0.21484375 0.084375 0.16640625
10 0.47578125 0.35390625 0.0328125 0.0859375
10 0.47109375 0.1890625 0.0234375 0.084375
1 0.9109375 0.16171875 0.0609375 0.07578125
9 0.7296875 0.19765625 0.071875 0.11640625
0 0.04921875 0.9140625 0.0984375 0.01875
0 0.078125 0.7890625 0.07578125 0.05625
9 0.1984375 0.9890625 0.05625 0.021875
9 0.63828125 0.97109375 0.1859375 0.0578125