10 0.2703125 0.1390625 0.090625 0.07421875
10 0.225 0.190625 0.0859375 0.090625
1 0.14140625 0.115625 0.06484375 0.065625
1 0.084375 0.1421875 0.0484375 0.07421875
1 0.02734375 0.26640625 0.0546875 0.084375
1 0.20078125 0.43203125 0.06640625 0.07734375
1 0.06015625 0.38671875 0.11015625 0.13046875
10 0.69921875 0.05546875 0.11640625 0.1109375
11 0.6609375 0.47578125 0.08046875 0.06796875
11 0.73515625 0.42890625 0.096875 0.0921875
11 0.75859375 0.4890625 0.1015625 0.04140625
0 0.959375 0.390625 0.08046875 0.08046875
0 0.5875 0.23125 0.07890625 0.07265625
0 0.8375 0.303125 0.0875 0.07265625
0 0.76875 0.15 0.09375 0.0921875
0 0.63828125 0.28828125 0.08203125 0.06953125
0 0.546875 0.1203125 0.0984375 0.090625
9 0.221875 0.965625 0.05 0.06875
9 0.3546875 0.85546875 0.0453125 0.10078125
9 0.14921875 0.5828125 0.03046875 0.0890625
9 0.24765625 0.86953125 0.0375 0.07265625
9 0.36328125 0.63671875 0.0484375 0.0890625
1 0.384375 0.7953125 0.03203125 0.06796875
1 0.246875 0.696875 0.0375 0.07734375
1 0.27265625 0.784375 0.02890625 0.05078125
1 0.27734375 0.67109375 0.03046875 0.07890625
1 0.328125 0.6171875 0.02890625 0.06796875
10 0.69453125 0.5265625 0.07734375 0.0328125
10 0.62578125 0.66171875 0.08203125 0.084375