11 0.01328125 0.09765625 0.0265625 0.0984375
9 0.17265625 0.046875 0.1296875 0.09375
10 0.3546875 0.27265625 0.07734375 0.109375
10 0.61796875 0.35546875 0.07578125 0.09140625
1 0.36953125 0.03984375 0.0640625 0.0796875
0 0.565625 0.19140625 0.071875 0.08984375
0 0.50625 0.2078125 0.08359375 0.125
0 0.5234375 0.36640625 0.13125 0.1046875
0 0.4015625 0.13046875 0.171875 0.1640625
9 0.13359375 0.45390625 0.0234375 0.0703125
9 0.16875 0.45078125 0.04375 0.0640625
1 0.0859375 0.5515625 0.04296875 0.065625
1 0.07890625 0.61171875 0.02421875 0.03984375
1 0.1078125 0.57890625 0.02109375 0.0421875
1 0.01640625 0.60546875 0.02421875 0.06640625
9 0.375 0.61015625 0.0515625 0.065625
10 0.565625 0.46328125 0.03671875 0.07265625
0 0.44375 0.496875 0.05078125 0.06328125
0 0.4078125 0.540625 0.0453125 0.06015625
9 0.4875 0.9140625 0.03359375 0.03984375
9 0.63359375 0.89140625 0.0515625 0.0578125
9 0.63515625 0.75078125 0.04453125 0.06171875
9 0.49609375 0.7359375 0.04453125 0.05546875
10 0.29921875 0.9234375 0.05390625 0.07890625
10 0.46875 0.78203125 0.03125 0.03828125
10 0.5375 0.7671875 0.02890625 0.03984375
10 0.40703125 0.89609375 0.0421875 0.05078125
10 0.32734375 0.97265625 0.03359375 0.0453125
10 0.39296875 0.834375 0.0265625 0.0453125
10 0.3421875 0.81015625 0.0265625 0.0453125
10 0.2796875 0.7453125 0.028125 0.0484375
10 0.55234375 0.96875 0.02265625 0.0515625
10 0.5625 0.921875 0.03828125 0.034375
10 0.28359375 0.8328125 0.02734375 0.03203125
10 0.31796875 0.8328125 0.0234375 0.03203125
11 0.6046875 0.78515625 0.0328125 0.0765625
11 0.57734375 0.82265625 0.03671875 0.09140625