10 0.19296875 0.09765625 0.06953125 0.0859375
10 0.08828125 0.1359375 0.0609375 0.071875
1 0.184375 0.24375 0.0515625 0.06015625
1 0.18828125 0.17109375 0.053125 0.04609375
9 0.2703125 0.10859375 0.03671875 0.05234375
9 0.44296875 0.2953125 0.0671875 0.06875
0 0.4421875 0.19453125 0.065625 0.1046875
1 0.475 0.06796875 0.09453125 0.11484375
11 0.8703125 0.24765625 0.05 0.05703125
10 0.92734375 0.3078125 0.0703125 0.04375
10 0.646875 0.028125 0.053125 0.05625
1 0.79765625 0.04921875 0.03984375 0.053125
9 0.86640625 0.053125 0.053125 0.07578125
9 0.58359375 0.28359375 0.015625 0.05859375
9 0.84921875 0.2046875 0.053125 0.053125
9 0.68046875 0.32265625 0.0484375 0.0140625
9 0.9265625 0.2609375 0.04765625 0.05703125
9 0.959375 0.02734375 0.053125 0.0515625
9 0.771875 0.10859375 0.04765625 0.06015625
11 0.1484375 0.59453125 0.09375 0.0734375
11 0.134375 0.68203125 0.07421875 0.08671875
11 0.05234375 0.7296875 0.04921875 0.05859375
10 0.08125 0.803125 0.06171875 0.071875
10 0.06875 0.60546875 0.03515625 0.046875
10 0.09296875 0.54609375 0.04375 0.04921875
1 0.271875 0.746875 0.04609375 0.075
1 0.24609375 0.66015625 0.040625 0.05625
1 0.22109375 0.734375 0.0515625 0.0625
1 0.1828125 0.77578125 0.03515625 0.04296875
1 0.2609375 0.825 0.028125 0.028125
1 0.29375 0.8203125 0.01015625 0.0375
1 0.18046875 0.52421875 0.04375 0.05625
7 0.01484375 0.8203125 0.0296875 0.0375
9 0.20390625 0.35859375 0.0609375 0.0578125
1 0.17578125 0.80859375 0.02421875 0.03359375
1 0.13125 0.79453125 0.025 0.03359375
1 0.22421875 0.61875 0.03203125 0.0375
1 0.19765625 0.646875 0.053125 0.06015625
1 0.2234375 0.68359375 0.0265625 0.0359375
1 0.13046875 0.7421875 0.028125 0.0359375
1 0.30546875 0.69609375 0.0125 0.06015625
4 0.02734375 0.93828125 0.0546875 0.1234375
10 0.05625 0.85625 0.0703125 0.03359375
1 0.76796875 0.60234375 0.078125 0.0609375
0 0.58359375 0.609375 0.08828125 0.11015625
0 0.42578125 0.75234375 0.0328125 0.1359375
0 0.9234375 0.6984375 0.153125 0.1
0 0.49296875 0.6390625 0.0765625 0.0890625
0 0.73515625 0.4625 0.090625 0.0828125
0 0.71328125 0.5609375 0.0640625 0.0546875
9 0.93359375 0.41015625 0.11171875 0.0953125