9 0.1671875 0.16875 0.04453125 0.059375
9 0.11640625 0.07265625 0.06796875 0.04140625
1 0.14921875 0.0328125 0.0640625 0.04609375
0 0.08671875 0.01796875 0.1484375 0.0359375
0 0.07890625 0.12578125 0.1578125 0.1078125
1 0.01484375 0.17734375 0.0296875 0.0796875
9 0.21328125 0.20703125 0.046875 0.0859375
4 0.46328125 0.0296875 0.2078125 0.059375
4 0.38046875 0.20234375 0.0421875 0.2328125
9 0.878125 0.0953125 0.12578125 0.10390625
9 0.8390625 0.2171875 0.04765625 0.096875
9 0.91640625 0.19453125 0.0921875 0.08203125
1 0.97734375 0.084375 0.0453125 0.084375
1 0.87578125 0.03984375 0.04453125 0.05390625
9 0.97109375 0.20703125 0.0578125 0.0671875
9 0.9328125 0.24296875 0.06484375 0.065625
1 0.98046875 0.30390625 0.0390625 0.0296875
1 0.94296875 0.140625 0.06953125 0.07109375
1 0.875 0.2703125 0.04296875 0.04140625
1 0.9125 0.28203125 0.04765625 0.04921875
1 0.6328125 0.8828125 0.05703125 0.1
7 0.72265625 0.925 0.05234375 0.084375
7 0.53984375 0.98515625 0.0578125 0.0296875