9 0.1203125 0.05 0.0875 0.08515625
9 0.12265625 0.1796875 0.0828125 0.1015625
9 0.0140625 0.203125 0.028125 0.05625
4 0.44453125 0.26796875 0.046875 0.03515625
4 0.4578125 0.3234375 0.04140625 0.03671875
11 0.43671875 0.2171875 0.0359375 0.03125
9 0.8828125 0.1484375 0.084375 0.0515625
1 0.66875 0.11328125 0.04296875 0.02734375
1 0.83046875 0.01875 0.078125 0.02890625
1 0.83359375 0.140625 0.02265625 0.02578125
1 0.7953125 0.14375 0.02734375 0.02109375
1 0.61171875 0.19375 0.0265625 0.03359375
1 0.66171875 0.05234375 0.03671875 0.03046875
1 0.75390625 0.159375 0.0359375 0.0375
0 0.83984375 0.29375 0.11796875 0.1
0 0.73515625 0.2171875 0.0640625 0.06328125
10 0.45859375 0.4953125 0.0796875 0.1125
11 0.9921875 0.56484375 0.015625 0.0359375
9 0.95703125 0.59609375 0.0578125 0.0265625
0 0.67890625 0.60078125 0.0828125 0.0171875
9 0.03671875 0.87109375 0.0734375 0.1578125
9 0.375 0.86171875 0.06640625 0.09921875