11 0.00625 0.140625 0.0125 0.1
9 0.2453125 0.18984375 0.03671875 0.0625
6 0.28125 0.2125 0.03671875 0.059375
6 0.1390625 0.14609375 0.05625 0.0578125
1 0.59296875 0.1546875 0.0140625 0.075
1 0.2984375 0.44453125 0.06640625 0.084375
1 0.20546875 0.52109375 0.08203125 0.0953125
10 0.11875 0.721875 0.07265625 0.075
10 0.21640625 0.67265625 0.08046875 0.09375
1 0.309375 0.74609375 0.06484375 0.07265625
0 0.53203125 0.79140625 0.090625 0.0765625
0 0.546875 0.88203125 0.08203125 0.0765625
9 0.44140625 0.76640625 0.07890625 0.0671875
9 0.6890625 0.415625 0.11875 0.053125
9 0.80703125 0.40859375 0.0453125 0.0390625
1 0.6515625 0.5015625 0.0875 0.04453125
1 0.6453125 0.775 0.05390625 0.04453125
1 0.69140625 0.93046875 0.04296875 0.0375
1 0.6484375 0.99140625 0.034375 0.0171875
9 0.9421875 0.9140625 0.0390625 0.09296875
0 0.98046875 0.6765625 0.0390625 0.078125
0 0.95 0.6359375 0.046875 0.0640625