9 0.31953125 0.29140625 0.09921875 0.07734375
9 0.134375 0.2859375 0.0765625 0.04140625
9 0.51484375 0.36484375 0.0703125 0.0921875
1 0.20859375 0.278125 0.0328125 0.03828125
1 0.2390625 0.246875 0.04453125 0.0359375
1 0.34140625 0.15703125 0.06328125 0.0484375
1 0.40390625 0.13671875 0.04140625 0.04453125
1 0.43203125 0.2390625 0.02890625 0.04140625
1 0.39609375 0.24140625 0.04140625 0.0296875
1 0.4296875 0.021875 0.05625 0.04375
1 0.253125 0.20859375 0.04609375 0.04453125
0 0.1234375 0.3234375 0.06640625 0.0484375
4 0.2796875 0.59453125 0.128125 0.0296875
4 0.2109375 0.59296875 0.1 0.0328125
1 0.8125 0.55390625 0.08203125 0.1109375
10 0.0109375 0.85625 0.021875 0.04375
9 0.01875 0.89453125 0.0375 0.0328125
9 0.06953125 0.79921875 0.05859375 0.0453125
1 0.0546875 0.86953125 0.06640625 0.040625
1 0.0140625 0.9296875 0.028125 0.034375
9 0.26328125 0.63671875 0.0734375 0.0546875
9 0.33515625 0.61953125 0.0671875 0.0203125
9 0.29921875 0.8171875 0.06953125 0.07421875
9 0.246875 0.78984375 0.04375 0.0578125
9 0.24140625 0.69375 0.0453125 0.06171875
9 0.228125 0.88515625 0.05234375 0.046875
9 0.31484375 0.8828125 0.07265625 0.07265625
1 0.29609375 0.66640625 0.03515625 0.04375
1 0.31171875 0.6328125 0.03515625 0.0421875
1 0.1203125 0.98203125 0.04375 0.0359375
1 0.259375 0.91484375 0.05234375 0.05
0 0.1546875 0.71484375 0.05859375 0.0578125
0 0.2640625 0.9890625 0.1 0.021875
0 0.225 0.95546875 0.121875 0.0890625
0 0.1890625 0.84453125 0.13046875 0.11796875
1 0.125 0.81484375 0.05234375 0.08359375
1 0.3390625 0.91953125 0.0484375 0.053125
1 0.2703125 0.6703125 0.065625 0.07109375