0 0.44296875 0.08125 0.1140625 0.0875
9 0.31953125 0.43203125 0.03671875 0.1453125
1 0.0296875 0.52734375 0.059375 0.0234375
1 0.01015625 0.4796875 0.0203125 0.05
1 0.0125 0.39765625 0.025 0.0859375
1 0.05625 0.27109375 0.040625 0.0765625
1 0.2640625 0.46640625 0.05390625 0.06640625
1 0.109375 0.521875 0.0375 0.034375
1 0.32734375 0.35078125 0.021875 0.05703125
9 0.4171875 0.4984375 0.103125 0.08125
11 0.396875 0.35546875 0.09765625 0.17265625
1 0.38203125 0.946875 0.0875 0.0671875
1 0.34609375 0.8703125 0.03203125 0.03828125
1 0.46484375 0.8234375 0.01875 0.034375
1 0.44921875 0.86640625 0.0265625 0.0328125
1 0.47109375 0.91875 0.0265625 0.03125
1 0.490625 0.74609375 0.01875 0.0484375
1 0.39296875 0.84453125 0.03515625 0.04453125
9 0.86640625 0.853125 0.08671875 0.121875
9 0.5734375 0.6734375 0.08125 0.1328125
1 0.940625 0.7390625 0.04765625 0.13125
0 0.7515625 0.7234375 0.06640625 0.109375
0 0.515625 0.5703125 0.03125 0.0625