9 0.0921875 0.271875 0.16953125 0.26953125
9 0.4953125 0.1765625 0.028125 0.078125
9 0.37109375 0.12734375 0.07109375 0.053125
1 0.3703125 0.03984375 0.03046875 0.0421875
1 0.3296875 0.028125 0.04375 0.05625
1 0.36953125 0.21796875 0.05625 0.03203125
1 0.41640625 0.2234375 0.0421875 0.03671875
1 0.35078125 0.31953125 0.04375 0.046875
1 0.240625 0.08828125 0.0171875 0.0421875
1 0.4125 0.05703125 0.03515625 0.06484375
1 0.478125 0.3171875 0.02265625 0.03046875
1 0.49765625 0.34453125 0.02109375 0.03984375
1 0.2546875 0.1828125 0.0390625 0.046875
1 0.26796875 0.359375 0.03359375 0.03671875
1 0.4625 0.3703125 0.03671875 0.03359375
1 0.41484375 0.2703125 0.025 0.03359375
1 0.33046875 0.35546875 0.03046875 0.05703125
1 0.34921875 0.3796875 0.040625 0.0453125
1 0.3203125 0.24765625 0.03203125 0.03671875
0 0.040625 0.6953125 0.06328125 0.06328125
0 0.16953125 0.6875 0.0515625 0.05859375
9 0.11875 0.47109375 0.06171875 0.05546875
9 0.15078125 0.5390625 0.03359375 0.0515625
9 0.06484375 0.5140625 0.07265625 0.075
1 0.12265625 0.578125 0.05859375 0.08359375
1 0.028125 0.4734375 0.0421875 0.0515625
9 0.19296875 0.5 0.04609375 0.05
9 0.30546875 0.53046875 0.07578125 0.08046875
9 0.33828125 0.7078125 0.0671875 0.04375
10 0.3828125 0.415625 0.053125 0.01875
10 0.2390625 0.55546875 0.01796875 0.0703125
11 0.4953125 0.615625 0.028125 0.071875
5 0.70859375 0.159375 0.3734375 0.19140625
5 0.71171875 0.434375 0.09765625 0.125
5 0.92890625 0.153125 0.05234375 0.09140625
5 0.98828125 0.35859375 0.0234375 0.0421875
1 0.75390625 0.5921875 0.0484375 0.08046875
10 0.10859375 0.84140625 0.0640625 0.04453125
3 0.37109375 0.86015625 0.08046875 0.0546875
1 0.32734375 0.76328125 0.0546875 0.0625
9 0.74296875 0.97421875 0.0703125 0.0515625
9 0.53515625 0.7546875 0.0515625 0.05
1 0.88046875 0.778125 0.0609375 0.06640625
1 0.61640625 0.75390625 0.0703125 0.0484375
9 0.63359375 0.9796875 0.0703125 0.040625
0 0.671875 0.90234375 0.1421875 0.084375
0 0.70390625 0.81328125 0.16015625 0.13828125
1 0.51796875 0.8046875 0.0171875 0.059375