0 0.3875 0.084375 0.0484375 0.08828125
0 0.41171875 0.2984375 0.06796875 0.0921875
0 0.41953125 0.17421875 0.0609375 0.05703125
1 0.60703125 0.065625 0.09140625 0.03671875
9 0.7375 0.11328125 0.08125 0.02734375
9 0.98046875 0.29296875 0.0390625 0.0671875
10 0.95625 0.240625 0.03671875 0.06796875
10 0.928125 0.25703125 0.03359375 0.06640625
10 0.8953125 0.2359375 0.03828125 0.07109375
10 0.95703125 0.35390625 0.03984375 0.0609375
10 0.80390625 0.10859375 0.0578125 0.01796875
10 0.103125 0.5859375 0.02734375 0.0703125
10 0.0640625 0.74296875 0.01796875 0.059375
10 0.00859375 0.65234375 0.0171875 0.0578125
1 0.01015625 0.5125 0.0203125 0.078125
1 0.07578125 0.53359375 0.02578125 0.07578125
9 0.32265625 0.54453125 0.1015625 0.1015625
10 0.48046875 0.48046875 0.0171875 0.0796875
0 0.31015625 0.42421875 0.0859375 0.0484375
9 0.01484375 0.8 0.0296875 0.034375
1 0.02265625 0.890625 0.0453125 0.075
1 0.0859375 0.88046875 0.0453125 0.04453125
10 0.42890625 0.98671875 0.0609375 0.0265625
10 0.3375 0.98359375 0.078125 0.0328125
11 0.296875 0.84140625 0.08359375 0.0921875
1 0.24453125 0.7953125 0.09609375 0.02421875