8 0.12109375 0.06640625 0.2421875 0.1328125
8 0.15859375 0.08515625 0.10234375 0.09765625
8 0.11640625 0.16640625 0.06875 0.08671875
8 0.17734375 0.2015625 0.11640625 0.10234375
8 0.04453125 0.20078125 0.0890625 0.1015625
12 0.03828125 0.56796875 0.0765625 0.2828125
12 0.10234375 0.4140625 0.16171875 0.32109375
0 0.56328125 0.33359375 0.0828125 0.09921875
0 0.56328125 0.65859375 0.04296875 0.071875
9 0.67265625 0.48828125 0.0734375 0.1234375
9 0.60234375 0.5578125 0.0890625 0.1171875
9 0.69375 0.4140625 0.03125 0.115625
9 0.61953125 0.3765625 0.04453125 0.071875
1 0.89609375 0.065625 0.084375 0.07109375
1 0.98203125 0.075 0.0359375 0.0625
1 0.97421875 0.14375 0.0515625 0.05625
11 0.9875 0.2734375 0.025 0.06875
10 0.92109375 0.36953125 0.05859375 0.07421875
0 0.8046875 0.14609375 0.07578125 0.065625
0 0.94453125 0.21328125 0.1109375 0.0828125
1 0.88984375 0.328125 0.04296875 0.0390625
1 0.4046875 0.9875 0.065625 0.025
1 0.31171875 0.96875 0.0578125 0.0625