5 0.1078125 0.0796875 0.10234375 0.10234375
5 0.25546875 0.03515625 0.0484375 0.0703125
5 0.12109375 0.2359375 0.20703125 0.18515625
5 0.24453125 0.51953125 0.0703125 0.1609375
10 0.01796875 0.67109375 0.0359375 0.1203125
9 0.728125 0.975 0.0625 0.05
1 0.81328125 0.74765625 0.10546875 0.121875
1 0.88515625 0.628125 0.04453125 0.04140625
1 0.846875 0.6203125 0.0375 0.040625
1 0.81171875 0.61328125 0.0453125 0.0265625
1 0.7265625 0.85078125 0.04140625 0.04453125
1 0.96640625 0.9390625 0.03828125 0.03984375
9 0.7875 0.88203125 0.03671875 0.0359375
9 0.84765625 0.9375 0.04765625 0.04765625
9 0.84609375 0.9703125 0.04140625 0.04453125
9 0.95625 0.89375 0.04296875 0.04140625
9 0.9296875 0.65390625 0.06640625 0.065625
9 0.640625 0.86953125 0.04453125 0.03984375
9 0.68203125 0.65078125 0.0546875 0.05625
9 0.871875 0.84140625 0.04765625 0.04453125
9 0.98515625 0.76015625 0.0296875 0.0640625