1 0.11953125 0.2671875 0.1078125 0.09765625
1 0.08046875 0.378125 0.05 0.0734375
1 0.01328125 0.31484375 0.0265625 0.0734375
11 0.67734375 0.08984375 0.1046875 0.0265625
1 0.69453125 0.109375 0.04609375 0.0421875
3 0.971875 0.02421875 0.05625 0.0484375
1 0.8703125 0.18671875 0.10703125 0.07578125
9 0.9703125 0.56875 0.059375 0.071875
9 0.85859375 0.5578125 0.08203125 0.09296875
1 0.9640625 0.63828125 0.03984375 0.053125
1 0.9203125 0.6015625 0.0421875 0.05078125
1 0.9828125 0.6265625 0.034375 0.08125