1 0.1234375 0.18125 0.05078125 0.08515625
1 0.12421875 0.05 0.05 0.08828125
1 0.009375 0.13046875 0.01875 0.0640625
8 0.45703125 0.0640625 0.3640625 0.128125
8 0.571875 0.16484375 0.134375 0.2265625
1 0.68125 0.3296875 0.05390625 0.0796875
11 0.85 0.2734375 0.08203125 0.1078125
9 0.715625 0.0453125 0.046875 0.090625
10 0.6640625 0.11015625 0.05 0.0765625
0 0.93671875 0.1671875 0.07734375 0.065625
0 0.9 0.34296875 0.075 0.0546875
10 0.99375 0.0515625 0.0125 0.103125
1 0.890625 0.39453125 0.0375 0.0484375
1 0.8125 0.53359375 0.040625 0.0578125
1 0.71484375 0.4390625 0.0421875 0.040625
1 0.77109375 0.50859375 0.04453125 0.0609375
1 0.6671875 0.74765625 0.03125 0.05234375
0 0.8046875 0.44375 0.0625 0.05
9 0.77421875 0.98828125 0.0671875 0.0234375
9 0.7328125 0.94140625 0.09375 0.1171875
9 0.72265625 0.84765625 0.08046875 0.08125
9 0.86953125 0.865625 0.06953125 0.10390625