9 0.25078125 0.16015625 0.059375 0.06640625
9 0.109375 0.02109375 0.071875 0.0421875
9 0.28125 0.09375 0.0640625 0.053125
9 0.25390625 0.2625 0.04453125 0.04609375
9 0.325 0.146875 0.04921875 0.0484375
9 0.3 0.040625 0.05 0.04375
10 0.340625 0.10234375 0.0328125 0.046875
1 0.1078125 0.07421875 0.040625 0.04375
1 0.0875 0.10546875 0.028125 0.025
1 0.0796875 0.1375 0.03671875 0.03984375
1 0.0984375 0.1953125 0.025 0.0328125
1 0.18515625 0.29921875 0.04140625 0.040625
1 0.21171875 0.1375 0.0296875 0.03046875
1 0.14609375 0.09453125 0.021875 0.02734375
1 0.18203125 0.06015625 0.040625 0.040625
1 0.25 0.19375 0.04921875 0.03203125
1 0.30078125 0.27265625 0.04296875 0.04296875
10 0.86875 0.25390625 0.03828125 0.040625
10 0.51875 0.13671875 0.03203125 0.034375
11 0.65703125 0.23203125 0.0375 0.0390625
11 0.76640625 0.2578125 0.0296875 0.0328125
11 0.6015625 0.1546875 0.05625 0.04765625
9 0.62265625 0.10859375 0.04296875 0.05078125
1 0.68984375 0.12734375 0.0421875 0.05234375
1 0.65546875 0.13125 0.0296875 0.0328125
6 0.74765625 0.13984375 0.034375 0.0296875
6 0.77421875 0.2171875 0.0390625 0.02890625
11 0.284375 0.66484375 0.05546875 0.11171875
0 0.2515625 0.8859375 0.05859375 0.121875
12 0.49140625 0.8875 0.10234375 0.15859375
12 0.65859375 0.72578125 0.11796875 0.09375
12 0.49296875 0.9578125 0.1078125 0.084375
12 0.5828125 0.8484375 0.12265625 0.10703125