9 0.18828125 0.0296875 0.1015625 0.059375
9 0.0546875 0.02890625 0.08125 0.0578125
9 0.24453125 0.29921875 0.0890625 0.084375
9 0.3078125 0.23125 0.046875 0.0734375
9 0.2609375 0.096875 0.046875 0.0796875
9 0.39296875 0.35 0.075 0.04453125
9 0.259375 0.38359375 0.096875 0.0515625
1 0.1609375 0.09296875 0.03984375 0.053125
1 0.1171875 0.05625 0.0421875 0.05078125
1 0.36171875 0.3953125 0.0703125 0.028125
0 0.40703125 0.07578125 0.0796875 0.06015625
0 0.41875 0.27109375 0.1625 0.1171875
1 0.203125 0.0828125 0.08203125 0.08203125
1 0.83828125 0.40234375 0.0171875 0.0140625
4 0.70625 0.50859375 0.1328125 0.0625
4 0.76015625 0.5015625 0.1015625 0.07578125
1 0.8296875 0.559375 0.1078125 0.03984375
1 0.8453125 0.75859375 0.075 0.09296875
1 0.9671875 0.72421875 0.01640625 0.065625
9 0.6828125 0.73046875 0.06484375 0.07265625