10 0.49765625 0.1703125 0.1390625 0.134375
1 0.840625 0.00859375 0.05625 0.0171875
1 0.89765625 0.00859375 0.0296875 0.0171875
9 0.8015625 0.3609375 0.078125 0.05625
9 0.9546875 0.3265625 0.0703125 0.06015625
1 0.96953125 0.09296875 0.0546875 0.084375
1 0.9578125 0.221875 0.03125 0.0484375
1 0.98828125 0.20859375 0.0234375 0.0671875
1 0.92265625 0.1359375 0.03203125 0.05390625
1 0.91484375 0.23984375 0.03359375 0.07578125
10 0.68671875 0.13359375 0.05078125 0.08203125
1 0.8453125 0.04609375 0.04765625 0.05625
1 0.79296875 0.03203125 0.03828125 0.028125
1 0.86328125 0.153125 0.02421875 0.04375
11 0.16875 0.7921875 0.059375 0.0890625
11 0.24140625 0.62265625 0.02109375 0.10625
9 0.23359375 0.509375 0.0359375 0.115625
1 0.1328125 0.5375 0.0640625 0.121875
1 0.18984375 0.55546875 0.04609375 0.0734375
6 0.03515625 0.55390625 0.05625 0.06640625
10 0.26953125 0.8046875 0.0359375 0.10625
10 0.53125 0.6546875 0.0578125 0.0734375
1 0.278125 0.5265625 0.05234375 0.08671875
1 0.48671875 0.49296875 0.059375 0.09765625
1 0.3171875 0.6046875 0.04765625 0.0734375
9 0.4015625 0.978125 0.075 0.04375
9 0.34765625 0.95546875 0.04453125 0.08203125
0 0.296875 0.971875 0.090625 0.05625
11 0.8234375 0.9359375 0.059375 0.0890625
11 0.6359375 0.9671875 0.04375 0.065625
11 0.89609375 0.76640625 0.02109375 0.10625
9 0.88828125 0.653125 0.0359375 0.115625
1 0.7875 0.68125 0.0640625 0.121875
1 0.84453125 0.69921875 0.04609375 0.0734375
6 0.68984375 0.69765625 0.05625 0.06640625
6 0.63046875 0.871875 0.0609375 0.0625
10 0.92421875 0.94765625 0.0359375 0.1046875
1 0.9328125 0.6703125 0.05234375 0.08671875
1 0.971875 0.7484375 0.04765625 0.0734375