1 0.15546875 0.04609375 0.04921875 0.07734375
9 0.4078125 0.19296875 0.04375 0.06171875
9 0.3828125 0.475 0.0625 0.05
1 0.2703125 0.2375 0.0640625 0.06953125
10 0.20078125 0.63828125 0.0953125 0.0828125
11 0.20390625 0.65 0.1 0.06015625
9 0.07734375 0.534375 0.0890625 0.06875
9 0.190625 0.56640625 0.0796875 0.0875
9 0.24453125 0.53515625 0.0640625 0.0703125
9 0.23515625 0.5984375 0.08515625 0.16171875
9 0.0203125 0.64921875 0.040625 0.0609375
0 0.309375 0.6234375 0.0625 0.11015625
4 0.05546875 0.95546875 0.1109375 0.0890625
12 0.44765625 0.88984375 0.1796875 0.2203125
1 0.3359375 0.84296875 0.028125 0.10390625
8 0.68359375 0.6296875 0.03828125 0.05
8 0.5984375 0.67890625 0.03984375 0.03671875
8 0.72578125 0.58671875 0.04296875 0.05859375
8 0.803125 0.6890625 0.0453125 0.04140625
8 0.80859375 0.59140625 0.07734375 0.084375
8 0.83359375 0.6359375 0.0484375 0.04140625
12 0.7484375 0.66640625 0.10859375 0.0734375
12 0.63125 0.609375 0.05 0.065625
12 0.69765625 0.540625 0.0828125 0.08125