1 0.1765625 0.221875 0.0625 0.06484375
1 0.2125 0.28515625 0.053125 0.04921875
1 0.06875 0.30546875 0.046875 0.08359375
9 0.89453125 0.06796875 0.2109375 0.1359375
10 0.39765625 0.33828125 0.1296875 0.01640625
1 0.53515625 0.596875 0.1234375 0.05078125
1 0.34765625 0.4734375 0.0578125 0.034375
0 0.921875 0.6765625 0.0796875 0.09609375
0 0.7765625 0.94375 0.05 0.06484375
0 0.81484375 0.9765625 0.0546875 0.046875
9 0.35546875 0.8109375 0.053125 0.08046875
5 0.95546875 0.946875 0.0890625 0.10625
5 0.9234375 0.890625 0.084375 0.21875
5 0.9375 0.8265625 0.109375 0.20390625