1 0.125 0.01953125 0.05625 0.0390625
1 0.12109375 0.1015625 0.05390625 0.0671875
1 0.47421875 0.11640625 0.05 0.09375
0 0.1625 0.3578125 0.053125 0.14375
0 0.28828125 0.41484375 0.0953125 0.0296875
9 0.28046875 0.03671875 0.0515625 0.0734375
9 0.2328125 0.109375 0.034375 0.0703125
9 0.03125 0.58359375 0.0625 0.0921875
11 0.01484375 0.66484375 0.0296875 0.1171875
1 0.5 0.68984375 0.07734375 0.06796875
1 0.025 0.975 0.05 0.05
9 0.18203125 0.93203125 0.1390625 0.1359375
11 0.63984375 0.95703125 0.1140625 0.0859375
11 0.56796875 0.64140625 0.05 0.2265625
0 0.76875 0.984375 0.0875 0.03125
0 0.8609375 0.9046875 0.109375 0.0390625
0 0.86171875 0.9671875 0.07109375 0.05625
0 0.67265625 0.69453125 0.08671875 0.0921875