0 0.51328125 0.08671875 0.03203125 0.1171875
1 0.23515625 0.14609375 0.08984375 0.078125
1 0.46015625 0.01796875 0.1078125 0.0359375
5 0.66953125 0.2359375 0.1796875 0.1390625
5 0.79296875 0.109375 0.121875 0.1671875
5 0.66484375 0.40078125 0.0484375 0.08203125
5 0.77265625 0.246875 0.0265625 0.059375
5 0.81328125 0.375 0.0453125 0.03203125
5 0.88828125 0.40234375 0.03359375 0.06171875
5 0.92109375 0.35390625 0.04296875 0.059375
5 0.82265625 0.49375 0.0515625 0.08515625
1 0.86484375 0.5640625 0.03984375 0.06171875
1 0.68125 0.49765625 0.025 0.0515625
1 0.88125 0.2640625 0.03671875 0.05546875
1 0.55234375 0.37109375 0.0203125 0.05234375
10 0.384375 0.77734375 0.08125 0.06328125
11 0.859375 0.6140625 0.11875 0.028125
9 0.953125 0.9828125 0.09375 0.03359375