9 0.0203125 0.3140625 0.040625 0.134375
1 0.2359375 0.3546875 0.05703125 0.0796875
0 0.1609375 0.09296875 0.0625 0.07890625
0 0.221875 0.08984375 0.07109375 0.11171875
0 0.2625 0.18671875 0.053125 0.1328125
1 0.39765625 0.009375 0.0328125 0.01875
9 0.38359375 0.04296875 0.03203125 0.03515625
9 0.31875 0.028125 0.04375 0.0515625
9 0.3234375 0.22578125 0.05 0.0546875
9 0.3515625 0.14140625 0.03671875 0.0375
9 0.296875 0.22421875 0.015625 0.0484375
1 0.95390625 0.1546875 0.04375 0.065625
1 0.52578125 0.1734375 0.08203125 0.07109375
9 0.60859375 0.090625 0.0859375 0.1046875
1 0.48359375 0.31640625 0.1078125 0.05625
1 0.70625 0.38125 0.040625 0.07109375
4 0.54921875 0.82265625 0.221875 0.16640625
4 0.36015625 0.9640625 0.1171875 0.071875