1 0.38671875 0.1625 0.0671875 0.09296875
1 0.10859375 0.26484375 0.0515625 0.05703125
1 0.03125 0.303125 0.0484375 0.04921875
1 0.01015625 0.26875 0.0203125 0.04375
1 0.19375 0.08046875 0.04609375 0.06796875
5 0.08828125 0.171875 0.08046875 0.11171875
5 0.15234375 0.040625 0.071875 0.07734375
5 0.06171875 0.01796875 0.1046875 0.0359375
10 0.340625 0.59296875 0.0859375 0.10234375
10 0.28203125 0.575 0.0875 0.1171875
1 0.09765625 0.61796875 0.0671875 0.0640625
1 0.06328125 0.52109375 0.1140625 0.1265625
4 0.9609375 0.40234375 0.078125 0.0890625
4 0.62109375 0.63359375 0.1328125 0.0328125
9 0.79140625 0.39296875 0.109375 0.1
9 0.6609375 0.46953125 0.10703125 0.06328125
9 0.61875 0.55078125 0.07578125 0.06953125
11 0.08515625 0.753125 0.0921875 0.09296875
11 0.328125 0.81875 0.11875 0.10546875
10 0.41953125 0.7234375 0.06953125 0.0546875
9 0.7796875 0.91875 0.0609375 0.13046875
9 0.58828125 0.96796875 0.0453125 0.0640625
1 0.90859375 0.74609375 0.04296875 0.084375
1 0.98046875 0.86328125 0.0390625 0.0734375
1 0.91484375 0.846875 0.03359375 0.07890625