11 0.14921875 0.05703125 0.10859375 0.06796875
11 0.3296875 0.071875 0.0875 0.0375
11 0.08984375 0.446875 0.1046875 0.065625
0 0.20234375 0.40625 0.11875 0.08671875
0 0.22265625 0.32734375 0.08046875 0.07734375
0 0.184375 0.17109375 0.121875 0.11640625
10 0.3859375 0.11171875 0.09296875 0.040625
10 0.8140625 0.5984375 0.10390625 0.1125
10 0.6515625 0.48828125 0.109375 0.0171875
11 0.5625 0.68984375 0.04921875 0.15390625
1 0.95859375 0.59453125 0.04453125 0.08984375
1 0.78046875 0.5125 0.0609375 0.065625
1 0.64765625 0.8359375 0.078125 0.13125
1 0.52265625 0.83828125 0.046875 0.12734375
0 0.9546875 0.81171875 0.05703125 0.12734375