11 0.10390625 0.0703125 0.09375 0.06796875
9 0.41796875 0.01484375 0.0484375 0.0296875
9 0.2765625 0.00859375 0.103125 0.0171875
1 0.40625 0.04921875 0.05546875 0.03515625
0 0.146875 0.03515625 0.0609375 0.0359375
9 0.24609375 0.0375 0.1125 0.07265625
9 0.3671875 0.0234375 0.06875 0.046875
9 0.63203125 0.01328125 0.0515625 0.0265625
9 0.6484375 0.19921875 0.059375 0.0390625
1 0.525 0.1125 0.04375 0.0578125
1 0.65859375 0.0328125 0.0421875 0.05
0 0.64921875 0.140625 0.0609375 0.0875
0 0.62421875 0.0921875 0.1109375 0.125
7 0.73046875 0.04375 0.1015625 0.0875
11 0.16640625 0.38203125 0.14296875 0.1625
10 0.18125 0.6609375 0.08203125 0.08515625
9 0.2140625 0.56953125 0.046875 0.090625
10 0.58203125 0.621875 0.0921875 0.09375
10 0.4875 0.63359375 0.0609375 0.059375
10 0.4953125 0.5703125 0.05078125 0.0375
10 0.5265625 0.5296875 0.03515625 0.04296875
10 0.56953125 0.53046875 0.059375 0.0515625
10 0.63828125 0.51640625 0.046875 0.0546875
9 0.26875 0.696875 0.0625 0.071875
10 0.621875 0.2703125 0.05390625 0.0578125
10 0.5296875 0.26953125 0.05234375 0.0546875
10 0.64609375 0.6984375 0.06640625 0.06796875
1 0.59140625 0.47734375 0.0421875 0.04765625
1 0.22734375 0.925 0.02109375 0.059375
6 0.265625 0.90546875 0.05546875 0.16015625
6 0.57734375 0.9 0.1921875 0.2
6 0.3046875 0.86328125 0.12734375 0.1125