10 0.09453125 0.21640625 0.071875 0.11953125
10 0.42578125 0.3015625 0.0671875 0.075
0 0.41484375 0.1453125 0.08125 0.1015625
0 0.44140625 0.11640625 0.0359375 0.1359375
0 0.34921875 0.2765625 0.1359375 0.125
1 0.01640625 0.640625 0.028125 0.065625
1 0.1234375 0.678125 0.03359375 0.078125
7 0.03828125 0.746875 0.0265625 0.05625
7 0.0609375 0.690625 0.03125 0.08359375
11 0.2875 0.4984375 0.1609375 0.09609375
11 0.3421875 0.4625 0.05390625 0.040625
0 0.39375 0.63828125 0.13125 0.0703125
0 0.39609375 0.68046875 0.1265625 0.0671875
0 0.35234375 0.5875 0.121875 0.06328125
1 0.3125 0.99453125 0.0375 0.0109375
1 0.68046875 0.42734375 0.06953125 0.09765625
1 0.940625 0.64921875 0.11171875 0.23203125
1 0.82109375 0.39375 0.0890625 0.071875
1 0.4671875 0.8828125 0.015625 0.165625
1 0.7328125 0.9359375 0.08125 0.128125
1 0.546875 0.8734375 0.0890625 0.09296875