9 0.28125 0.096875 0.05625 0.15
9 0.26328125 0.340625 0.0375 0.090625
9 0.18125 0.37265625 0.03984375 0.07734375
1 0.10703125 0.25625 0.02890625 0.07421875
1 0.09296875 0.3765625 0.025 0.05625
1 0.1609375 0.2578125 0.02890625 0.06171875
6 0.55859375 0.1375 0.13984375 0.16328125
6 0.5421875 0.2921875 0.0640625 0.07265625
6 0.9203125 0.078125 0.109375 0.15625
6 0.796875 0.2328125 0.08046875 0.0828125
6 0.71953125 0.09765625 0.078125 0.07265625
10 0.284375 0.58359375 0.05 0.0921875
11 0.178125 0.53359375 0.1609375 0.178125
11 0.0546875 0.61171875 0.109375 0.0453125
9 0.08125 0.44921875 0.109375 0.0390625
9 0.3015625 0.60390625 0.015625 0.0609375
11 0.215625 0.7609375 0.1875 0.1875
11 0.16640625 0.89140625 0.18203125 0.15390625
11 0.03984375 0.91875 0.0796875 0.1625
10 0.4140625 0.81484375 0.06640625 0.096875
1 0.50703125 0.9890625 0.0703125 0.021875
1 0.4203125 0.4890625 0.0359375 0.07265625