0 0.0265625 0.29140625 0.04453125 0.08125
0 0.10234375 0.178125 0.05078125 0.0984375
0 0.15546875 0.12734375 0.03359375 0.0671875
0 0.1484375 0.03359375 0.053125 0.0640625
0 0.1453125 0.26015625 0.034375 0.0859375
0 0.06484375 0.26328125 0.03828125 0.065625
5 0.31171875 0.36796875 0.0796875 0.146875
5 0.33046875 0.21953125 0.0578125 0.0796875
1 0.21171875 0.33203125 0.03828125 0.0796875
1 0.24921875 0.32265625 0.03359375 0.07265625
1 0.2796875 0.11875 0.034375 0.08125
1 0.2078125 0.1125 0.03046875 0.04453125
1 0.2125 0.03046875 0.03125 0.0609375
10 0.76484375 0.134375 0.08515625 0.06484375
1 0.8296875 0.134375 0.06328125 0.06484375
9 0.94140625 0.0203125 0.1015625 0.040625
9 0.946875 0.1359375 0.10625 0.0625
1 0.45078125 0.4140625 0.05234375 0.06484375
10 0.93359375 0.38828125 0.08125 0.078125
10 0.65859375 0.321875 0.0796875 0.08828125
10 0.975 0.221875 0.05 0.075
11 0.5890625 0.4140625 0.06875 0.109375
5 0.34453125 0.83984375 0.0296875 0.2328125
5 0.34296875 0.58359375 0.0328125 0.2296875
1 0.28515625 0.74140625 0.03828125 0.053125
1 0.21953125 0.825 0.03828125 0.046875
10 0.5109375 0.95546875 0.09765625 0.0625
9 0.946875 0.64296875 0.10625 0.0515625
9 0.72109375 0.909375 0.1453125 0.1109375
1 0.409375 0.990625 0.1 0.01875
0 0.4296875 0.66796875 0.140625 0.0859375
0 0.8515625 0.83203125 0.12734375 0.06640625
0 0.978125 0.93828125 0.04375 0.0453125
9 0.8328125 0.97109375 0.16875 0.0578125