1 0.1375 0.4390625 0.07421875 0.04921875
9 0.02734375 0.4140625 0.0546875 0.084375
9 0.278125 0.53984375 0.0625 0.0859375
9 0.1625 0.6125 0.0875 0.053125
1 0.2953125 0.396875 0.028125 0.04375
1 0.16484375 0.4734375 0.03515625 0.028125
1 0.125 0.4921875 0.04765625 0.03125
1 0.2109375 0.26328125 0.05390625 0.03515625
1 0.11328125 0.24296875 0.040625 0.0265625
9 0.9703125 0.33125 0.0484375 0.05
10 0.8203125 0.02109375 0.046875 0.0421875
1 0.96328125 0.0203125 0.0328125 0.040625
9 0.77109375 0.290625 0.0453125 0.05703125
9 0.65703125 0.021875 0.0671875 0.04375
9 0.884375 0.33984375 0.03984375 0.0640625
9 0.76796875 0.3546875 0.05859375 0.0359375
9 0.94453125 0.0796875 0.04140625 0.05859375
1 0.56796875 0.48984375 0.034375 0.06796875
1 0.51328125 0.51015625 0.03125 0.04765625
1 0.39375 0.45859375 0.034375 0.06796875
9 0.56328125 0.59453125 0.06015625 0.06796875
9 0.534375 0.38515625 0.04296875 0.0265625
9 0.565625 0.4421875 0.04140625 0.0515625
1 0.453125 0.39375 0.04296875 0.04296875
1 0.60859375 0.51015625 0.03125 0.04765625
9 0.9875 0.5765625 0.025 0.04375
9 0.96328125 0.54375 0.03125 0.0375
9 0.9875 0.4734375 0.025 0.040625
9 0.91015625 0.60546875 0.05 0.0234375
9 0.9828125 0.6234375 0.034375 0.03125
1 0.93046875 0.62890625 0.0453125 0.0203125
0 0.89765625 0.46484375 0.053125 0.03046875
0 0.8859375 0.56484375 0.11953125 0.0625
1 0.8171875 0.52265625 0.06953125 0.04765625