10 0.68359375 0.334375 0.05703125 0.0671875
10 0.73046875 0.39609375 0.04375 0.07109375
10 0.62421875 0.4125 0.0953125 0.065625
1 0.6875 0.17109375 0.10859375 0.08515625
1 0.33359375 0.74609375 0.09296875 0.109375
1 0.23984375 0.75 0.0515625 0.08046875
1 0.31875 0.5578125 0.06796875 0.08046875
1 0.46484375 0.68203125 0.0890625 0.0921875
1 0.23671875 0.9625 0.0578125 0.0671875
1 0.06953125 0.84453125 0.05390625 0.08046875
1 0.17734375 0.70625 0.0578125 0.08046875
1 0.478125 0.96953125 0.0625 0.0546875
1 0.0921875 0.97109375 0.08125 0.0578125
9 0.04296875 0.64375 0.0859375 0.128125
9 0.4890625 0.78359375 0.040625 0.0734375