10 0.246875 0.0625 0.06953125 0.0609375
10 0.1515625 0.2234375 0.06953125 0.08671875
1 0.34453125 0.01484375 0.0359375 0.0296875
0 0.8875 0.034375 0.09140625 0.05
9 0.70390625 0.16171875 0.10234375 0.05
9 0.78359375 0.128125 0.06171875 0.0421875
9 0.65234375 0.11328125 0.121875 0.06484375
1 0.76484375 0.090625 0.1078125 0.0703125
1 0.58203125 0.12578125 0.07265625 0.04375
9 0.8203125 0.16953125 0.0796875 0.0453125
9 0.66953125 0.51015625 0.0734375 0.0171875
5 0.05703125 0.91484375 0.1140625 0.1703125
5 0.1796875 0.6875 0.24921875 0.253125
5 0.14765625 0.9203125 0.05234375 0.09140625
1 0.37578125 0.92421875 0.0671875 0.0828125