10 0.121875 0.07109375 0.0796875 0.071875
9 0.02109375 0.31640625 0.0421875 0.0890625
9 0.31171875 0.465625 0.0859375 0.07421875
11 0.24140625 0.03203125 0.0890625 0.0640625
11 0.22265625 0.27890625 0.1046875 0.12734375
1 0.67265625 0.0046875 0.0390625 0.009375
1 0.671875 0.053125 0.04296875 0.05546875
1 0.5796875 0.034375 0.0296875 0.05
5 0.45234375 0.1953125 0.0296875 0.1640625
5 0.5234375 0.1984375 0.046875 0.065625
5 0.5328125 0.2875 0.046875 0.07265625
5 0.49375 0.4703125 0.05 0.078125
5 0.61953125 0.4578125 0.0515625 0.0765625
5 0.4796875 0.38359375 0.0359375 0.09609375
10 0.8234375 0.1421875 0.08359375 0.1109375
10 0.78984375 0.2875 0.04765625 0.05546875
9 0.75234375 0.16328125 0.046875 0.0890625
1 0.953125 0.1515625 0.05546875 0.0625
1 0.86796875 0.2921875 0.03671875 0.04609375
0 0.2296875 0.77109375 0.10390625 0.140625
0 0.24453125 0.57421875 0.065625 0.125