9 0.03515625 0.2546875 0.03203125 0.05
9 0.17734375 0.21796875 0.078125 0.04453125
0 0.32109375 0.06484375 0.05703125 0.0265625
0 0.359375 0.08203125 0.0796875 0.05703125
0 0.49453125 0.0125 0.0859375 0.025
0 0.475 0.0453125 0.07265625 0.02890625
9 0.3265625 0.3453125 0.1015625 0.0953125
1 0.47109375 0.3171875 0.05234375 0.0375
1 0.55703125 0.31875 0.0453125 0.04375
1 0.1875 0.33046875 0.06328125 0.06484375
11 0.24375 0.325 0.0515625 0.05390625
9 0.2625 0.4515625 0.065625 0.015625
9 0.09609375 0.37578125 0.03359375 0.07734375
9 0.16484375 0.41171875 0.0828125 0.0953125
4 0.80234375 0.41484375 0.1328125 0.0890625
9 0.95859375 0.1453125 0.0828125 0.1
9 0.8421875 0.22265625 0.10703125 0.06328125
9 0.8 0.30390625 0.07578125 0.06953125
9 0.04765625 0.81171875 0.0578125 0.15703125