1 0.06328125 0.10078125 0.071875 0.065625
0 0.12265625 0.25703125 0.10546875 0.07578125
0 0.16953125 0.09765625 0.09609375 0.0734375
0 0.03359375 0.22734375 0.02421875 0.071875
0 0.271875 0.03359375 0.10078125 0.0609375
0 0.28671875 0.17265625 0.0765625 0.0609375
9 0.89375 0.10703125 0.0828125 0.07265625
0 0.0984375 0.60625 0.075 0.19375
0 0.3265625 0.63828125 0.07890625 0.13828125
1 0.0046875 0.5953125 0.009375 0.08125
1 0.3484375 0.91875 0.0484375 0.07578125
0 0.484375 0.84140625 0.0875 0.11640625
0 0.5234375 0.81640625 0.0125 0.1859375
9 0.66953125 0.4671875 0.0734375 0.10546875
0 0.76640625 0.440625 0.0953125 0.121875
0 0.96796875 0.45546875 0.0640625 0.1078125
1 0.9890625 0.61484375 0.021875 0.0578125
0 0.89453125 0.6125 0.0609375 0.06484375
10 0.5515625 0.9421875 0.04375 0.109375
10 0.7125 0.72734375 0.0734375 0.09296875
1 0.5421875 0.7390625 0.025 0.065625
0 0.725 0.88515625 0.0703125 0.09140625
0 0.6734375 0.90703125 0.084375 0.121875
0 0.62890625 0.75546875 0.1265625 0.15
0 0.61796875 0.96953125 0.1609375 0.0609375
0 0.79609375 0.734375 0.1359375 0.178125
0 0.95859375 0.9515625 0.0828125 0.096875