10 0.1875 0.0109375 0.04375 0.021875
11 0.2875 0.0328125 0.028125 0.065625
9 0.0359375 0.33203125 0.03359375 0.0421875
9 0.0375 0.41484375 0.03125 0.0328125
1 0.21796875 0.3 0.0328125 0.05390625
0 0.3203125 0.44296875 0.03671875 0.14609375
11 0.78359375 0.0234375 0.1578125 0.046875
9 0.8328125 0.16171875 0.053125 0.01328125
9 0.6484375 0.05390625 0.0703125 0.06328125
11 0.43203125 0.40234375 0.0265625 0.0703125
0 0.9734375 0.446875 0.053125 0.1375
1 0.953125 0.203125 0.08125 0.0703125
1 0.6921875 0.43359375 0.1046875 0.09296875
1 0.684375 0.2421875 0.125 0.11484375
1 0.94375 0.3453125 0.1125 0.084375