9 0.2234375 0.15859375 0.06328125 0.084375
9 0.37734375 0.21640625 0.10859375 0.1390625
9 0.43203125 0.01015625 0.0546875 0.0203125
0 0.4328125 0.04609375 0.1 0.08046875
0 0.459375 0.12734375 0.04765625 0.0421875
0 0.47109375 0.32734375 0.0953125 0.0484375
0 0.26328125 0.3328125 0.040625 0.07421875
1 0.34375 0.04765625 0.02734375 0.04453125
1 0.3171875 0.11328125 0.02578125 0.05078125
1 0.29609375 0.01953125 0.0578125 0.0390625
9 0.534375 0.15078125 0.03125 0.0546875
3 0.58359375 0.1 0.08984375 0.084375
1 0.2375 0.634375 0.0546875 0.078125
1 0.39609375 0.52578125 0.0515625 0.08828125
1 0.540625 0.4296875 0.04375 0.021875
0 0.56875 0.48671875 0.065625 0.0296875
9 0.7796875 0.42421875 0.03125 0.0109375
1 0.54921875 0.82109375 0.0609375 0.1484375
4 0.9 0.76484375 0.07578125 0.13125
9 0.875 0.92890625 0.04296875 0.06171875
9 0.9890625 0.9625 0.021875 0.075