9 0.15234375 0.015625 0.0921875 0.03125
9 0.6390625 0.38359375 0.065625 0.0703125
0 0.0515625 0.146875 0.103125 0.221875
0 0.23984375 0.10390625 0.1453125 0.1140625
9 0.89296875 0.1609375 0.0625 0.06875
1 0.890625 0.02734375 0.04140625 0.04453125
9 0.99609375 0.228125 0.0078125 0.034375
9 0.9515625 0.05859375 0.03671875 0.0359375
9 0.99375 0.11328125 0.0125 0.0484375
9 0.99453125 0.14609375 0.0109375 0.0453125
9 0.8046875 0.04609375 0.04453125 0.03984375
1 0.11171875 0.76171875 0.04453125 0.075
1 0.01015625 0.64609375 0.0203125 0.0515625
1 0.0640625 0.76640625 0.04453125 0.05859375
1 0.14296875 0.4296875 0.0703125 0.021875
1 0.10703125 0.521875 0.05390625 0.04609375
1 0.2859375 0.8046875 0.03828125 0.04296875
1 0.284375 0.86875 0.04296875 0.05546875
1 0.2828125 0.5015625 0.04453125 0.053125
1 0.253125 0.73203125 0.02421875 0.0484375
1 0.1734375 0.64609375 0.04140625 0.0484375
1 0.1921875 0.85 0.0296875 0.05
10 0.7375 0.81875 0.06171875 0.05
1 0.584375 0.65234375 0.0734375 0.05546875
1 0.4359375 0.4890625 0.0453125 0.03203125
1 0.46015625 0.534375 0.046875 0.0265625
0 0.6265625 0.55859375 0.07578125 0.05546875
5 0.06484375 0.9640625 0.0296875 0.071875
5 0.1359375 0.990625 0.046875 0.01875
10 0.43515625 0.95078125 0.0828125 0.0984375
9 0.3640625 0.9671875 0.046875 0.065625
9 0.70625 0.9546875 0.125 0.090625
1 0.565625 0.9671875 0.05546875 0.0625
0 0.846875 0.75390625 0.07890625 0.07578125
0 0.9609375 0.69296875 0.078125 0.0546875
9 0.81875 0.96015625 0.078125 0.0796875
1 0.85625 0.98984375 0.053125 0.0203125