2 0.190625 0.08203125 0.125 0.1640625
2 0.2984375 0.21796875 0.15078125 0.16796875
2 0.22265625 0.5203125 0.1671875 0.059375
2 0.40078125 0.1234375 0.0984375 0.178125
1 0.31796875 0.01484375 0.0703125 0.0296875
10 0.6296875 0.003125 0.05625 0.00625
5 0.83515625 0.2765625 0.1015625 0.09453125
5 0.7140625 0.28359375 0.0796875 0.06171875
5 0.66015625 0.32734375 0.09296875 0.06796875
5 0.61953125 0.43671875 0.14375 0.10234375
1 0.5390625 0.8484375 0.0890625 0.05390625
1 0.475 0.85703125 0.0375 0.075
9 0.94765625 0.78671875 0.0953125 0.08359375