10 0.26953125 0.0328125 0.0765625 0.065625
10 0.17265625 0.0109375 0.0734375 0.021875
10 0.2015625 0.2390625 0.0484375 0.06796875
10 0.2453125 0.27421875 0.05625 0.015625
9 0.31796875 0.134375 0.0796875 0.08359375
11 0.11328125 0.65078125 0.06015625 0.09609375
11 0.27109375 0.48125 0.0578125 0.025
11 0.1921875 0.6828125 0.04921875 0.09765625
9 0.0875 0.82578125 0.040625 0.06953125
9 0.2109375 0.8109375 0.0515625 0.0515625
9 0.253125 0.93046875 0.04296875 0.08125
10 0.30234375 0.6171875 0.02734375 0.08828125
6 0.43984375 0.5546875 0.0546875 0.084375
9 0.5296875 0.69921875 0.11015625 0.14921875
9 0.6015625 0.5703125 0.0546875 0.08515625
1 0.55703125 0.54453125 0.03125 0.06015625
1 0.61796875 0.625 0.0296875 0.05703125
5 0.96328125 0.71484375 0.0734375 0.3203125
5 0.84921875 0.87578125 0.1921875 0.2484375
5 0.86015625 0.5859375 0.1453125 0.234375
5 0.9078125 0.7390625 0.0984375 0.13515625