1 0.28359375 0.59453125 0.07265625 0.103125
1 0.10078125 0.43515625 0.06875 0.0703125
1 0.20546875 0.6 0.07265625 0.0796875
1 0.33515625 0.115625 0.11484375 0.078125
1 0.27578125 0.265625 0.08828125 0.0625
1 0.57734375 0.88359375 0.0921875 0.0796875
1 0.56875 0.65234375 0.0625 0.059375
1 0.57109375 0.7421875 0.08046875 0.078125
1 0.56328125 0.23828125 0.07265625 0.07265625
1 0.67421875 0.5828125 0.0484375 0.04609375
1 0.81953125 0.675 0.0625 0.05546875
1 0.51484375 0.553125 0.040625 0.06640625
1 0.384375 0.43515625 0.06875 0.06640625
1 0.41484375 0.7140625 0.0484375 0.06875
9 0.86640625 0.45078125 0.0828125 0.07421875
9 0.73046875 0.0484375 0.05625 0.08984375