1 0.2640625 0.1375 0.11015625 0.13046875
1 0.3921875 0.0734375 0.134375 0.146875
1 0.31953125 0.065625 0.1109375 0.13125
1 0.425 0.1109375 0.109375 0.221875
1 0.01953125 0.3375 0.0390625 0.0375
1 0.03125 0.41640625 0.03125 0.0265625
1 0.1171875 0.39921875 0.01875 0.034375
1 0.0859375 0.403125 0.034375 0.053125
1 0.00546875 0.2328125 0.0109375 0.021875
1 0.14609375 0.32265625 0.03203125 0.04453125
9 0.16328125 0.40703125 0.0390625 0.0453125
5 0.41171875 0.28359375 0.1359375 0.1234375
5 0.3828125 0.378125 0.07578125 0.10234375
5 0.2703125 0.37578125 0.115625 0.1078125
5 0.46328125 0.39609375 0.0328125 0.0671875
9 0.91953125 0.05 0.1234375 0.1
9 0.8578125 0.11640625 0.10703125 0.11015625
0 0.5609375 0.0375 0.0625 0.075
0 0.6265625 0.046875 0.065625 0.09375
0 0.70078125 0.03671875 0.0765625 0.0734375
11 0.5046875 0.20078125 0.05 0.0609375
10 0.76015625 0.39140625 0.0984375 0.0765625
1 0.640625 0.40703125 0.09375 0.0453125
9 0.6765625 0.340625 0.09375 0.08046875
11 0.06171875 0.66484375 0.06015625 0.09609375
11 0.21953125 0.48359375 0.0578125 0.05
11 0.140625 0.696875 0.04921875 0.09765625
9 0.0359375 0.83984375 0.040625 0.06953125
9 0.159375 0.825 0.0515625 0.0515625
9 0.2015625 0.94453125 0.04296875 0.08125
10 0.25078125 0.63125 0.02734375 0.08828125
6 0.38828125 0.56875 0.0546875 0.084375