9 0.4984375 0.0203125 0.103125 0.040625
9 0.596875 0.02421875 0.04375 0.0453125
9 0.89609375 0.0234375 0.0546875 0.046875
9 0.86640625 0.2703125 0.07265625 0.09296875
10 0.8375 0.1921875 0.0515625 0.06484375
10 0.934375 0.24453125 0.05 0.06640625
10 0.7765625 0.02265625 0.06875 0.0453125
10 0.74140625 0.084375 0.04609375 0.071875
10 0.6625 0.0953125 0.046875 0.071875
10 0.9890625 0.0359375 0.021875 0.0625
10 0.63515625 0.053125 0.0328125 0.053125
11 0.984375 0.1828125 0.03125 0.134375
10 0.7234375 0.45 0.09921875 0.1046875
10 0.62890625 0.4125 0.0203125 0.071875
9 0.8375 0.38359375 0.10625 0.0484375
9 0.83125 0.9671875 0.1125 0.065625
9 0.73828125 0.984375 0.0953125 0.03125
10 0.69140625 0.68515625 0.08828125 0.0484375
0 0.65859375 0.8546875 0.06328125 0.109375