5 0.15078125 0.21875 0.13125 0.1375
5 0.178125 0.40390625 0.13125 0.15
5 0.03828125 0.57109375 0.0765625 0.1359375
9 0.84921875 0.19453125 0.13359375 0.0953125
9 0.79453125 0.39140625 0.1015625 0.06015625
0 0.93828125 0.359375 0.09296875 0.05625
0 0.6078125 0.02421875 0.065625 0.0484375
9 0.5484375 0.54921875 0.04453125 0.04765625
1 0.67734375 0.465625 0.04140625 0.0390625
1 0.7109375 0.54140625 0.04453125 0.0375
10 0.2375 0.653125 0.084375 0.028125
0 0.10546875 0.93828125 0.1046875 0.1234375
0 0.12109375 0.75078125 0.065625 0.125
10 0.671875 0.6734375 0.08125 0.06875