9 0.03046875 0.0875 0.0609375 0.175
0 0.503125 0.0921875 0.13125 0.109375
0 0.4265625 0.1546875 0.0921875 0.0953125
0 0.334375 0.27109375 0.140625 0.0359375
1 0.88046875 0.04375 0.05390625 0.05859375
1 0.90078125 0.12421875 0.05703125 0.08046875
1 0.89609375 0.2265625 0.05390625 0.0671875
9 0.9953125 0.23359375 0.009375 0.0703125
10 0.284375 0.503125 0.12265625 0.0671875
10 0.1671875 0.44453125 0.0890625 0.05078125
10 0.32734375 0.40390625 0.06875 0.04375
10 0.5453125 0.3765625 0.046875 0.05
10 0.28125 0.315625 0.078125 0.0421875
10 0.02421875 0.4671875 0.0484375 0.053125
9 0.17109375 0.99375 0.1046875 0.0125
1 0.365625 0.9921875 0.071875 0.015625
1 0.30625 0.98828125 0.05625 0.0234375
1 0.396875 0.92890625 0.059375 0.03515625
1 0.08125 0.95 0.04453125 0.03359375
1 0.23515625 0.92265625 0.03125 0.02265625
1 0.21328125 0.903125 0.03125 0.028125
1 0.40859375 0.8234375 0.0796875 0.0578125
1 0.02578125 0.88359375 0.0515625 0.0421875
1 0.50546875 0.90546875 0.04453125 0.0265625
1 0.259375 0.88828125 0.0484375 0.02265625
1 0.31171875 0.95859375 0.03359375 0.02265625
1 0.42578125 0.9046875 0.04296875 0.040625
1 0.403125 0.88671875 0.05546875 0.03359375
1 0.43046875 0.9796875 0.04296875 0.0265625