10 0.06484375 0.071875 0.0640625 0.07578125
10 0.2078125 0.40234375 0.05625 0.0640625
1 0.23046875 0.49375 0.04921875 0.02265625
1 0.24609375 0.53984375 0.03359375 0.053125
1 0.27421875 0.5671875 0.0359375 0.025
1 0.17734375 0.5671875 0.0296875 0.025
1 0.03671875 0.465625 0.03046875 0.07265625
1 0.025 0.18984375 0.05 0.0515625
1 0.3515625 0.046875 0.0453125 0.053125
1 0.1984375 0.08203125 0.0453125 0.0953125
1 0.15234375 0.190625 0.06640625 0.11796875
1 0.44140625 0.52265625 0.05859375 0.07578125
1 0.446875 0.028125 0.040625 0.05625
1 0.45625 0.2671875 0.046875 0.059375
9 0.28203125 0.1640625 0.06796875 0.053125
9 0.309375 0.259375 0.07734375 0.053125
9 0.02578125 0.27734375 0.0515625 0.0609375
9 0.0984375 0.26953125 0.02265625 0.078125
9 0.18984375 0.3140625 0.046875 0.05625
9 0.13203125 0.34375 0.05078125 0.08671875
9 0.0578125 0.41640625 0.04375 0.0640625
9 0.11015625 0.44609375 0.04921875 0.05625
9 0.25625 0.44140625 0.0734375 0.07578125
9 0.415625 0.44140625 0.053125 0.05859375
11 0.60390625 0.35859375 0.0734375 0.1234375
10 0.50625 0.47890625 0.053125 0.0921875
0 0.665625 0.03203125 0.08125 0.0640625
0 0.85234375 0.53203125 0.0546875 0.08359375
0 0.70625 0.3671875 0.03359375 0.08359375
1 0.20546875 0.665625 0.1078125 0.13203125
1 0.1625 0.82890625 0.12578125 0.1515625
1 0.3125 0.61171875 0.0625 0.0640625
1 0.1015625 0.8890625 0.09375 0.075
1 0.0375 0.89453125 0.05390625 0.06328125
1 0.10859375 0.66796875 0.078125 0.09921875
5 0.0890625 0.98203125 0.071875 0.0359375
0 0.5234375 0.7015625 0.02890625 0.02890625
0 0.62890625 0.58828125 0.0390625 0.0171875
9 0.5359375 0.9515625 0.0421875 0.05546875
1 0.590625 0.90625 0.0609375 0.05