11 0.23671875 0.0921875 0.14453125 0.0265625
11 0.17890625 0.06875 0.096875 0.071875
11 0.23671875 0.025 0.1234375 0.05
1 0.36171875 0.3046875 0.06484375 0.0921875
1 0.2234375 0.4828125 0.05703125 0.07734375
1 0.28984375 0.26015625 0.04765625 0.06875
0 0.13359375 0.61640625 0.0703125 0.0671875
0 0.29453125 0.60859375 0.0671875 0.0828125
0 0.42265625 0.471875 0.0546875 0.090625
0 0.71875 0.9 0.02890625 0.08046875
0 0.7234375 0.81171875 0.03125 0.08046875
0 0.75234375 0.7109375 0.0328125 0.090625
1 0.81015625 0.671875 0.0359375 0.04375
9 0.58046875 0.98828125 0.0328125 0.0234375
11 0.9875 0.728125 0.025 0.1125