10 0.2640625 0.24140625 0.14140625 0.109375
9 0.475 0.35703125 0.05 0.0953125
0 0.26875 0.04453125 0.065625 0.0890625
0 0.25703125 0.5171875 0.0859375 0.025
10 0.61015625 0.0203125 0.0421875 0.040625
10 0.98671875 0.0265625 0.0265625 0.053125
1 0.86640625 0.271875 0.06015625 0.0875
1 0.990625 0.16015625 0.01875 0.0765625
1 0.0078125 0.58359375 0.015625 0.0921875
0 0.0453125 0.79921875 0.07109375 0.09921875
0 0.25625 0.67421875 0.08125 0.1015625
10 0.55859375 0.8265625 0.06640625 0.1296875
1 0.51484375 0.57109375 0.0296875 0.0828125