9 0.125 0.16171875 0.05625 0.08046875
9 0.02421875 0.096875 0.0484375 0.134375
0 0.1 0.01796875 0.0375 0.0359375
1 0.0203125 0.25390625 0.02421875 0.0421875
1 0.04609375 0.19609375 0.02421875 0.04765625
1 0.05859375 0.28828125 0.05078125 0.0515625
0 0.61875 0.5484375 0.103125 0.11875
1 0.7671875 0.53671875 0.040625 0.0453125
1 0.721875 0.5765625 0.04765625 0.0578125
9 0.59921875 0.98515625 0.1609375 0.0296875
1 0.79453125 0.80390625 0.05546875 0.034375
1 0.734375 0.84140625 0.084375 0.0390625
1 0.66796875 0.86015625 0.040625 0.01875
1 0.71171875 0.8828125 0.05 0.0203125
1 0.6671875 0.91796875 0.05859375 0.0265625
1 0.63671875 0.9296875 0.0734375 0.0234375
1 0.55546875 0.93203125 0.08671875 0.028125
9 0.7125 0.99453125 0.115625 0.0109375
9 0.4546875 0.9859375 0.090625 0.028125
1 0.546875 0.75546875 0.08125 0.025
1 0.98984375 0.83359375 0.0203125 0.0796875
1 0.9671875 0.775 0.0625 0.0640625