9 0.0484375 0.21953125 0.096875 0.3171875
9 0.0453125 0.36953125 0.0765625 0.0890625
1 0.15546875 0.253125 0.04296875 0.046875
9 0.1609375 0.3765625 0.0640625 0.0734375
1 0.31171875 0.45859375 0.09609375 0.084375
1 0.44140625 0.43671875 0.0734375 0.084375
1 0.6 0.36015625 0.059375 0.1046875
4 0.2546875 0.26484375 0.08515625 0.18046875
9 0.515625 0.0765625 0.159375 0.153125
0 0.465625 0.196875 0.1234375 0.11875
1 0.459375 0.32734375 0.11875 0.125
1 0.2390625 0.44296875 0.053125 0.1171875
11 0.08046875 0.5546875 0.1609375 0.109375
9 0.18984375 0.5859375 0.0453125 0.046875
10 0.25390625 0.559375 0.0578125 0.05859375
10 0.315625 0.51796875 0.075 0.034375
1 0.2265625 0.59921875 0.028125 0.0203125
9 0.7875 0.58515625 0.0875 0.0484375
9 0.88046875 0.5734375 0.0640625 0.071875
9 0.6953125 0.39375 0.08125 0.08125
9 0.66171875 0.4578125 0.04765625 0.065625
9 0.721875 0.553125 0.04921875 0.07109375
9 0.66875 0.31875 0.078125 0.078125
1 0.79609375 0.5390625 0.0390625 0.04765625
1 0.83515625 0.559375 0.040625 0.04765625
0 0.6421875 0.5875 0.025 0.04375
1 0.665625 0.26640625 0.05625 0.05703125
1 0.7671875 0.55390625 0.07421875 0.078125
9 0.95625 0.55078125 0.0875 0.1046875
10 0.925 0.38828125 0.025 0.09375
1 0.9734375 0.1640625 0.053125 0.065625
1 0.9734375 0.3953125 0.053125 0.078125
10 0.84296875 0.6546875 0.0859375 0.090625
10 0.840625 0.7921875 0.05859375 0.1125
10 0.67109375 0.6703125 0.04140625 0.109375
10 0.7234375 0.8984375 0.0484375 0.09375
9 0.99453125 0.8859375 0.0109375 0.0375