10 0.115625 0.32421875 0.05625 0.0640625
1 0.13828125 0.415625 0.04921875 0.02265625
1 0.153125 0.45703125 0.034375 0.0453125
1 0.10546875 0.02578125 0.0453125 0.0515625
1 0.06015625 0.1125 0.06640625 0.11796875
1 0.446875 0.37890625 0.05078125 0.08984375
1 0.3484375 0.44296875 0.059375 0.0734375
1 0.37734375 0.18984375 0.0734375 0.05859375
9 0.18984375 0.0859375 0.06796875 0.053125
9 0.2171875 0.18125 0.07734375 0.053125
9 0.00859375 0.190625 0.0171875 0.078125
9 0.09765625 0.23671875 0.046875 0.05703125
9 0.03984375 0.26484375 0.0515625 0.0859375
9 0.02109375 0.36640625 0.0421875 0.0546875
9 0.1640625 0.3640625 0.07421875 0.0765625
9 0.3234375 0.3640625 0.05234375 0.06015625
9 0.575 0.34765625 0.03125 0.0859375
9 0.71484375 0.45625 0.1109375 0.046875
1 0.81484375 0.42578125 0.0546875 0.0921875
1 0.653125 0.35078125 0.07578125 0.08515625
1 0.83359375 0.371875 0.01640625 0.11796875
11 0.590625 0.45234375 0.05625 0.0546875
5 0.8984375 0.4125 0.08671875 0.0796875
5 0.9578125 0.4125 0.084375 0.134375