12 0.09765625 0.33125 0.09296875 0.20390625
9 0.01875 0.06953125 0.03203125 0.08125
1 0.196875 0.4828125 0.0296875 0.0734375
1 0.27265625 0.2890625 0.034375 0.084375
1 0.1609375 0.5171875 0.02578125 0.07734375
5 0.5203125 0.56953125 0.096875 0.1296875
12 0.109375 0.6921875 0.0625 0.015625
9 0.79609375 0.19921875 0.134375 0.03984375
10 0.79453125 0.11640625 0.11953125 0.11640625
0 0.7203125 0.03671875 0.096875 0.0734375
0 0.93515625 0.04453125 0.0859375 0.0890625
9 0.63515625 0.6921875 0.1046875 0.015625
9 0.59453125 0.253125 0.0515625 0.06875
1 0.6734375 0.48984375 0.10390625 0.121875
1 0.8265625 0.6828125 0.096875 0.034375
1 0.74375 0.609375 0.04375 0.04140625
1 0.7078125 0.61953125 0.0359375 0.04609375
1 0.67265625 0.63203125 0.0453125 0.04453125
1 0.58828125 0.3859375 0.0390625 0.04375
1 0.97578125 0.68984375 0.0046875 0.0203125
1 0.8234375 0.2984375 0.0375 0.03984375
9 0.6484375 0.35546875 0.0359375 0.0359375
9 0.7078125 0.3 0.046875 0.04765625
9 0.70546875 0.2671875 0.040625 0.04453125
9 0.81328125 0.34375 0.0421875 0.04140625
9 0.92265625 0.54296875 0.0484375 0.04609375
9 0.7875 0.58359375 0.06484375 0.065625
9 0.73125 0.39609375 0.046875 0.04453125
9 0.8703125 0.47734375 0.0859375 0.0640625
10 0.021875 0.75625 0.04375 0.075
1 0.26328125 0.70703125 0.0484375 0.0140625
9 0.31640625 0.7109375 0.0578125 0.021875
0 0.43671875 0.81015625 0.1171875 0.06015625
5 0.4109375 0.97421875 0.11171875 0.0265625
1 0.73828125 0.78359375 0.07578125 0.10703125
0 0.74375 0.9 0.0671875 0.0953125
0 0.71484375 0.72890625 0.0578125 0.0578125
0 0.63515625 0.86796875 0.05234375 0.07890625
0 0.59609375 0.9375 0.0546875 0.109375
0 0.93125 0.97890625 0.071875 0.0421875
0 0.871875 0.97890625 0.05 0.0421875
0 0.88046875 0.86171875 0.0671875 0.08125
0 0.78515625 0.9859375 0.0765625 0.028125
0 0.7921875 0.77734375 0.05390625 0.084375