9 0.2203125 0.03125 0.1375 0.0625
1 0.16484375 0.23046875 0.0625 0.05703125
1 0.21953125 0.46328125 0.0515625 0.03984375
1 0.2015625 0.4984375 0.04453125 0.03125
1 0.32578125 0.50625 0.0265625 0.046875
9 0.8296875 0.23046875 0.11328125 0.0796875
0 0.8484375 0.07734375 0.10625 0.1546875
0 0.94140625 0.04375 0.0953125 0.0875
10 0.41484375 0.33203125 0.0625 0.06796875
10 0.7515625 0.28984375 0.12265625 0.03984375
0 0.20546875 0.74609375 0.12578125 0.1109375
1 0.40859375 0.56015625 0.0859375 0.0421875