1 0.29453125 0.3015625 0.10078125 0.11640625
1 0.2734375 0.015625 0.06875 0.03125
1 0.06484375 0.06328125 0.1296875 0.1265625
1 0.0609375 0.2421875 0.09609375 0.103125
1 0.20390625 0.20859375 0.065625 0.084375
5 0.5484375 0.22421875 0.18125 0.2796875
5 0.50078125 0.11484375 0.2765625 0.2296875
10 0.14375 0.38125 0.06875 0.03203125
10 0.15234375 0.4046875 0.0734375 0.07890625
10 0.01171875 0.48828125 0.0234375 0.1078125
11 0.04375 0.5828125 0.0875 0.034375
10 0.0203125 0.56328125 0.040625 0.0734375
10 0.05078125 0.55234375 0.0734375 0.08984375
10 0.17421875 0.4703125 0.0734375 0.08984375
11 0.07734375 0.384375 0.0765625 0.0375
10 0.21171875 0.55546875 0.1109375 0.0890625
10 0.3171875 0.5234375 0.0546875 0.1015625
10 0.278125 0.5609375 0.090625 0.078125
10 0.28828125 0.44765625 0.0796875 0.1
10 0.6046875 0.571875 0.06875 0.05625
11 0.3828125 0.4640625 0.0765625 0.1296875
0 0.44375 0.509375 0.08515625 0.1109375
0 0.5953125 0.440625 0.08125 0.08984375
9 0.84375 0.5453125 0.06015625 0.09375
0 0.66171875 0.2015625 0.0453125 0.128125
1 0.75 0.25234375 0.04296875 0.059375
1 0.678125 0.403125 0.0265625 0.0453125
0 0.853125 0.846875 0.06796875 0.08671875