11 0.11796875 0.36328125 0.08984375 0.08671875
11 0.10625 0.228125 0.08671875 0.1125
1 0.10078125 0.0375 0.0984375 0.075
10 0.07578125 0.4921875 0.1140625 0.0546875
11 0.3140625 0.26875 0.090625 0.0875
11 0.29296875 0.084375 0.04453125 0.1015625
11 0.33203125 0.37578125 0.0546875 0.1546875
11 0.115625 0.534375 0.09375 0.03125
11 0.465625 0.19921875 0.16640625 0.23671875
1 0.58828125 0.31875 0.1203125 0.1484375
1 0.54296875 0.44375 0.09609375 0.1390625
1 0.83515625 0.43515625 0.05546875 0.14296875
1 0.68671875 0.4046875 0.12578125 0.14609375
1 0.6390625 0.1484375 0.08671875 0.09140625
1 0.6703125 0.22734375 0.059375 0.08984375
1 0.84140625 0.31328125 0.0421875 0.1109375
10 0.75390625 0.23203125 0.06875 0.08125
1 0.7796875 0.5 0.0796875 0.0265625
5 0.66171875 0.53125 0.0828125 0.0375
0 0.0546875 0.828125 0.075 0.19375
0 0.2828125 0.86015625 0.07890625 0.13828125
1 0.471875 0.56015625 0.121875 0.0203125
1 0.8890625 0.6125 0.0953125 0.05234375
1 0.7140625 0.58828125 0.06484375 0.0484375
1 0.6578125 0.78984375 0.08671875 0.05625
1 0.98359375 0.834375 0.0328125 0.04375
1 0.50859375 0.7578125 0.075 0.05234375