10 0.165625 0.37578125 0.0703125 0.05078125
1 0.35 0.246875 0.08125 0.0578125
1 0.52890625 0.1203125 0.0484375 0.03203125
1 0.49453125 0.1578125 0.05078125 0.02734375
0 0.33359375 0.1609375 0.084375 0.05625
9 0.865625 0.2046875 0.0796875 0.1328125
1 0.6734375 0.428125 0.07421875 0.0609375
5 0.03203125 0.621875 0.0640625 0.14453125
5 0.23515625 0.95546875 0.05546875 0.08828125
5 0.1453125 0.9171875 0.07109375 0.08828125
5 0.14375 0.55078125 0.134375 0.14921875
5 0.2765625 0.76328125 0.05859375 0.1015625
9 0.94453125 0.5421875 0.05703125 0.13046875
9 0.78125 0.5265625 0.04921875 0.075
9 0.87578125 0.83125 0.0390625 0.08125
9 0.67265625 0.98984375 0.0578125 0.0203125
10 0.82890625 0.75625 0.046875 0.05234375
10 0.81640625 0.8109375 0.0359375 0.0578125
10 0.7953125 0.83671875 0.0328125 0.04921875
9 0.9140625 0.6390625 0.03515625 0.0578125
9 0.94609375 0.69609375 0.0578125 0.08671875
9 0.86328125 0.91015625 0.0734375 0.10390625
9 0.87109375 0.6234375 0.03828125 0.06484375
9 0.76328125 0.47265625 0.046875 0.02890625
9 0.71328125 0.5546875 0.06640625 0.08984375
9 0.80390625 0.91328125 0.03828125 0.06484375
9 0.7859375 0.67109375 0.04921875 0.1015625
9 0.99140625 0.75625 0.0171875 0.10390625
9 0.88984375 0.4875 0.0453125 0.0578125
9 0.928125 0.86875 0.0390625 0.0609375