9 0.446875 0.17421875 0.04375 0.0703125
9 0.08984375 0.2734375 0.0640625 0.021875
9 0.13203125 0.06484375 0.046875 0.05703125
0 0.459375 0.06875 0.01875 0.1375
0 0.39453125 0.13046875 0.09609375 0.09453125
0 0.1109375 0.02890625 0.103125 0.0578125
0 0.4046875 0.33203125 0.06015625 0.07890625
0 0.296875 0.36640625 0.05625 0.0453125
0 0.3546875 0.31796875 0.05390625 0.06640625
0 0.16875 0.37421875 0.053125 0.0296875
9 0.18984375 0.6578125 0.08046875 0.0765625
9 0.09140625 0.4296875 0.0453125 0.08125
10 0.1984375 0.9578125 0.08125 0.084375
0 0.2203125 0.7953125 0.08359375 0.071875
0 0.24921875 0.5859375 0.11796875 0.09609375
9 0.71015625 0.734375 0.08828125 0.121875
0 0.5296875 0.71015625 0.07265625 0.115625