9 0.23671875 0.24453125 0.09453125 0.1078125
1 0.56015625 0.04453125 0.075 0.08046875
0 0.7046875 0.0890625 0.09296875 0.13125
0 0.8828125 0.0421875 0.1078125 0.084375
0 0.9734375 0.2984375 0.053125 0.06328125
0 0.91953125 0.15546875 0.0765625 0.1328125
0 0.78125 0.08671875 0.078125 0.1078125
0 0.55546875 0.18671875 0.08828125 0.10546875
0 0.59296875 0.09921875 0.06171875 0.071875
5 0.0546875 0.85234375 0.109375 0.203125
5 0.4171875 0.946875 0.04296875 0.10546875
5 0.3765625 0.553125 0.08671875 0.08671875
5 0.3421875 0.46171875 0.11484375 0.11875
5 0.2953125 0.565625 0.08984375 0.10546875
5 0.4125 0.8375 0.0515625 0.11875
5 0.3953125 0.728125 0.08671875 0.1375
5 0.2796875 0.8796875 0.11328125 0.17578125
5 0.34296875 0.940625 0.08125 0.11875
5 0.37421875 0.86328125 0.109375 0.11875
5 0.1375 0.878125 0.0796875 0.084375
5 0.04140625 0.81484375 0.0828125 0.1203125
9 0.7203125 0.58046875 0.05625 0.078125
1 0.62734375 0.871875 0.05625 0.065625
1 0.56171875 0.696875 0.04140625 0.0484375
1 0.759375 0.7875 0.053125 0.08046875
1 0.94921875 0.9796875 0.0484375 0.03984375
1 0.884375 0.6609375 0.06484375 0.0953125
1 0.9796875 0.6625 0.03984375 0.06953125
1 0.67265625 0.72734375 0.0734375 0.09296875
1 0.46015625 0.946875 0.04296875 0.06328125
11 0.51640625 0.84453125 0.06796875 0.09296875
11 0.81796875 0.68203125 0.046875 0.0828125
11 0.74453125 0.69453125 0.06953125 0.090625
9 0.5921875 0.659375 0.046875 0.0609375