11 0.275 0.23984375 0.06875 0.0796875
11 0.3546875 0.2421875 0.06015625 0.0671875
11 0.31953125 0.1546875 0.06015625 0.06875
11 0.25625 0.04140625 0.05625 0.0796875
11 0.0203125 0.2953125 0.040625 0.0875
11 0.01796875 0.3546875 0.0359375 0.08125
11 0.02109375 0.2046875 0.0421875 0.1
11 0.06796875 0.24375 0.0515625 0.075
1 0.3015625 0.66796875 0.12890625 0.0796875
1 0.14609375 0.67578125 0.0625 0.040625
0 0.259375 0.59453125 0.2140625 0.06328125
9 0.53203125 0.684375 0.0796875 0.06875
0 0.6234375 0.59296875 0.0859375 0.125
0 0.90078125 0.67578125 0.0734375 0.0859375
0 0.59453125 0.384375 0.0296875 0.190625
0 0.68125 0.3609375 0.10234375 0.1390625
7 0.871875 0.325 0.1171875 0.1609375
9 0.37734375 0.89296875 0.0953125 0.10703125
1 0.38125 0.73359375 0.053125 0.0296875
11 0.98203125 0.91640625 0.0359375 0.0953125