1 0.0421875 0.05859375 0.07421875 0.0796875
6 0.41171875 0.26640625 0.084375 0.0890625
6 0.3828125 0.16015625 0.0625 0.0640625
6 0.29453125 0.146875 0.084375 0.10234375
6 0.44140625 0.2703125 0.0359375 0.08125
10 0.01796875 0.153125 0.0359375 0.0625
1 0.05703125 0.1375 0.05 0.0546875
1 0.0265625 0.1125 0.053125 0.059375
1 0.20078125 0.12890625 0.05859375 0.05859375
0 0.63203125 0.01796875 0.0609375 0.0359375
0 0.68046875 0.01796875 0.0796875 0.0359375
0 0.81640625 0.1265625 0.09140625 0.06484375
0 0.80546875 0.05859375 0.07890625 0.04375
10 0.63359375 0.34609375 0.06015625 0.0609375
0 0.8234375 0.5296875 0.11640625 0.11015625
1 0.50390625 0.609375 0.08359375 0.07265625
1 0.47109375 0.4296875 0.0234375 0.090625
1 0.71796875 0.45390625 0.103125 0.0578125