9 0.03046875 0.2265625 0.0578125 0.09453125
1 0.04296875 0.05546875 0.03671875 0.0640625
1 0.078125 0.028125 0.025 0.05625
1 0.09609375 0.1625 0.01640625 0.05390625
1 0.075 0.16484375 0.02421875 0.03984375
11 0.31953125 0.0109375 0.0578125 0.021875
1 0.3015625 0.053125 0.04453125 0.02890625
1 0.36328125 0.178125 0.059375 0.0328125
1 0.38828125 0.13671875 0.03515625 0.0296875
11 0.11640625 0.51015625 0.0453125 0.0171875
11 0.075 0.3203125 0.05234375 0.065625
11 0.1515625 0.4203125 0.03671875 0.1
1 0.02421875 0.42890625 0.0421875 0.04453125
5 0.38125 0.44921875 0.05625 0.0796875
1 0.24765625 0.49453125 0.0421875 0.0484375
1 0.28671875 0.49921875 0.0328125 0.0390625
1 0.34921875 0.33125 0.034375 0.08125
1 0.27109375 0.29453125 0.04765625 0.04140625
10 0.48671875 0.1078125 0.0640625 0.06953125
0 0.99140625 0.08828125 0.0171875 0.0328125
0 0.9671875 0.065625 0.065625 0.075
0 0.84921875 0.17109375 0.0796875 0.05234375
0 0.86328125 0.11796875 0.06875 0.03515625
11 0.97421875 0.4171875 0.0515625 0.03125
10 0.97890625 0.509375 0.0421875 0.01875
9 0.8171875 0.45859375 0.08125 0.05546875
9 0.984375 0.475 0.03125 0.040625
10 0.0765625 0.6984375 0.0625 0.0984375
0 0.3109375 0.671875 0.09296875 0.078125
0 0.378125 0.71015625 0.0625 0.0765625
10 0.315625 0.971875 0.06875 0.05625
9 0.3921875 0.98515625 0.034375 0.0296875
1 0.759375 0.7546875 0.11015625 0.13046875
1 0.8875 0.65859375 0.134375 0.2125
1 0.9546875 0.56875 0.090625 0.1
1 0.815625 0.67734375 0.11171875 0.14296875
1 0.9328125 0.728125 0.134375 0.221875
1 0.50703125 0.9546875 0.05546875 0.0375
1 0.428125 0.95703125 0.01875 0.0359375
1 0.49140625 0.85078125 0.03046875 0.02109375
1 0.64140625 0.93984375 0.03203125 0.04453125
5 0.91640625 0.9015625 0.15234375 0.1234375
5 0.87734375 0.971875 0.0765625 0.05625
5 0.765625 0.96953125 0.115625 0.0609375