9 0.5046875 0.30234375 0.028125 0.0703125
9 0.30546875 0.03125 0.03515625 0.0625
9 0.44375 0.0453125 0.04375 0.090625
9 0.37421875 0.03828125 0.0484375 0.0765625
10 0.27734375 0.23515625 0.03984375 0.08203125
0 0.42265625 0.209375 0.05859375 0.0671875
0 0.47109375 0.23984375 0.05234375 0.065625
1 0.071875 0.515625 0.015625 0.01953125
1 0.0015625 0.71640625 0.003125 0.0328125
1 0.01640625 0.725 0.02109375 0.02734375
1 0.1171875 0.8375 0.01328125 0.02890625
1 0.1328125 0.63125 0.01796875 0.02265625
1 0.0046875 0.509375 0.009375 0.025
1 0.05078125 0.5578125 0.01484375 0.02265625
1 0.01484375 0.60859375 0.01953125 0.0296875
1 0.02421875 0.646875 0.01171875 0.025
1 0.003125 0.834375 0.00625 0.01875
1 0.06953125 0.90703125 0.021875 0.0265625
1 0.12890625 0.975 0.01328125 0.028125
1 0.0796875 0.86015625 0.0171875 0.0296875
1 0.08671875 0.63515625 0.01953125 0.025
1 0.0515625 0.7 0.01171875 0.01796875
1 0.05078125 0.68046875 0.0109375 0.02421875
1 0.05859375 0.75390625 0.01640625 0.02421875
1 0.09296875 0.74296875 0.015625 0.0234375
1 0.16328125 0.63828125 0.01640625 0.02109375
1 0.16015625 0.66328125 0.01796875 0.02109375
1 0.1125 0.57890625 0.0125 0.02734375
1 0.1 0.58359375 0.01796875 0.02421875
1 0.03828125 0.53203125 0.01484375 0.03203125
1 0.171875 0.75 0.0140625 0.02890625
1 0.06484375 0.66796875 0.015625 0.03125
1 0.184375 0.93046875 0.0125 0.0234375
1 0.14765625 0.87421875 0.01640625 0.02109375
1 0.16328125 0.82109375 0.0140625 0.02421875
1 0.15625 0.4890625 0.015625 0.02734375
1 0.14921875 0.9890625 0.0140625 0.021875
1 0.034375 0.890625 0.0109375 0.025