9 0.3484375 0.14453125 0.10859375 0.0890625
9 0.94921875 0.32890625 0.1015625 0.1421875
0 0.51171875 0.16171875 0.1046875 0.1140625
0 0.6515625 0.15390625 0.09375 0.11953125
9 0.01171875 0.56171875 0.0234375 0.0546875
1 0.3484375 0.43359375 0.128125 0.0671875
1 0.26953125 0.44140625 0.0796875 0.0828125
1 0.1796875 0.5640625 0.05234375 0.05078125
1 0.196875 0.43359375 0.084375 0.0671875
9 0.0203125 0.8546875 0.040625 0.0875
9 0.1765625 0.76015625 0.046875 0.09296875
9 0.39609375 0.9734375 0.1265625 0.053125
0 0.165625 0.9046875 0.025 0.190625
0 0.2578125 0.80234375 0.16640625 0.1296875
5 0.69765625 0.7578125 0.3734375 0.19140625
5 0.9125 0.52265625 0.175 0.2453125
5 0.7 0.98515625 0.096875 0.0296875
5 0.91796875 0.7515625 0.05234375 0.09140625
5 0.9828125 0.95703125 0.034375 0.0421875