1 0.3828125 0.3234375 0.0609375 0.05234375
1 0.4828125 0.26796875 0.02890625 0.01640625
1 0.49140625 0.36640625 0.02890625 0.02109375
0 0.09609375 0.27265625 0.0875 0.08359375
0 0.19375 0.28828125 0.078125 0.0859375
0 0.1875 0.19921875 0.125 0.07578125
9 0.34609375 0.14375 0.06953125 0.06484375
11 0.89765625 0.11328125 0.07578125 0.07890625
11 0.8109375 0.0796875 0.09140625 0.0625
11 0.78125 0.23671875 0.0625 0.0921875
11 0.8734375 0.32265625 0.04296875 0.1421875
10 0.84296875 0.3421875 0.03828125 0.0515625
1 0.8 0.46015625 0.0328125 0.03671875
0 0.97109375 0.0828125 0.0578125 0.05625
0 0.9328125 0.284375 0.05703125 0.0609375
0 0.75625 0.11875 0.0125 0.03125
11 0.70625 0.571875 0.0875 0.084375
5 0.06640625 0.7890625 0.1328125 0.228125
5 0.06875 0.95078125 0.1375 0.0984375
5 0.18125 0.9765625 0.084375 0.046875
5 0.15859375 0.84921875 0.10625 0.2015625
1 0.5015625 0.8640625 0.05 0.0375
1 0.42578125 0.840625 0.02265625 0.01171875
1 0.440625 0.903125 0.02265625 0.01484375
0 0.675 0.80390625 0.07421875 0.059375
0 0.615625 0.82265625 0.06796875 0.059375
0 0.60078125 0.76953125 0.096875 0.0578125
9 0.48828125 0.75078125 0.05859375 0.0453125
9 0.89140625 0.565625 0.0828125 0.071875
9 0.7734375 0.575 0.046875 0.05625