1 0.38203125 0.10703125 0.1125 0.09375
1 0.17734375 0.009375 0.0671875 0.01875
0 0.37421875 0.0109375 0.1140625 0.021875
11 0.63515625 0.20859375 0.0453125 0.06875
11 0.59296875 0.0125 0.0515625 0.025
11 0.6703125 0.0921875 0.03671875 0.1
10 0.575 0.3046875 0.03125 0.06875
5 0.86015625 0.25546875 0.0796875 0.146875
5 0.90390625 0.12109375 0.0640625 0.0796875
1 0.7671875 0.18203125 0.04140625 0.0796875
1 0.80625 0.18828125 0.03359375 0.07265625
1 0.8671875 0.021875 0.034375 0.04375
10 0.25234375 0.36015625 0.0484375 0.0421875
10 0.296875 0.38359375 0.05625 0.015625
5 0.50234375 0.6609375 0.1015625 0.09453125
5 0.38125 0.66796875 0.0796875 0.06171875
5 0.32734375 0.71171875 0.09296875 0.06796875
5 0.28671875 0.82109375 0.14375 0.10234375
0 0.94609375 0.46640625 0.07265625 0.0546875
0 0.7875 0.75859375 0.06484375 0.0890625
1 0.796875 0.98828125 0.0375 0.0234375
1 0.709375 0.93984375 0.03359375 0.0359375
1 0.97578125 0.84296875 0.01875 0.03359375
1 0.9921875 0.79609375 0.015625 0.0328125