11 0.19375 0.12734375 0.290625 0.2546875
10 0.05078125 0.44140625 0.059375 0.0484375
10 0.32265625 0.45234375 0.0328125 0.0328125
0 0.0546875 0.525 0.06015625 0.040625
9 0.88828125 0.38671875 0.09296875 0.0796875
9 0.946875 0.28046875 0.09921875 0.0640625
9 0.83046875 0.4796875 0.084375 0.075
10 0.6703125 0.4703125 0.05390625 0.04765625
10 0.72109375 0.51484375 0.05546875 0.05859375
10 0.453125 0.18359375 0.07421875 0.0625
1 0.61328125 0.375 0.04765625 0.07109375
1 0.8328125 0.12265625 0.06015625 0.075
1 0.7703125 0.190625 0.04765625 0.04765625
3 0.96171875 0.1390625 0.0765625 0.103125
9 0.190625 0.80078125 0.0625 0.0890625
0 0.30546875 0.7796875 0.0671875 0.09375
0 0.3015625 0.63984375 0.03125 0.0640625
8 0.1125 0.83203125 0.02421875 0.0484375
1 0.0484375 0.88203125 0.040625 0.07109375