1 0.21640625 0.10546875 0.03671875 0.03671875
1 0.2734375 0.1203125 0.04140625 0.034375
1 0.28828125 0.08515625 0.0234375 0.03125
1 0.096875 0.09609375 0.02734375 0.04140625
1 0.11484375 0.13359375 0.03515625 0.03125
1 0.190625 0.17265625 0.025 0.03984375
1 0.16328125 0.20859375 0.04140625 0.03671875
1 0.29140625 0.02265625 0.03671875 0.0359375
1 0.3546875 0.00546875 0.04375 0.0109375
1 0.3453125 0.0578125 0.0453125 0.04453125
1 0.215625 0.02265625 0.034375 0.0453125
1 0.259375 0.09765625 0.04375 0.053125
1 0.0578125 0.025 0.0328125 0.03671875
9 0.24140625 0.58203125 0.0390625 0.0140625
9 0.3375 0.53984375 0.04765625 0.03984375
9 0.359375 0.47734375 0.03984375 0.0453125
9 0.3125 0.46484375 0.0546875 0.065625
9 0.35390625 0.409375 0.05078125 0.05703125
9 0.275 0.540625 0.046875 0.04375
9 0.28828125 0.49609375 0.0265625 0.03984375
9 0.22421875 0.4953125 0.0609375 0.0453125
0 0.12265625 0.44765625 0.04765625 0.05
10 0.80703125 0.3328125 0.05703125 0.0671875
10 0.85390625 0.39453125 0.04375 0.07109375
10 0.74765625 0.4109375 0.0953125 0.065625
9 0.77265625 0.5453125 0.1734375 0.0875
1 0.8109375 0.16953125 0.10859375 0.08515625
1 0.053125 0.628125 0.0203125 0.071875
7 0.096875 0.84921875 0.19375 0.2671875