9 0.0640625 0.153125 0.0734375 0.11484375
1 0.0984375 0.30390625 0.04375 0.07265625
1 0.27734375 0.33125 0.0375 0.01796875
11 0.85546875 0.16171875 0.09375 0.1453125
10 0.94453125 0.3 0.1015625 0.0796875
0 0.58515625 0.2359375 0.06875 0.10078125
0 0.7546875 0.1328125 0.04765625 0.0921875
1 0.16171875 0.42109375 0.0515625 0.07578125
1 0.2015625 0.65234375 0.06640625 0.1078125
1 0.0125 0.4203125 0.025 0.1078125
1 0.06484375 0.8390625 0.05390625 0.09921875
1 0.10234375 0.38046875 0.04765625 0.08125
1 0.07578125 0.42734375 0.0515625 0.0640625
1 0.13828125 0.5875 0.05859375 0.090625
5 0.7046875 0.51796875 0.38125 0.35546875
5 0.63125 0.790625 0.55 0.41875