5 0.2875 0.2046875 0.1625 0.31953125
5 0.12890625 0.36484375 0.1921875 0.2484375
5 0.13984375 0.09609375 0.1453125 0.1921875
5 0.33203125 0.43515625 0.1828125 0.1078125
5 0.39453125 0.39453125 0.0703125 0.1171875
5 0.4140625 0.10859375 0.03125 0.1578125
5 0.3859375 0.034375 0.078125 0.06875
5 0.1875 0.228125 0.0984375 0.13515625
1 0.44453125 0.21875 0.0296875 0.05625
1 0.79375 0.09921875 0.04453125 0.0421875
1 0.8765625 0.1109375 0.04609375 0.0328125
1 0.89375 0.16171875 0.04140625 0.0265625
1 0.86171875 0.28359375 0.046875 0.025
1 0.65546875 0.21328125 0.034375 0.059375
5 0.78046875 0.19453125 0.06171875 0.09375
5 0.678125 0.271875 0.06328125 0.04765625
11 0.45859375 0.32578125 0.0578125 0.0609375
1 0.51640625 0.35859375 0.034375 0.06875
1 0.490625 0.41796875 0.0484375 0.04765625
1 0.54375 0.45625 0.046875 0.065625
0 0.7921875 0.478125 0.046875 0.021875
1 0.8421875 0.4125 0.046875 0.05703125
0 0.03671875 0.765625 0.0734375 0.084375
9 0.0921875 0.5734375 0.08203125 0.1
1 0.121875 0.66171875 0.02265625 0.10546875
1 0.06484375 0.5203125 0.0546875 0.0625
9 0.39453125 0.90703125 0.0703125 0.0515625
10 0.41328125 0.5671875 0.0328125 0.109375
9 0.03515625 0.9671875 0.0703125 0.065625
11 0.09296875 0.96640625 0.0796875 0.0671875
10 0.5078125 0.5953125 0.09921875 0.1046875
9 0.621875 0.52109375 0.10625 0.0640625
10 0.8921875 0.6234375 0.075 0.1671875
10 0.47578125 0.83046875 0.08828125 0.0484375
0 0.4515625 0.97265625 0.04375 0.0546875