9 0.234375 0.146875 0.04453125 0.09140625
9 0.31015625 0.18359375 0.0484375 0.0359375
10 0.2671875 0.01015625 0.065625 0.0203125
9 0.140625 0.359375 0.0703125 0.0828125
9 0.19609375 0.39140625 0.03125 0.09296875
9 0.04609375 0.53046875 0.0671875 0.0578125
9 0.028125 0.478125 0.0421875 0.06796875
9 0.08515625 0.3921875 0.04296875 0.0734375
1 0.1390625 0.41875 0.03359375 0.05234375
1 0.1703125 0.4046875 0.03515625 0.05
0 0.0203125 0.33203125 0.040625 0.0671875
1 0.11953125 0.3984375 0.06171875 0.084375
1 0.4171875 0.4265625 0.06875 0.1109375
1 0.28515625 0.225 0.07421875 0.046875
1 0.22890625 0.31015625 0.03359375 0.0734375
1 0.278125 0.51484375 0.0515625 0.06640625
1 0.31328125 0.54453125 0.0515625 0.0296875
1 0.4859375 0.4640625 0.028125 0.075
1 0.37421875 0.41171875 0.05 0.06640625
0 0.44765625 0.66171875 0.1046875 0.0734375
0 0.31015625 0.64765625 0.10390625 0.0703125
0 0.2546875 0.57265625 0.0875 0.0265625
10 0.0453125 0.94375 0.08125 0.08671875
11 0.1625 0.71171875 0.0671875 0.11875
11 0.334375 0.90625 0.14140625 0.15703125
0 0.515625 0.803125 0.03125 0.084375
9 0.55 0.6109375 0.08203125 0.1
1 0.5796875 0.69921875 0.02265625 0.10546875
1 0.525 0.57421875 0.05 0.0296875
9 0.9640625 0.8796875 0.071875 0.084375
9 0.865625 0.9453125 0.096875 0.05234375
10 0.88984375 0.609375 0.0703125 0.1
11 0.55078125 0.98515625 0.0796875 0.0296875