1 0.0609375 0.32265625 0.05859375 0.0515625
1 0.2515625 0.2015625 0.03515625 0.04453125
5 0.55078125 0.38046875 0.0359375 0.0984375
5 0.53828125 0.20234375 0.0609375 0.2296875
5 0.3953125 0.30625 0.0984375 0.15234375
5 0.34765625 0.2015625 0.08671875 0.2171875
5 0.38828125 0.1375 0.11015625 0.16875
5 0.44453125 0.38046875 0.1 0.1
5 0.5125 0.36796875 0.0734375 0.090625
1 0.01953125 0.4703125 0.0390625 0.08125
1 0.25390625 0.45 0.06484375 0.0390625
1 0.06171875 0.46640625 0.0421875 0.05390625
10 0.31953125 0.46015625 0.03046875 0.059375
10 0.40859375 0.53046875 0.0453125 0.0390625
10 0.45625 0.5015625 0.0453125 0.06484375
10 0.4015625 0.4390625 0.0421875 0.01640625
10 0.36953125 0.45703125 0.0484375 0.05390625
1 0.5640625 0.51796875 0.009375 0.0640625
10 0.51796875 0.44921875 0.04375 0.03671875
1 0.35390625 0.53046875 0.0453125 0.0390625
9 0.45859375 0.54140625 0.0515625 0.0171875
9 0.54296875 0.47734375 0.0515625 0.0703125
0 0.359375 0.940625 0.0875 0.11875
10 0.85 0.746875 0.10390625 0.1125
10 0.68828125 0.6078125 0.109375 0.075
11 0.5984375 0.83828125 0.04921875 0.15390625
1 0.9859375 0.7421875 0.028125 0.090625
1 0.8171875 0.634375 0.06015625 0.11953125
1 0.6828125 0.959375 0.078125 0.08125
0 0.98046875 0.94765625 0.0390625 0.1046875