9 0.10390625 0.2046875 0.05078125 0.115625
7 0.5 0.0703125 0.096875 0.140625
11 0.4234375 0.38203125 0.0875 0.0734375
11 0.47421875 0.375 0.04921875 0.03046875
0 0.5578125 0.4796875 0.14375 0.01875
5 0.94453125 0.35546875 0.1109375 0.1765625
5 0.90859375 0.409375 0.1671875 0.159375
5 0.97109375 0.43359375 0.0578125 0.1109375
7 0.20078125 0.52734375 0.1265625 0.0765625
7 0.1984375 0.69765625 0.11015625 0.16171875
7 0.540625 0.53125 0.321875 0.084375
9 0.753125 0.6390625 0.1109375 0.08125
9 0.965625 0.6375 0.06875 0.078125
9 0.52890625 0.83984375 0.07109375 0.096875
9 0.87578125 0.9125 0.11796875 0.1109375
9 0.41796875 0.59765625 0.0765625 0.0484375
10 0.4140625 0.9609375 0.06875 0.078125
11 0.5484375 0.59921875 0.09140625 0.05078125
10 0.48828125 0.9234375 0.06953125 0.06875
9 0.4640625 0.71015625 0.103125 0.096875