11 0.3109375 0.2953125 0.103125 0.125
0 0.3890625 0.54609375 0.059375 0.1640625
1 0.209375 0.571875 0.12734375 0.05703125
1 0.228125 0.7265625 0.11015625 0.0609375
1 0.409375 0.95 0.01875 0.0375
1 0.23046875 0.67421875 0.0796875 0.04453125
9 0.05390625 0.45078125 0.1078125 0.1015625
1 0.209375 0.43671875 0.1 0.0734375
1 0.446875 0.471875 0.05625 0.0625
0 0.5515625 0.4875 0.096875 0.06796875
0 0.653125 0.5484375 0.10390625 0.01875
0 0.68359375 0.42578125 0.0765625 0.0515625
9 0.72734375 0.83515625 0.18828125 0.10390625
9 0.80546875 0.65078125 0.05546875 0.075
9 0.58359375 0.66171875 0.10546875 0.090625
9 0.51796875 0.5765625 0.12421875 0.0375
10 0.446875 0.815625 0.05625 0.053125
1 0.809375 0.73671875 0.0296875 0.04765625
1 0.83515625 0.78984375 0.02265625 0.05078125
9 0.6796875 0.70546875 0.096875 0.0796875
9 0.81875 0.9640625 0.121875 0.071875
9 0.9078125 0.94765625 0.04296875 0.0578125
9 0.98359375 0.87109375 0.0328125 0.0671875
1 0.98203125 0.9328125 0.03125 0.04921875
1 0.91015625 0.840625 0.02421875 0.04296875
1 0.9453125 0.81796875 0.0484375 0.06640625