11 0.01640625 0.221875 0.0328125 0.103125
10 0.0546875 0.3765625 0.04296875 0.0828125
1 0.80078125 0.2015625 0.08125 0.16015625
1 0.88203125 0.4625 0.096875 0.103125
1 0.575 0.053125 0.115625 0.10625
1 0.77578125 0.021875 0.1390625 0.04375
1 0.70859375 0.30234375 0.065625 0.1234375
9 0.1703125 0.6953125 0.10625 0.11171875
0 0.046875 0.74140625 0.09375 0.1734375
5 0.303125 0.95625 0.071875 0.0875
1 0.11953125 0.9828125 0.0609375 0.034375
1 0.04921875 0.91171875 0.06484375 0.0515625
12 0.60078125 0.85625 0.4109375 0.2875