11 0.32265625 0.7359375 0.12890625 0.08125
9 0.1234375 0.5109375 0.1 0.04453125
9 0.1671875 0.48671875 0.090625 0.04453125
9 0.02421875 0.41484375 0.0484375 0.0421875
10 0.14296875 0.940625 0.05 0.103125
10 0.3140625 0.9875 0.05 0.025
1 0.41796875 0.85078125 0.01640625 0.05
0 0.28046875 0.8640625 0.046875 0.084375
0 0.24140625 0.87890625 0.0546875 0.11796875
0 0.17421875 0.8359375 0.11171875 0.09609375
0 0.38046875 0.93125 0.1203125 0.1375
0 0.81484375 0.4890625 0.10546875 0.0734375
0 0.67578125 0.47421875 0.10390625 0.0703125
0 0.6203125 0.40078125 0.0875 0.0234375
11 0.528125 0.53828125 0.0671875 0.11875
11 0.7 0.7328125 0.14140625 0.15703125