10 0.2234375 0.28515625 0.0609375 0.0640625
10 0.09140625 0.35546875 0.059375 0.05546875
9 0.4140625 0.13359375 0.109375 0.0984375
0 0.57734375 0.0765625 0.115625 0.09375
10 0.365625 0.29765625 0.0125 0.0890625
10 0.371875 0.4875 0.025 0.04375
9 0.67734375 0.465625 0.0640625 0.0875
10 0.93359375 0.35625 0.1328125 0.11875
9 0.75546875 0.25 0.09140625 0.0984375
1 0.30546875 0.7796875 0.1078125 0.109375
1 0.1171875 0.553125 0.07109375 0.05234375
0 0.3359375 0.59921875 0.046875 0.1078125
1 0.4171875 0.74453125 0.06328125 0.0796875
1 0.51796875 0.6046875 0.025 0.05390625
1 0.84296875 0.609375 0.04921875 0.0296875
1 0.60625 0.55234375 0.0703125 0.04140625
1 0.88984375 0.64375 0.02265625 0.01015625
1 0.92109375 0.6 0.02265625 0.0125
0 0.6578125 0.6046875 0.07265625 0.0453125
0 0.7203125 0.6078125 0.0703125 0.0453125
0 0.69453125 0.6453125 0.0953125 0.0453125
9 0.775 0.68515625 0.0578125 0.034375
1 0.5125 0.978125 0.034375 0.04375
9 0.90234375 0.93125 0.08984375 0.065625