9 0.44609375 0.2828125 0.1015625 0.12421875
0 0.1796875 0.43515625 0.09453125 0.0890625
0 0.40859375 0.10234375 0.0765625 0.07578125
1 0.32734375 0.0125 0.0796875 0.025
1 0.91328125 0.1421875 0.10078125 0.11640625
1 0.6796875 0.0828125 0.09609375 0.103125
1 0.82265625 0.04921875 0.065625 0.084375
10 0.7625 0.221875 0.06875 0.03203125
10 0.77109375 0.2453125 0.0734375 0.07890625
10 0.55078125 0.31015625 0.0421875 0.0859375
10 0.59765625 0.3296875 0.08984375 0.10703125
11 0.65234375 0.4609375 0.10859375 0.109375
11 0.57578125 0.5203125 0.0921875 0.059375
10 0.62578125 0.4078125 0.06875 0.08046875
10 0.66953125 0.39296875 0.0734375 0.08984375
10 0.79296875 0.3109375 0.0734375 0.08984375
10 0.73125 0.48515625 0.08984375 0.10703125
11 0.69609375 0.225 0.0765625 0.0375
10 0.83125 0.41484375 0.11171875 0.12421875
10 0.55390625 0.24453125 0.0484375 0.0796875
10 0.9359375 0.3640625 0.0546875 0.1015625
10 0.89765625 0.41796875 0.09140625 0.1109375
10 0.90703125 0.28828125 0.0796875 0.1
10 0.98125 0.53203125 0.0375 0.0359375
11 0.98125 0.30390625 0.0375 0.1296875
9 0.4984375 0.73203125 0.0625 0.0796875
10 0.0140625 0.95390625 0.028125 0.0921875
3 0.19453125 0.69140625 0.08046875 0.1859375
3 0.36796875 0.571875 0.0640625 0.04375
3 0.515625 0.63125 0.028125 0.1125
1 0.5890625 0.96953125 0.07265625 0.05234375
1 0.8828125 0.846875 0.06171875 0.03984375