11 0.17265625 0.06640625 0.1234375 0.1328125
11 0.27578125 0.2734375 0.12734375 0.06015625
11 0.38125 0.13046875 0.1140625 0.1375
10 0.290625 0.06015625 0.10625 0.1203125
10 0.10078125 0.15859375 0.03671875 0.1140625
9 0.4328125 0.278125 0.0640625 0.05
9 0.3859375 0.025 0.115625 0.05
9 0.26640625 0.22578125 0.16953125 0.15546875
11 0.5359375 0.24921875 0.065625 0.1078125
11 0.4921875 0.1578125 0.153125 0.2625
1 0.1265625 0.271875 0.07109375 0.0625
1 0.2015625 0.2921875 0.05 0.021875
10 0.11171875 0.09140625 0.05859375 0.1015625
1 0.2 0.0109375 0.071875 0.021875
1 0.0109375 0.41171875 0.021875 0.0640625
1 0.04765625 0.4203125 0.0390625 0.06015625
0 0.47421875 0.4453125 0.0765625 0.06875
0 0.89140625 0.45234375 0.0484375 0.0546875
10 0.284375 0.76015625 0.10625 0.1
9 0.5 0.9546875 0.13125 0.090625
10 0.98828125 0.753125 0.0234375 0.1125
10 0.86796875 0.6140625 0.109375 0.075
11 0.778125 0.84453125 0.04921875 0.15390625
1 0.78125 0.51875 0.0875 0.078125
1 0.94453125 0.509375 0.0546875 0.059375
1 0.9828125 0.63984375 0.034375 0.1203125
1 0.8625 0.9625 0.078125 0.075
1 0.7375 0.9640625 0.046875 0.071875