9 0.4265625 0.0296875 0.084375 0.059375
1 0.371875 0.00546875 0.040625 0.0109375
1 0.29921875 0.00625 0.0484375 0.0125
1 0.2203125 0.03203125 0.065625 0.0640625
0 0.36796875 0.31953125 0.2015625 0.2171875
0 0.18203125 0.15 0.11640625 0.13671875
1 0.59140625 0.06171875 0.04453125 0.075
1 0.54375 0.06640625 0.04453125 0.05859375
1 0.765625 0.1046875 0.03828125 0.04296875
1 0.7640625 0.16875 0.04296875 0.05546875
1 0.7328125 0.03203125 0.02421875 0.0484375
1 0.671875 0.15 0.0296875 0.05
5 0.54453125 0.3109375 0.0296875 0.1640625
5 0.615625 0.3140625 0.046875 0.065625
5 0.625 0.403125 0.046875 0.07265625
5 0.57109375 0.46484375 0.0359375 0.0296875
10 0.915625 0.2578125 0.08359375 0.1109375
10 0.88203125 0.403125 0.04765625 0.05546875
9 0.84453125 0.27890625 0.046875 0.0890625
1 0.96015625 0.4078125 0.03671875 0.04609375
9 0.04921875 0.48671875 0.0484375 0.0140625
1 0.02578125 0.59609375 0.04296875 0.04296875
11 0.38203125 0.55546875 0.0375 0.0390625
11 0.3265625 0.490625 0.05625 0.021875
11 0.01796875 0.965625 0.0359375 0.06875
1 0.7875 0.5875 0.05390625 0.04921875
1 0.6609375 0.57265625 0.06640625 0.06171875
1 0.625 0.8609375 0.08359375 0.06796875
1 0.8640625 0.73984375 0.06484375 0.0703125
1 0.98125 0.56640625 0.0375 0.0546875