5 0.14453125 0.0390625 0.0453125 0.078125
9 0.48671875 0.05234375 0.0265625 0.0515625
9 0.45625 0.02578125 0.0375 0.0515625
0 0.37578125 0.0515625 0.05234375 0.05390625
1 0.290625 0.01484375 0.071875 0.0296875
1 0.48125 0.0296875 0.0375 0.059375
1 0.02890625 0.4484375 0.0578125 0.0375
1 0.1140625 0.41953125 0.025 0.03203125
1 0.08125 0.33828125 0.04765625 0.046875
1 0.03984375 0.36171875 0.034375 0.03203125
9 0.01171875 0.1625 0.0234375 0.065625
9 0.0515625 0.22890625 0.0578125 0.0390625
5 0.271875 0.2609375 0.16875 0.21484375
5 0.3609375 0.38515625 0.23125 0.1890625
9 0.753125 0.1953125 0.0609375 0.13046875
9 0.5625 0.26796875 0.04453125 0.10859375
1 0.88125 0.03203125 0.04375 0.0640625
1 0.9921875 0.18203125 0.015625 0.0578125
1 0.9546875 0.13984375 0.040625 0.0734375
1 0.88828125 0.1234375 0.03359375 0.07890625
10 0.0421875 0.6546875 0.084375 0.015625
10 0.89140625 0.95390625 0.1421875 0.0921875
9 0.7046875 0.653125 0.05546875 0.1078125
9 0.77890625 0.57421875 0.04296875 0.08984375
9 0.984375 0.62265625 0.03125 0.0703125
0 0.89765625 0.75625 0.06640625 0.109375