0 0.03203125 0.10625 0.0640625 0.08125
0 0.02890625 0.03515625 0.0578125 0.0703125
9 0.0109375 0.36796875 0.021875 0.0828125
10 0.45625 0.18515625 0.065625 0.0765625
9 0.38828125 0.3328125 0.08359375 0.10390625
1 0.16796875 0.63046875 0.1078125 0.0578125
9 0.84609375 0.14375 0.0640625 0.06953125
9 0.5 0.2421875 0.021875 0.021875
9 0.52109375 0.03359375 0.046875 0.05703125
0 0.8671875 0.053125 0.05625 0.10625
0 0.78359375 0.09921875 0.09609375 0.09453125
10 0.940625 0.1015625 0.08828125 0.128125
1 0.9921875 0.1828125 0.015625 0.08125
1 0.946875 0.2375 0.0859375 0.03203125
1 0.51328125 0.57109375 0.0484375 0.0640625
1 0.61875 0.44453125 0.046875 0.05390625
1 0.5703125 0.59921875 0.0390625 0.04765625
0 0.79375 0.30078125 0.06015625 0.07890625
0 0.68671875 0.34375 0.05546875 0.06015625
0 0.74375 0.28671875 0.05390625 0.06640625
0 0.5578125 0.359375 0.053125 0.06015625
9 0.00625 0.6765625 0.0125 0.03125
10 0.07109375 0.69453125 0.04453125 0.03828125
1 0.1453125 0.68671875 0.02890625 0.03046875
1 0.1109375 0.71015625 0.03828125 0.03046875
1 0.10390625 0.67578125 0.0484375 0.0328125
1 0.015625 0.7125 0.03125 0.0375
1 0.1078125 0.959375 0.03515625 0.028125
10 0.4390625 0.871875 0.0546875 0.0703125
10 0.409375 0.9734375 0.046875 0.053125
11 0.528125 0.90625 0.078125 0.1875
11 0.615625 0.940625 0.15 0.11875
0 0.99375 0.80546875 0.0125 0.0421875