1 0.20703125 0.13359375 0.07265625 0.0546875
0 0.2734375 0.1125 0.0484375 0.09609375
0 0.115625 0.0453125 0.1 0.090625
0 0.1046875 0.12890625 0.0890625 0.0640625
11 0.0140625 0.05546875 0.028125 0.1109375
1 0.43359375 0.01484375 0.0484375 0.0296875
1 0.20078125 0.40078125 0.0703125 0.0359375
10 0.32578125 0.3953125 0.0578125 0.046875
10 0.3171875 0.26953125 0.03828125 0.11875
1 0.5015625 0.34140625 0.0671875 0.10390625
1 0.46640625 0.22421875 0.1140625 0.1265625
1 0.6671875 0.06015625 0.1 0.1203125
1 0.61484375 0.2125 0.0515625 0.078125
1 0.6140625 0.3765625 0.05 0.084375
9 0.95703125 0.4015625 0.0421875 0.034375
11 0.2546875 0.43203125 0.15625 0.0265625
9 0.2 0.90078125 0.12109375 0.07578125
9 0.63046875 0.6140625 0.0828125 0.115625
9 0.646875 0.49375 0.05703125 0.07890625
5 0.83203125 0.8046875 0.10234375 0.075
5 0.80703125 0.72890625 0.0734375 0.0546875
5 0.91953125 0.74140625 0.0625 0.05
5 0.971875 0.74140625 0.05625 0.1421875
5 0.8046875 0.65703125 0.1484375 0.10078125
5 0.93203125 0.5671875 0.11171875 0.08046875
5 0.89765625 0.51015625 0.1265625 0.09296875
5 0.95 0.4453125 0.1 0.053125
9 0.95390625 0.89453125 0.05859375 0.08828125
9 0.98984375 0.97421875 0.0203125 0.0515625