9 0.0796875 0.1140625 0.059375 0.0921875
1 0.015625 0.0125 0.03125 0.025
10 0.04453125 0.5109375 0.0890625 0.096875
9 0.190625 0.4046875 0.06015625 0.08203125
0 0.04921875 0.6515625 0.0484375 0.034375
0 0.02734375 0.27109375 0.0546875 0.0484375
0 0.22890625 0.575 0.06171875 0.12421875
9 0.3890625 0.11796875 0.059375 0.1046875
0 0.39296875 0.26796875 0.05859375 0.040625
0 0.51796875 0.103125 0.07109375 0.06171875
0 0.471875 0.1390625 0.05078125 0.03359375
1 0.36640625 0.0328125 0.0140625 0.03125
9 0.36953125 0.28515625 0.0203125 0.0640625
9 0.4421875 0.25703125 0.06484375 0.059375
7 0.82578125 0.1484375 0.0921875 0.296875
7 0.9109375 0.071875 0.178125 0.14375
8 0.94296875 0.58984375 0.1015625 0.1578125
8 0.87265625 0.65625 0.0359375 0.025
8 0.990625 0.6140625 0.01875 0.1
1 0.10078125 0.821875 0.121875 0.16328125
1 0.05 0.71953125 0.1 0.0890625
1 0.1203125 0.98828125 0.08125 0.0234375
1 0.29921875 0.71953125 0.040625 0.07109375
1 0.33125 0.88359375 0.03359375 0.09140625
1 0.35390625 0.81640625 0.0109375 0.1546875
1 0.353125 0.934375 0.0125 0.13125
8 0.92890625 0.6953125 0.1421875 0.053125
7 0.81015625 0.9078125 0.07734375 0.0515625
7 0.43046875 0.9328125 0.04609375 0.0375
7 0.53046875 0.85703125 0.07265625 0.07109375
7 0.63203125 0.87734375 0.07734375 0.06953125
7 0.69609375 0.98359375 0.0671875 0.0328125
7 0.77421875 0.78359375 0.07890625 0.04453125
7 0.734375 0.86953125 0.04296875 0.0390625
7 0.7375 0.92109375 0.0359375 0.0390625
7 0.80390625 0.9734375 0.0765625 0.053125