9 0.02421875 0.27421875 0.0390625 0.078125
0 0.21484375 0.2015625 0.08984375 0.0890625
1 0.2625 0.3796875 0.05234375 0.025
5 0.3890625 0.10234375 0.159375 0.1796875
5 0.39296875 0.3046875 0.1671875 0.190625
5 0.61953125 0.24296875 0.11484375 0.14296875
5 0.65 0.325 0.075 0.15
5 0.61015625 0.3609375 0.1296875 0.078125
5 0.56875 0.16015625 0.1171875 0.1078125
5 0.4890625 0.17109375 0.0859375 0.08515625
9 0.9125 0.21328125 0.1 0.1234375
9 0.8875 0.3625 0.121875 0.075
9 0.84375 0.021875 0.078125 0.04375
9 0.76640625 0.28515625 0.0890625 0.08515625
10 0.76015625 0.36953125 0.0484375 0.0609375
1 0.990625 0.2359375 0.01875 0.05625
1 0.89453125 0.1421875 0.1015625 0.04375
1 0.74140625 0.02265625 0.0765625 0.0453125
0 0.0296875 0.82109375 0.059375 0.0640625
10 0.121875 0.49375 0.0421875 0.10234375
11 0.10625 0.73359375 0.07421875 0.125
1 0.23359375 0.64921875 0.1515625 0.2328125
1 0.21015625 0.78203125 0.13359375 0.1421875
1 0.27578125 0.590625 0.0671875 0.1625
1 0.203125 0.6046875 0.11953125 0.30703125
9 0.284375 0.94921875 0.05 0.1015625
1 0.2265625 0.9515625 0.0703125 0.08515625
1 0.15234375 0.88046875 0.01796875 0.05390625
3 0.44375 0.45078125 0.053125 0.1015625
3 0.63359375 0.71171875 0.09375 0.11640625
3 0.33125 0.55 0.04375 0.096875
10 0.76796875 0.93671875 0.0546875 0.1265625
10 0.796875 0.7734375 0.04765625 0.11171875
9 0.5828125 0.871875 0.0484375 0.153125
9 0.6671875 0.84453125 0.0671875 0.11640625