1 0.03203125 0.40234375 0.0640625 0.0765625
1 0.18359375 0.4703125 0.05390625 0.0546875
1 0.24765625 0.4546875 0.0515625 0.05625
1 0.2140625 0.5765625 0.0453125 0.03046875
1 0.084375 0.58046875 0.084375 0.0390625
1 0.40390625 0.53828125 0.0734375 0.08046875
11 0.7546875 0.36015625 0.16796875 0.22421875
11 0.86953125 0.17734375 0.07890625 0.134375
10 0.890625 0.5140625 0.09296875 0.03671875
10 0.9390625 0.4609375 0.11328125 0.12265625
4 0.95546875 0.23984375 0.0890625 0.2046875
9 0.70234375 0.59453125 0.0421875 0.0109375
9 0.746875 0.59453125 0.053125 0.0109375
1 0.196875 0.9734375 0.034375 0.053125
1 0.246875 0.97734375 0.0375 0.0453125
9 0.434375 0.9484375 0.03125 0.059375