9 0.22890625 0.26484375 0.065625 0.07734375
0 0.23125 0.3875 0.134375 0.1625
9 0.10703125 0.59609375 0.059375 0.06640625
9 0.1375 0.5296875 0.0640625 0.053125
9 0.11015625 0.6984375 0.04453125 0.04609375
9 0.18125 0.5828125 0.04921875 0.0484375
9 0.15625 0.48359375 0.05 0.0296875
10 0.196875 0.53828125 0.0328125 0.046875
1 0.04140625 0.73515625 0.04140625 0.040625
1 0.06796875 0.5734375 0.0296875 0.03046875
1 0.00625 0.5296875 0.0125 0.028125
1 0.03828125 0.49609375 0.040625 0.040625
1 0.10625 0.6296875 0.04921875 0.03203125
1 0.15703125 0.70859375 0.04296875 0.04296875
10 0.375 0.57265625 0.03203125 0.034375
11 0.50625 0.66796875 0.025 0.0390625
11 0.4578125 0.590625 0.05625 0.04765625
9 0.47890625 0.54453125 0.04296875 0.05078125
1 0.5078125 0.56640625 0.021875 0.0328125
10 0.6734375 0.90703125 0.05703125 0.0484375
10 0.628125 0.96171875 0.06796875 0.0578125
10 0.76484375 0.92734375 0.0453125 0.046875
1 0.603125 0.80859375 0.065625 0.065625
1 0.71484375 0.77109375 0.05859375 0.0546875
1 0.66953125 0.696875 0.04375 0.059375
9 0.87734375 0.503125 0.0984375 0.06875
9 0.7875 0.61171875 0.08203125 0.075
9 0.89375 0.896875 0.08984375 0.10078125
9 0.665625 0.6078125 0.07421875 0.065625
9 0.59453125 0.66640625 0.08515625 0.08203125
9 0.61953125 0.85859375 0.0546875 0.05078125
9 0.78984375 0.74609375 0.0546875 0.05
9 0.9078125 0.7234375 0.0671875 0.059375