0 0.0734375 0.37578125 0.11640625 0.09765625
9 0.846875 0.44609375 0.1078125 0.04140625
9 0.80703125 0.13671875 0.05703125 0.04140625
1 0.76171875 0.29921875 0.096875 0.07265625
1 0.6359375 0.4609375 0.096875 0.0515625
1 0.7078125 0.38515625 0.04296875 0.025
1 0.74921875 0.38671875 0.03203125 0.028125
1 0.7890625 0.39140625 0.04296875 0.0265625
1 0.83515625 0.22265625 0.0390625 0.0265625
1 0.4546875 0.4734375 0.03203125 0.0234375
1 0.56171875 0.1921875 0.034375 0.025
9 0.6671875 0.10546875 0.0359375 0.01953125
9 0.76328125 0.21015625 0.0359375 0.021875
9 0.68828125 0.18046875 0.04453125 0.028125
9 0.684375 0.15859375 0.0390625 0.0265625
9 0.58125 0.2203125 0.04140625 0.025
9 0.5 0.3625 0.046875 0.0265625
9 0.6546875 0.3734375 0.0625 0.03828125
9 0.92265625 0.2 0.04453125 0.0234375
9 0.9203125 0.346875 0.05234375 0.034375
9 0.68203125 0.2453125 0.046875 0.025
9 0.54453125 0.31328125 0.0875 0.034375
9 0.11015625 0.97265625 0.1203125 0.0546875
9 0.12578125 0.7109375 0.08046875 0.0890625
9 0.13671875 0.5828125 0.07890625 0.10546875
9 0.0296875 0.5515625 0.059375 0.0609375
1 0.8765625 0.5203125 0.0390625 0.04296875
1 0.88984375 0.59765625 0.05546875 0.0578125
1 0.71953125 0.85234375 0.04140625 0.04296875
1 0.4703125 0.80390625 0.05546875 0.0609375
1 0.778125 0.9 0.01953125 0.01484375
1 0.7890625 0.81875 0.01953125 0.01796875
0 0.540625 0.88125 0.059375 0.06953125
0 0.6015625 0.87265625 0.05390625 0.07109375
0 0.5921875 0.9421875 0.08046875 0.06484375
9 0.68671875 0.9828125 0.046875 0.034375