1 0.11796875 0.07265625 0.0703125 0.08515625
1 0.1109375 0.2453125 0.06796875 0.1265625
1 0.05859375 0.0765625 0.04296875 0.06640625
1 0.15390625 0.31796875 0.04140625 0.07578125
1 0.23984375 0.06484375 0.04609375 0.06171875
1 0.0515625 0.01171875 0.040625 0.0234375
1 0.390625 0.115625 0.040625 0.05234375
1 0.3796875 0.06953125 0.03359375 0.03984375
1 0.31875 0.03671875 0.03828125 0.05703125
1 0.45625 0.078125 0.034375 0.06328125
9 0.07578125 0.20234375 0.06328125 0.07734375
10 0.6078125 0.3453125 0.084375 0.028125
10 0.61484375 0.15546875 0.059375 0.07578125
1 0.684375 0.0703125 0.03125 0.075
10 0.53671875 0.309375 0.0546875 0.1
1 0.0140625 0.41015625 0.028125 0.1015625
1 0.0109375 0.5296875 0.021875 0.0875
1 0.46953125 0.65859375 0.06328125 0.09375
1 0.4609375 0.46796875 0.03828125 0.07890625
1 0.5046875 0.79609375 0.04921875 0.09375
1 0.76484375 0.528125 0.04609375 0.0921875
1 0.715625 0.50078125 0.03125 0.0546875
6 0.85625 0.53515625 0.04609375 0.0453125
6 0.93359375 0.40859375 0.05546875 0.03984375
9 0.9 0.74765625 0.075 0.07421875
9 0.7890625 0.87109375 0.06875 0.06640625
0 0.9453125 0.9765625 0.075 0.046875