1 0.33203125 0.015625 0.05625 0.03125
1 0.1203125 0.1015625 0.12265625 0.14140625
1 0.55546875 0.1984375 0.084375 0.10546875
1 0.2484375 0.00703125 0.04609375 0.0140625
1 0.3703125 0.09609375 0.04609375 0.0546875
1 0.73046875 0.040625 0.0984375 0.08125
1 0.140625 0.734375 0.04140625 0.04140625
1 0.125 0.7640625 0.03359375 0.05625
1 0.18125 0.71953125 0.03515625 0.04140625
1 0.23125 0.6953125 0.03515625 0.03984375
1 0.2890625 0.71953125 0.0234375 0.034375
1 0.22265625 0.75625 0.028125 0.04921875
9 0.21953125 0.8890625 0.05 0.05234375
0 0.3171875 0.8484375 0.06015625 0.065625
0 0.26015625 0.74921875 0.04140625 0.06171875
0 0.1921875 0.79296875 0.04609375 0.04140625
1 0.8875 0.89453125 0.0828125 0.0703125
9 0.75390625 0.52578125 0.08515625 0.08125