9 0.36953125 0.25390625 0.0609375 0.1171875
0 0.371875 0.4109375 0.05625 0.075
0 0.0734375 0.378125 0.10078125 0.12109375
0 0.409375 0.31328125 0.01875 0.0703125
0 0.52578125 0.03671875 0.0578125 0.04609375
0 0.40703125 0.128125 0.0140625 0.04375
1 0.5375 0.31640625 0.0421875 0.028125
8 0.65078125 0.34375 0.0484375 0.03984375
9 0.93984375 0.04296875 0.07578125 0.04765625
10 0.91953125 0.3171875 0.0359375 0.08984375
1 0.478125 0.56640625 0.078125 0.0453125
1 0.5890625 0.5375 0.078125 0.03984375
0 0.0609375 0.7984375 0.0609375 0.08359375
8 0.13515625 0.6375 0.0484375 0.096875
5 0.04375 0.9640625 0.065625 0.071875
1 0.6734375 0.82890625 0.07109375 0.06875
0 0.4890625 0.946875 0.1625 0.10625
9 0.5296875 0.63203125 0.1296875 0.0859375
0 0.48125 0.7890625 0.1625 0.0875