0 0.025 0.11171875 0.05 0.0734375
0 0.03125 0.19453125 0.05234375 0.04765625
1 0.4703125 0.22578125 0.05859375 0.10703125
1 0.48203125 0.3859375 0.0234375 0.09296875
1 0.5640625 0.603125 0.0296875 0.1
1 0.5375 0.33046875 0.0375 0.0828125
1 0.565625 0.45703125 0.028125 0.0796875
1 0.28515625 0.21171875 0.0375 0.07109375
11 0.17421875 0.7421875 0.0546875 0.015625
1 0.23203125 0.71640625 0.0359375 0.0671875
10 0.85 0.15234375 0.065625 0.06484375
11 0.95078125 0.115625 0.07734375 0.10546875
11 0.84375 0.07109375 0.18515625 0.0890625
11 0.7953125 0.01640625 0.096875 0.0328125
10 0.96796875 0.196875 0.0421875 0.07265625
10 0.9671875 0.26484375 0.04375 0.07890625
10 0.95234375 0.3203125 0.07421875 0.08515625
10 0.64765625 0.07734375 0.0765625 0.0921875
10 0.92265625 0.03203125 0.0640625 0.0640625
10 0.87265625 0.2890625 0.07734375 0.096875
9 0.62265625 0.09375 0.0265625 0.096875
10 0.721875 0.03125 0.06875 0.0625
10 0.6265625 0.02734375 0.034375 0.0546875
9 0.6703125 0.5078125 0.0953125 0.0953125
9 0.86640625 0.72890625 0.0828125 0.0421875
9 0.8625 0.4234375 0.06875 0.0625
9 0.80703125 0.60546875 0.04921875 0.0765625
9 0.80390625 0.70390625 0.0421875 0.06484375
1 0.37890625 0.81171875 0.06328125 0.09375
1 0.4140625 0.94921875 0.04921875 0.09375