11 0.2953125 0.384375 0.07265625 0.02890625
1 0.03203125 0.371875 0.0640625 0.021875
1 0.03125 0.33125 0.06015625 0.01875
9 0.015625 0.2578125 0.03125 0.021875
9 0.215625 0.35703125 0.05625 0.0265625
10 0.040625 0.23046875 0.07265625 0.03359375
10 0.553125 0.38984375 0.05 0.0203125
9 0.72890625 0.36796875 0.0796875 0.0640625
1 0.58203125 0.6375 0.0359375 0.090625
0 0.46953125 0.4515625 0.1171875 0.103125
1 0.115625 0.96171875 0.08125 0.0765625
1 0.02890625 0.784375 0.05 0.0375
0 0.17734375 0.84453125 0.084375 0.0921875
4 0.43828125 0.94609375 0.0578125 0.1078125
6 0.8171875 0.4890625 0.06015625 0.0484375
6 0.87578125 0.43046875 0.04375 0.034375
6 0.95078125 0.44921875 0.0546875 0.06015625
6 0.7828125 0.47890625 0.03515625 0.05
6 0.903125 0.646875 0.07265625 0.05
10 0.61875 0.55078125 0.0375 0.0359375
10 0.609375 0.5921875 0.01875 0.034375
10 0.62578125 0.628125 0.03203125 0.0296875
10 0.65703125 0.67421875 0.04609375 0.04140625
10 0.6921875 0.58359375 0.03515625 0.06015625
10 0.93828125 0.7484375 0.06328125 0.05
10 0.878125 0.79765625 0.0421875 0.0328125
9 0.63828125 0.90546875 0.0765625 0.1484375