10 0.0359375 0.2234375 0.071875 0.153125
1 0.0921875 0.3859375 0.05625 0.046875
1 0.06640625 0.3328125 0.06484375 0.06953125
1 0.09609375 0.14296875 0.0703125 0.07109375
1 0.07890625 0.025 0.0671875 0.05
9 0.15625 0.39453125 0.09375 0.0296875
9 0.44375 0.36484375 0.134375 0.0890625
1 0.27578125 0.38203125 0.0546875 0.0546875
1 0.43125 0.2140625 0.0796875 0.0859375
1 0.32109375 0.02734375 0.0703125 0.0546875
9 0.525 0.24765625 0.05 0.0859375
1 0.7359375 0.1515625 0.128125 0.13359375
1 0.6578125 0.18828125 0.0796875 0.09140625
1 0.6421875 0.01640625 0.09375 0.0328125
1 0.86953125 0.0515625 0.2109375 0.103125
1 0.57109375 0.31328125 0.0421875 0.0515625
1 0.58828125 0.1703125 0.0765625 0.09375
1 0.959375 0.29765625 0.08125 0.0828125
9 0.92578125 0.109375 0.1484375 0.121875
9 0.31796875 0.53515625 0.13359375 0.0953125
9 0.26328125 0.73203125 0.1015625 0.06015625
0 0.40703125 0.7 0.09296875 0.05625
9 0.01953125 0.8890625 0.0390625 0.046875
9 0.4375 0.99296875 0.0375 0.0140625
1 0.14609375 0.80625 0.04140625 0.0390625
1 0.1796875 0.88203125 0.04453125 0.0375
11 0.65703125 0.46484375 0.0765625 0.1109375
11 0.57421875 0.4375 0.0484375 0.05625
1 0.95546875 0.4296875 0.0296875 0.040625
10 0.60234375 0.83046875 0.0640625 0.11640625
10 0.6171875 0.959375 0.05625 0.08125
1 0.97421875 0.89765625 0.034375 0.034375
1 0.88203125 0.99375 0.0515625 0.0125