3 0.0984375 0.275 0.0578125 0.05703125
3 0.02421875 0.31484375 0.0484375 0.0453125
3 0.0328125 0.2171875 0.05 0.04921875
3 0.06171875 0.08203125 0.04140625 0.065625
3 0.371875 0.19921875 0.07421875 0.05546875
3 0.38828125 0.25390625 0.06796875 0.05390625
3 0.33984375 0.11796875 0.0546875 0.078125
3 0.29296875 0.1828125 0.0359375 0.06171875
3 0.41640625 0.1046875 0.05390625 0.05546875
0 0.1015625 0.44375 0.059375 0.06796875
0 0.00859375 0.5046875 0.0171875 0.0625
1 0.0140625 0.65078125 0.028125 0.0515625
10 0.01484375 0.70390625 0.0296875 0.0328125
11 0.13515625 0.7140625 0.059375 0.0390625
11 0.23046875 0.78515625 0.06875 0.059375
9 0.27265625 0.98828125 0.0390625 0.0234375
9 0.37421875 0.99296875 0.0296875 0.0140625
1 0.10625 0.99296875 0.01875 0.0125
1 0.11796875 0.99765625 0.0265625 0.0046875
1 0.16796875 0.9921875 0.0390625 0.015625
1 0.05546875 0.9921875 0.0296875 0.015625
9 0.7359375 0.78828125 0.05 0.053125
1 0.56875 0.75234375 0.01875 0.0359375
1 0.59765625 0.61953125 0.0515625 0.06171875
9 0.5734375 0.840625 0.028125 0.040625
9 0.640625 0.7265625 0.053125 0.06796875
9 0.56953125 0.69375 0.0203125 0.0375
9 0.8890625 0.615625 0.025 0.096875
1 0.9609375 0.93984375 0.03671875 0.0484375