1 0.39609375 0.22734375 0.0453125 0.1140625
1 0.31875 0.03515625 0.075 0.0703125
1 0.2234375 0.0984375 0.06484375 0.0828125
1 0.3 0.18125 0.09296875 0.11640625
1 0.39296875 0.04375 0.0515625 0.0875
10 0.4609375 0.26953125 0.03203125 0.10546875
1 0.4296875 0.29609375 0.0140625 0.05859375
1 0.428125 0.128125 0.01875 0.0875
4 0.890625 0.29453125 0.21875 0.5484375
9 0.3953125 0.7796875 0.046875 0.103125
10 0.05078125 0.65546875 0.05546875 0.07890625
0 0.35390625 0.665625 0.07265625 0.1015625
0 0.37734375 0.8171875 0.0828125 0.028125
1 0.08203125 0.95546875 0.1515625 0.0890625
1 0.36015625 0.94765625 0.1171875 0.1046875
9 0.74921875 0.66796875 0.071875 0.1453125
1 0.48984375 0.9515625 0.0796875 0.096875
1 0.453125 0.68515625 0.0515625 0.07421875
9 0.8421875 0.96875 0.115625 0.0625