1 0.0453125 0.28828125 0.07109375 0.06171875
0 0.12421875 0.13359375 0.10703125 0.06796875
0 0.15625 0.303125 0.096875 0.06796875
0 0.01875 0.14921875 0.0375 0.0640625
0 0.2578125 0.3640625 0.10390625 0.01875
0 0.2890625 0.2390625 0.07578125 0.05625
9 0.33203125 0.65078125 0.18828125 0.10390625
9 0.41015625 0.46640625 0.05546875 0.075
9 0.18828125 0.47734375 0.10546875 0.090625
9 0.12265625 0.3921875 0.12421875 0.0375
10 0.0453125 0.63125 0.07109375 0.053125
1 0.4140625 0.55234375 0.0296875 0.04765625
1 0.43984375 0.60546875 0.02265625 0.05078125
9 0.284375 0.52109375 0.096875 0.0796875
1 0.51015625 0.65546875 0.0171875 0.0421875
1 0.87265625 0.74296875 0.0390625 0.0484375