10 0.3859375 0.340625 0.06640625 0.0265625
9 0.325 0.01796875 0.0875 0.0359375
9 0.0515625 0.01953125 0.08125 0.0390625
9 0.03203125 0.26640625 0.06328125 0.07734375
11 0.27265625 0.3359375 0.08203125 0.0359375
1 0.14921875 0.26328125 0.06171875 0.07734375
1 0.2015625 0.28515625 0.04921875 0.06796875
1 0.31328125 0.25 0.07890625 0.1296875
5 0.225 0.56484375 0.0953125 0.084375
5 0.14921875 0.60703125 0.08046875 0.090625
5 0.12421875 0.678125 0.07734375 0.1
5 0.4234375 0.71015625 0.06796875 0.0640625
1 0.30703125 0.5828125 0.05390625 0.0734375
1 0.3421875 0.61015625 0.03671875 0.04921875
1 0.284375 0.74140625 0.05625 0.0171875
1 0.03984375 0.48671875 0.06015625 0.0734375
9 0.5796875 0.2203125 0.16953125 0.26953125
9 0.984375 0.125 0.03125 0.078125
9 0.85859375 0.07578125 0.07109375 0.053125
1 0.85703125 0.0046875 0.0296875 0.009375
1 0.85703125 0.16640625 0.05625 0.03203125
1 0.90390625 0.171875 0.0421875 0.03671875
1 0.83828125 0.26796875 0.04375 0.046875
1 0.728125 0.03671875 0.0171875 0.0421875
1 0.89921875 0.01875 0.0359375 0.0375
1 0.965625 0.265625 0.02265625 0.03046875
1 0.98515625 0.29296875 0.02109375 0.03984375
1 0.7421875 0.13125 0.0390625 0.046875
1 0.75546875 0.3078125 0.03359375 0.03671875
1 0.95 0.31875 0.03671875 0.03359375
1 0.90234375 0.21875 0.025 0.03359375
1 0.81796875 0.30390625 0.03046875 0.05703125
1 0.83671875 0.328125 0.040625 0.0453125
1 0.8078125 0.19609375 0.03203125 0.03671875
0 0.528125 0.64375 0.06328125 0.06328125
0 0.65703125 0.6359375 0.0515625 0.05859375
9 0.60625 0.41953125 0.06171875 0.05546875
9 0.63828125 0.4875 0.03359375 0.0515625
9 0.55234375 0.4625 0.07265625 0.075
1 0.61015625 0.5265625 0.05859375 0.08359375
1 0.515625 0.421875 0.0421875 0.0515625
9 0.68046875 0.4484375 0.04609375 0.05
4 0.9890625 0.675 0.021875 0.08125
9 0.79296875 0.47890625 0.07578125 0.08046875
9 0.82578125 0.6734375 0.0671875 0.0765625
10 0.8703125 0.3640625 0.053125 0.01875
10 0.7265625 0.50390625 0.01796875 0.0703125
11 0.984375 0.5640625 0.03125 0.071875
3 0.43828125 0.96484375 0.0609375 0.0703125
1 0.17890625 0.90625 0.0984375 0.0390625
1 0.32265625 0.9109375 0.05546875 0.0515625
5 0.5015625 0.8546875 0.065625 0.078125
5 0.50390625 0.9640625 0.0703125 0.071875
9 0.62578125 0.9171875 0.0828125 0.11328125