1 0.18828125 0.27734375 0.05703125 0.05625
1 0.015625 0.2578125 0.03125 0.05625
0 0.06640625 0.14375 0.0953125 0.08046875
1 0.38359375 0.15 0.03359375 0.04921875
1 0.8671875 0.16953125 0.08984375 0.03515625
1 0.984375 0.15703125 0.03125 0.0265625
1 0.71953125 0.32734375 0.08515625 0.05
1 0.8546875 0.2328125 0.0578125 0.03515625
1 0.71875 0.2296875 0.03671875 0.025
1 0.7828125 0.26640625 0.125 0.05859375
1 0.76796875 0.22890625 0.0640625 0.0453125
1 0.984375 0.2265625 0.03125 0.040625
1 0.86640625 0.0921875 0.053125 0.03046875
1 0.81484375 0.33203125 0.05625 0.03515625
1 0.6578125 0.18515625 0.0578125 0.03515625
1 0.88984375 0.26875 0.06171875 0.053125
1 0.93984375 0.225 0.04765625 0.028125
9 0.9890625 0.3828125 0.021875 0.05625
9 0.875 0.44296875 0.053125 0.0140625
9 0.6484375 0.24765625 0.06875 0.04375
0 0.8453125 0.3765625 0.08515625 0.0421875
1 0.075 0.61796875 0.05703125 0.06484375
1 0.35234375 0.675 0.0546875 0.07578125
1 0.47265625 0.8859375 0.0921875 0.125
1 0.24296875 0.90078125 0.06875 0.06875
1 0.10390625 0.515625 0.07734375 0.08203125
1 0.23515625 0.51328125 0.059375 0.071875
1 0.34375 0.8109375 0.0796875 0.09375
5 0.65390625 0.490625 0.2421875 0.08125
9 0.83984375 0.7453125 0.05625 0.0609375
9 0.64453125 0.81953125 0.071875 0.0875
9 0.740625 0.775 0.08125 0.09296875
9 0.52734375 0.66953125 0.0171875 0.0828125
10 0.925 0.91171875 0.06484375 0.08203125
0 0.71328125 0.953125 0.090625 0.0703125
0 0.65234375 0.98359375 0.0796875 0.0328125