1 0.4125 0.06171875 0.034375 0.0578125
9 0.17421875 0.0296875 0.0609375 0.059375
9 0.5703125 0.03203125 0.0625 0.0640625
9 0.475 0.27421875 0.04375 0.0703125
1 0.50546875 0.19765625 0.0546875 0.0828125
1 0.59921875 0.06875 0.0265625 0.0484375
1 0.571875 0.1125 0.04296875 0.078125
1 0.5828125 0.2421875 0.03125 0.05703125
0 0.83828125 0.26796875 0.0796875 0.0828125
11 0.059375 0.6015625 0.059375 0.0890625
11 0.13203125 0.43203125 0.02109375 0.10625
9 0.12421875 0.34296875 0.0359375 0.0671875
1 0.02734375 0.35859375 0.0546875 0.0984375
1 0.08046875 0.36484375 0.04609375 0.0734375
10 0.16015625 0.6140625 0.0359375 0.10625
10 0.4109375 0.46328125 0.0375 0.0734375
1 0.16796875 0.34375 0.0515625 0.06875
1 0.3765625 0.3296875 0.059375 0.040625
1 0.2078125 0.4140625 0.04765625 0.0734375
1 0.046875 0.9296875 0.05078125 0.0421875
1 0.0359375 0.9765625 0.0578125 0.02890625
1 0.02578125 0.99296875 0.0515625 0.0140625
9 0.29296875 0.8171875 0.07578125 0.10234375
9 0.23828125 0.76484375 0.04453125 0.08203125
9 0.2 0.89921875 0.059375 0.06015625
9 0.29921875 0.91640625 0.07734375 0.0953125
1 0.23046875 0.94765625 0.0578125 0.06640625
0 0.19453125 0.97109375 0.1046875 0.0578125
0 0.1875 0.83046875 0.090625 0.153125
1 0.3203125 0.96953125 0.05 0.0609375
10 0.8578125 0.3609375 0.0546875 0.05703125
10 0.95 0.36328125 0.059375 0.075
9 0.7953125 0.75390625 0.05625 0.08046875
9 0.67109375 0.68984375 0.09765625 0.13359375
9 0.6140625 0.89765625 0.04921875 0.075
0 0.5375 0.9203125 0.040625 0.07734375
0 0.58515625 0.9546875 0.05234375 0.06796875
0 0.6171875 0.84140625 0.0875 0.08046875
0 0.59921875 0.76484375 0.040625 0.0421875
0 0.5953125 0.58125 0.090625 0.0515625
0 0.77109375 0.5921875 0.03828125 0.071875
1 0.690625 0.84609375 0.02421875 0.0421875
1 0.71640625 0.78828125 0.02421875 0.04765625
1 0.72890625 0.88046875 0.05078125 0.0515625