1 0.046875 0.0296875 0.0875 0.059375
9 0.03046875 0.39296875 0.0609375 0.06875
9 0.06875 0.509375 0.046875 0.05
1 0.365625 0.5015625 0.06875 0.075
1 0.584375 0.15546875 0.01640625 0.0578125
1 0.5515625 0.21875 0.0203125 0.071875
1 0.6078125 0.115625 0.0203125 0.05234375
1 0.68046875 0.09609375 0.01953125 0.05625
1 0.6953125 0.03125 0.0234375 0.04921875
12 0.94453125 0.04453125 0.1109375 0.0890625
12 0.978125 0.16328125 0.04375 0.0640625
8 0.890625 0.01328125 0.028125 0.0265625
7 0.5859375 0.42265625 0.2125 0.2328125
9 0.971875 0.509375 0.05625 0.040625
9 0.9296875 0.484375 0.03828125 0.02421875
4 0.15234375 0.571875 0.0546875 0.065625
1 0.06328125 0.915625 0.11953125 0.12890625
10 0.55703125 0.5625 0.0640625 0.046875
10 0.84765625 0.57421875 0.0515625 0.05546875
0 0.53125 0.71171875 0.090625 0.10703125
10 0.80546875 0.61015625 0.0625 0.0171875
10 0.8546875 0.81875 0.05546875 0.06953125
10 0.825 0.9015625 0.04765625 0.08125
9 0.9703125 0.63203125 0.059375 0.0609375
9 0.8765625 0.6609375 0.06875 0.06953125
9 0.753125 0.6453125 0.0515625 0.065625
11 0.97578125 0.7828125 0.0484375 0.084375
1 0.88515625 0.76171875 0.0421875 0.04140625
1 0.928125 0.68984375 0.04609375 0.07265625
9 0.875 0.95703125 0.03828125 0.05