4 0.22734375 0.175 0.0765625 0.0875
9 0.03828125 0.23671875 0.0765625 0.0359375
1 0.33515625 0.50859375 0.1328125 0.03984375
1 0.35390625 0.34296875 0.07890625 0.08515625
0 0.45 0.36953125 0.078125 0.1890625
9 0.18046875 0.815625 0.1359375 0.16484375
9 0.01328125 0.89609375 0.0265625 0.0953125
10 0.0703125 0.81328125 0.0609375 0.0578125
10 0.3671875 0.990625 0.08125 0.01875
10 0.3046875 0.9625 0.0625 0.075
10 0.3734375 0.840625 0.05390625 0.0640625
10 0.4046875 0.734375 0.0640625 0.0640625
10 0.4546875 0.69765625 0.05625 0.06640625
1 0.3390625 0.83671875 0.0515625 0.04765625
1 0.265625 0.74765625 0.03359375 0.0703125