9 0.1046875 0.09765625 0.1984375 0.18828125
0 0.47265625 0.3390625 0.1328125 0.140625
11 0.3390625 0.4234375 0.06015625 0.02734375
9 0.26875 0.43203125 0.0828125 0.04375
11 0.56328125 0.26796875 0.0484375 0.1171875
11 0.72421875 0.159375 0.065625 0.05546875
11 0.75546875 0.12265625 0.0546875 0.06015625
11 0.81484375 0.13359375 0.03671875 0.040625
10 0.81875 0.08359375 0.0453125 0.04921875
10 0.771875 0.1890625 0.02578125 0.03125
10 0.7421875 0.20859375 0.03203125 0.034375
1 0.69609375 0.02890625 0.03671875 0.04921875
1 0.68671875 0.08359375 0.0296875 0.03828125
1 0.72109375 0.05703125 0.0375 0.0421875
1 0.75390625 0.053125 0.0265625 0.0296875
1 0.68671875 0.18125 0.0328125 0.03828125
7 0.928125 0.1515625 0.06015625 0.06328125
7 0.88125 0.11015625 0.06328125 0.0515625
9 0.6265625 0.25625 0.04296875 0.046875
1 0.9125 0.47265625 0.04609375 0.0578125
1 0.825 0.47109375 0.0421875 0.05078125
1 0.58515625 0.365625 0.0328125 0.0421875
1 0.76640625 0.03984375 0.0171875 0.0234375
1 0.78203125 0.01015625 0.0203125 0.0203125
1 0.78828125 0.06640625 0.01875 0.0234375
1 0.6875 0.1140625 0.0234375 0.02578125
1 0.71015625 0.11171875 0.03828125 0.0421875
1 0.70546875 0.08125 0.0203125 0.025
1 0.77421875 0.09375 0.02109375 0.025
1 0.5859375 0.0953125 0.03671875 0.040625
1 0.640625 0.51015625 0.034375 0.0171875
1 0.7234375 0.51015625 0.0375 0.0171875
1 0.6765625 0.51015625 0.034375 0.0171875