10 0.03125 0.065625 0.02890625 0.04296875
1 0.3359375 0.10078125 0.028125 0.0296875
1 0.328125 0.28671875 0.040625 0.07578125
9 0.2203125 0.22265625 0.03671875 0.05703125
9 0.41796875 0.35625 0.090625 0.11640625
0 0.56875 0.37890625 0.11171875 0.18984375
0 0.87578125 0.16640625 0.06640625 0.06953125
9 0.93515625 0.41953125 0.0765625 0.065625
9 0.896875 0.33984375 0.0421875 0.06015625
9 0.97890625 0.371875 0.0421875 0.0875
1 0.9328125 0.2953125 0.075 0.09921875
9 0.8453125 0.38359375 0.05078125 0.06015625
10 0.303125 0.715625 0.06953125 0.08671875
9 0.54296875 0.92578125 0.08046875 0.12421875
9 0.77890625 0.828125 0.13203125 0.075
9 0.809375 0.96796875 0.075 0.0640625
9 0.8578125 0.90546875 0.0703125 0.06484375
9 0.88046875 0.990625 0.0359375 0.01875
9 0.8203125 0.734375 0.09296875 0.075
9 0.64296875 0.88984375 0.0703125 0.05625
9 0.9734375 0.89375 0.053125 0.0625
0 0.96640625 0.746875 0.0671875 0.09375