10 0.3265625 0.10390625 0.0765625 0.09921875
10 0.22890625 0.075 0.0734375 0.07109375
10 0.2578125 0.3265625 0.0484375 0.06796875
10 0.3015625 0.36171875 0.05625 0.015625
9 0.37421875 0.221875 0.0796875 0.08359375
1 0.72578125 0.06953125 0.09140625 0.1359375
1 0.7109375 0.22421875 0.06328125 0.1515625
1 0.78828125 0.0296875 0.1046875 0.059375
5 0.50703125 0.6390625 0.1015625 0.09453125
5 0.3859375 0.64609375 0.0796875 0.06171875
5 0.33203125 0.68984375 0.09296875 0.06796875
5 0.29140625 0.79921875 0.14375 0.10234375
9 0.89609375 0.9203125 0.10625 0.15625
0 0.71953125 0.90390625 0.0796875 0.1296875
0 0.97578125 0.82421875 0.0484375 0.140625