0 0.37734375 0.41796875 0.0453125 0.0734375
10 0.58671875 0.025 0.0953125 0.05
11 0.5890625 0.025 0.1 0.05
9 0.6203125 0.02421875 0.084375 0.0484375
9 0.41328125 0.025 0.0265625 0.05
0 0.6953125 0.02421875 0.0625 0.0484375
4 0.4484375 0.3484375 0.096875 0.134375
12 0.83359375 0.3296875 0.1796875 0.359375
1 0.721875 0.21328125 0.028125 0.10390625
9 0.453125 0.575 0.10625 0.13125
4 0.51953125 0.78984375 0.07109375 0.11171875
1 0.70390625 0.94453125 0.04765625 0.07265625
1 0.63515625 0.8546875 0.06953125 0.08203125