1 0.05078125 0.075 0.08359375 0.1015625
4 0.746875 0.07890625 0.04375 0.1578125
1 0.00625 0.68046875 0.0125 0.0734375
11 0.209375 0.66015625 0.0953125 0.0984375
9 0.0734375 0.396875 0.04609375 0.1
10 0.01171875 0.4546875 0.0234375 0.06875
9 0.3859375 0.45703125 0.06171875 0.0640625
9 0.6703125 0.65546875 0.07265625 0.053125
1 0.3609375 0.33984375 0.0375 0.0203125
1 0.53671875 0.63515625 0.05546875 0.0515625
10 0.0890625 0.94296875 0.05703125 0.053125
4 0.0328125 0.8265625 0.065625 0.1
0 0.03984375 0.9578125 0.0796875 0.084375
6 0.3390625 0.84921875 0.07265625 0.109375
6 0.41640625 0.89765625 0.06953125 0.0984375
6 0.61328125 0.93046875 0.08125 0.0984375
6 0.55859375 0.91328125 0.05859375 0.08203125
0 0.871875 0.46328125 0.06640625 0.05
0 0.884375 0.346875 0.08125 0.034375
9 0.9015625 0.41171875 0.08046875 0.08359375
9 0.8359375 0.50078125 0.07109375 0.05546875
9 0.9859375 0.45703125 0.028125 0.0546875
9 0.965625 0.4921875 0.0375 0.0375
9 0.95859375 0.67734375 0.0828125 0.1015625
9 0.90546875 0.8 0.0890625 0.05859375
1 0.99296875 0.9625 0.0140625 0.04375