9 0.2609375 0.165625 0.18203125 0.1515625
1 0.94375 0.321875 0.1125 0.109375
1 0.715625 0.01875 0.06875 0.0375
1 0.753125 0.0953125 0.07109375 0.05234375
0 0.97421875 0.14140625 0.0515625 0.1078125
10 0.02578125 0.978125 0.0515625 0.034375
9 0.6296875 0.87421875 0.07265625 0.0859375
9 0.8125 0.56953125 0.053125 0.07421875
9 0.540625 0.71328125 0.021875 0.0921875
9 0.553125 0.425 0.046875 0.05
9 0.56015625 0.965625 0.0515625 0.06875
9 0.8375 0.7828125 0.0421875 0.05625
9 0.784375 0.81328125 0.03984375 0.10390625
1 0.79921875 0.99296875 0.0515625 0.0140625
1 0.87421875 0.86640625 0.0453125 0.04609375
1 0.89453125 0.703125 0.05625 0.071875
1 0.825 0.90859375 0.04375 0.05
1 0.7203125 0.47421875 0.03984375 0.084375
1 0.76875 0.44453125 0.053125 0.0484375
1 0.81484375 0.45546875 0.0421875 0.0578125
1 0.6859375 0.98359375 0.04375 0.0328125
1 0.71484375 0.85703125 0.0484375 0.0484375
1 0.65859375 0.44765625 0.03984375 0.04609375
1 0.9546875 0.74375 0.03046875 0.078125