8 0.27890625 0.07421875 0.2359375 0.1484375
8 0.02421875 0.19765625 0.0484375 0.0640625
9 0.84609375 0.15234375 0.03046875 0.02421875
9 0.7984375 0.03984375 0.0390625 0.02421875
9 0.53671875 0.153125 0.028125 0.0234375
9 0.9 0.04921875 0.03046875 0.02421875
1 0.78828125 0.16875 0.0296875 0.02734375
1 0.97578125 0.11953125 0.02890625 0.0203125
1 0.98203125 0.1484375 0.02734375 0.02421875
1 0.63125 0.04296875 0.01875 0.0125
1 0.5421875 0.10078125 0.02734375 0.0234375
1 0.74765625 0.13046875 0.028125 0.025
1 0.78671875 0.084375 0.0234375 0.02734375
1 0.61328125 0.17265625 0.02109375 0.015625
1 0.6015625 0.19453125 0.021875 0.021875
1 0.69140625 0.1265625 0.025 0.0234375
1 0.67734375 0.1515625 0.025 0.021875
1 0.6125 0.09453125 0.02578125 0.01640625
1 0.60625 0.13671875 0.02578125 0.01953125
1 0.575 0.16640625 0.02578125 0.01796875
1 0.64375 0.05703125 0.0265625 0.021875
1 0.69375 0.046875 0.03984375 0.0234375
1 0.796875 0.115625 0.02890625 0.01796875
1 0.64140625 0.13359375 0.02578125 0.01953125
1 0.71640625 0.1234375 0.025 0.01796875
1 0.6921875 0.10234375 0.025 0.01484375
1 0.66484375 0.10546875 0.0390625 0.021875
1 0.68046875 0.096875 0.0015625 0.0015625
1 0.68203125 0.06953125 0.0328125 0.02421875
1 0.58125 0.04453125 0.0296875 0.01953125
1 0.8671875 0.16796875 0.0328125 0.02890625
1 0.921875 0.165625 0.05625 0.03203125
10 0.3703125 0.62734375 0.14140625 0.10234375
10 0.4890625 0.51328125 0.059375 0.1046875
10 0.271875 0.990625 0.053125 0.01875
10 0.028125 0.98203125 0.05625 0.0359375
11 0.43671875 0.96484375 0.1109375 0.0703125
11 0.0390625 0.39140625 0.078125 0.1015625
11 0.13984375 0.715625 0.08515625 0.07890625
11 0.1828125 0.35390625 0.0609375 0.08359375
0 0.42421875 0.2984375 0.1578125 0.1375
1 0.8921875 0.9703125 0.05625 0.059375
1 0.6625 0.7484375 0.0671875 0.09375
1 0.565625 0.48828125 0.06015625 0.0984375