1 0.18671875 0.01875 0.1234375 0.0375
11 0.22265625 0.803125 0.06484375 0.03125
11 0.146875 0.78046875 0.1078125 0.07734375
11 0.03828125 0.25390625 0.0765625 0.0890625
11 0.0578125 0.321875 0.07265625 0.06796875
1 0.04609375 0.578125 0.04765625 0.05625
1 0.171875 0.5390625 0.05546875 0.053125
9 0.240625 0.37265625 0.0296875 0.0828125
9 0.08984375 0.4375 0.07890625 0.08125
0 0.3921875 0.47265625 0.1140625 0.115625
1 0.06015625 0.96640625 0.1203125 0.0671875
1 0.0265625 0.88359375 0.053125 0.1296875
1 0.16328125 0.91796875 0.14375 0.13515625
9 0.53125 0.225 0.071875 0.03125
9 0.4875 0.33671875 0.015625 0.0953125
4 0.628125 0.70546875 0.20078125 0.25390625
4 0.55546875 0.96953125 0.1515625 0.0609375
10 0.6046875 0.890625 0.07265625 0.0921875
9 0.75703125 0.62109375 0.040625 0.09765625
9 0.959375 0.7296875 0.0296875 0.0796875
9 0.85 0.91953125 0.059375 0.1609375
0 0.7484375 0.7734375 0.03359375 0.20234375
0 0.79765625 0.6734375 0.0609375 0.134375
0 0.97109375 0.82890625 0.0578125 0.1921875