9 0.02890625 0.28359375 0.0578125 0.1015625
10 0.196875 0.2203125 0.08046875 0.07890625
0 0.01875 0.11015625 0.0375 0.1546875
0 0.08046875 0.06328125 0.08671875 0.08203125
0 0.15390625 0.046875 0.0453125 0.09375
0 0.22578125 0.0484375 0.0578125 0.096875
11 0.6390625 0.046875 0.15625 0.09375
0 0.51640625 0.015625 0.0671875 0.03125
9 0.9828125 0.140625 0.034375 0.059375
11 0.0421875 0.52890625 0.075 0.0390625
11 0.01953125 0.71953125 0.0390625 0.1421875
0 0.178125 0.5421875 0.06796875 0.03046875
0 0.17421875 0.515625 0.0453125 0.0125
0 0.078125 0.68125 0.05703125 0.0609375
10 0.46953125 0.56640625 0.1015625 0.05
4 0.4109375 0.69375 0.04375 0.053125
1 0.94765625 0.69765625 0.025 0.046875
1 0.971875 0.58984375 0.025 0.04453125
1 0.984375 0.54453125 0.015625 0.02421875
1 0.9875 0.59140625 0.025 0.0546875
9 0.87890625 0.96640625 0.0609375 0.0671875
9 0.8296875 0.99140625 0.0375 0.0171875
9 0.81015625 0.95390625 0.04765625 0.065625