1 0.3203125 0.434375 0.05625 0.1171875
1 0.090625 0.1828125 0.0671875 0.09375
4 0.86640625 0.0390625 0.0828125 0.078125
9 0.6546875 0.28046875 0.08359375 0.121875
9 0.80859375 0.196875 0.04375 0.08828125
9 0.57265625 0.0859375 0.053125 0.10625
1 0.14375 0.95390625 0.075 0.0921875
9 0.4625 0.68671875 0.08046875 0.06015625
9 0.99140625 0.62734375 0.0171875 0.0515625
9 0.496875 0.80234375 0.08984375 0.1109375
9 0.5671875 0.87578125 0.065625 0.084375
1 0.51875 0.921875 0.0609375 0.07890625
9 0.925 0.7328125 0.05625 0.03125
9 0.85 0.83828125 0.04140625 0.05078125