4 0.4 0.24375 0.0390625 0.1109375
11 0.3859375 0.146875 0.0671875 0.1125
11 0.07265625 0.11171875 0.0703125 0.078125
11 0.2078125 0.2703125 0.07890625 0.078125
11 0.0765625 0.2375 0.06640625 0.1015625
1 0.2265625 0.14140625 0.06171875 0.05390625
1 0.30234375 0.11484375 0.04296875 0.05703125
1 0.071875 0.42265625 0.07578125 0.0875
1 0.22421875 0.5609375 0.06171875 0.0375
11 0.5109375 0.32578125 0.12421875 0.16796875
11 0.61328125 0.55 0.12734375 0.06015625
11 0.71875 0.40703125 0.1140625 0.1375
10 0.62890625 0.33203125 0.10703125 0.1296875
10 0.43828125 0.43515625 0.03671875 0.1140625
9 0.7703125 0.5546875 0.0640625 0.05
9 0.72421875 0.25859375 0.11640625 0.1375
9 0.8671875 0.16640625 0.12734375 0.18671875
9 0.60390625 0.50234375 0.16953125 0.15546875
11 0.9203125 0.5265625 0.159375 0.10703125
11 0.8765625 0.434375 0.246875 0.2625
1 0.696875 0.02578125 0.0734375 0.0515625
1 0.75859375 0.009375 0.08984375 0.01796875
1 0.4640625 0.5484375 0.07109375 0.0625
1 0.5390625 0.56875 0.05 0.021875
10 0.44921875 0.36796875 0.05859375 0.1015625
1 0.53828125 0.25625 0.07265625 0.08515625
1 0.60859375 0.17421875 0.0875 0.08359375
1 0.48515625 0.209375 0.07890625 0.08359375
9 0.165625 0.88359375 0.0734375 0.07890625
9 0.2875 0.9625 0.08828125 0.075
9 0.24140625 0.62734375 0.05625 0.065625
9 0.05 0.8125 0.06484375 0.07890625
9 0.00703125 0.7953125 0.01328125 0.05546875
9 0.01875 0.61328125 0.0375 0.0671875
9 0.13359375 0.965625 0.05390625 0.0625
9 0.13828125 0.99296875 0.0578125 0.0140625
9 0.3046875 0.75859375 0.04453125 0.05
9 0.2703125 0.79453125 0.0515625 0.08046875
1 0.3234375 0.91953125 0.05 0.0484375
1 0.35 0.8015625 0.04453125 0.04453125
1 0.33125 0.6890625 0.0578125 0.0640625
1 0.32109375 0.8453125 0.04453125 0.04609375
1 0.4125 0.90703125 0.01484375 0.05859375
1 0.0234375 0.91875 0.046875 0.05390625
1 0.1515625 0.60390625 0.04765625 0.04765625
1 0.2328125 0.940625 0.04296875 0.04296875
1 0.22734375 0.8453125 0.046875 0.04609375
1 0.0984375 0.5984375 0.0390625 0.0375
1 0.38515625 0.696875 0.0390625 0.06015625
0 0.5984375 0.85625 0.06875 0.06015625
0 0.825 0.803125 0.08359375 0.06953125
0 0.8125 0.72265625 0.07578125 0.06796875
0 0.56328125 0.790625 0.0671875 0.04140625
9 0.90703125 0.8265625 0.07265625 0.06015625