11 0.3921875 0.009375 0.14375 0.01875
11 0.334375 0.009375 0.096875 0.01875
1 0.51796875 0.21875 0.06484375 0.0921875
1 0.37890625 0.38828125 0.0578125 0.0609375
1 0.44609375 0.17421875 0.04765625 0.06875
0 0.65703125 0.01953125 0.1421875 0.0390625
0 0.59921875 0.08828125 0.0796875 0.0796875
0 0.59921875 0.28671875 0.0796875 0.1203125
0 0.3046875 0.83828125 0.07265625 0.05703125
0 0.38046875 0.8703125 0.07890625 0.134375
0 0.51171875 0.64609375 0.0953125 0.0859375
0 0.51796875 0.74765625 0.0828125 0.0546875