0 0.3671875 0.34765625 0.103125 0.134375
0 0.14609375 0.2796875 0.09609375 0.1046875
1 0.515625 0.34296875 0.040625 0.0453125
1 0.4703125 0.3828125 0.04765625 0.0578125
1 0.0796875 0.42421875 0.05859375 0.059375
10 0.95234375 0.02109375 0.059375 0.0421875
10 0.97734375 0.31796875 0.0390625 0.0515625
11 0.896875 0.04765625 0.14375 0.0953125
11 0.91015625 0.1078125 0.12890625 0.10625
1 0.79765625 0.03125 0.05 0.0515625
1 0.82421875 0.09921875 0.06484375 0.075
1 0.90546875 0.16171875 0.04375 0.040625
9 0.3484375 0.809375 0.1609375 0.065625
1 0.54296875 0.61015625 0.05546875 0.034375
1 0.4828125 0.64765625 0.084375 0.0390625
1 0.41640625 0.66640625 0.040625 0.01875
1 0.46015625 0.6890625 0.05 0.0203125
1 0.415625 0.72421875 0.05859375 0.0265625
1 0.38515625 0.7359375 0.0734375 0.0234375
1 0.30390625 0.73828125 0.08671875 0.028125
9 0.46171875 0.81875 0.11640625 0.046875
9 0.303125 0.8453125 0.1125 0.04375
9 0.2578125 0.91796875 0.084375 0.0328125
9 0.1421875 0.90078125 0.121875 0.0421875
9 0.06875 0.875 0.11484375 0.040625
9 0.03046875 0.87734375 0.0609375 0.0421875
9 0.0578125 0.82890625 0.11484375 0.0421875
9 0.171875 0.8390625 0.08828125 0.0390625
9 0.11953125 0.74609375 0.1 0.0421875
9 0.17734375 0.803125 0.1421875 0.05
1 0.2953125 0.56171875 0.08125 0.025
9 0.6328125 0.86796875 0.06796875 0.0703125
1 0.69921875 0.95078125 0.07890625 0.0984375
1 0.63203125 0.96484375 0.06640625 0.0703125
1 0.75859375 0.63984375 0.0609375 0.0796875
1 0.715625 0.58125 0.0625 0.0640625