0 0.36015625 0.0546875 0.0375 0.05078125
0 0.36484375 0.01328125 0.0296875 0.0265625
9 0.1453125 0.3890625 0.0375 0.0390625
9 0.02265625 0.61171875 0.0453125 0.1078125
9 0.296875 0.58125 0.0765625 0.04140625
1 0.3671875 0.57265625 0.025 0.0390625
0 0.2859375 0.61875 0.06640625 0.0484375
4 0.3515625 0.8953125 0.05625 0.046875
9 0.47734375 0.5890625 0.0296875 0.078125
9 0.396875 0.690625 0.034375 0.078125
9 0.6359375 0.78984375 0.02421875 0.09296875
9 0.67109375 0.77734375 0.04453125 0.1046875
1 0.38515625 0.58125 0.0109375 0.0625
1 0.5875 0.8984375 0.04296875 0.065625
1 0.58046875 0.95859375 0.02421875 0.03984375
1 0.609375 0.92578125 0.02109375 0.0421875
1 0.553125 0.66640625 0.0234375 0.034375
1 0.6015625 0.7234375 0.01640625 0.0453125
1 0.51796875 0.95234375 0.02421875 0.06640625
11 0.4515625 0.975 0.065625 0.05
11 0.4453125 0.90546875 0.059375 0.0875
9 0.8765625 0.95703125 0.0515625 0.065625
9 0.90703125 0.7203125 0.040625 0.07890625
9 0.96171875 0.68125 0.0453125 0.08515625
9 0.82578125 0.5828125 0.0390625 0.065625
0 0.9453125 0.84375 0.05078125 0.06328125
0 0.909375 0.8875 0.0453125 0.06015625