9 0.334375 0.21171875 0.0859375 0.115625
9 0.3515625 0.090625 0.05703125 0.07890625
9 0.040625 0.37734375 0.08046875 0.08515625
9 0.09453125 0.0828125 0.1046875 0.1109375
9 0.0234375 0.2421875 0.046875 0.05625
9 0.13671875 0.2515625 0.0765625 0.0671875
5 0.53671875 0.4015625 0.10234375 0.075
5 0.51171875 0.32578125 0.0734375 0.0546875
5 0.62421875 0.33828125 0.0625 0.05
5 0.70703125 0.3390625 0.1171875 0.14140625
5 0.509375 0.25390625 0.1484375 0.10078125
5 0.63671875 0.1640625 0.11171875 0.08046875
5 0.60234375 0.10703125 0.1265625 0.09296875
5 0.6828125 0.034375 0.15390625 0.06875
5 0.7921875 0.1375 0.09140625 0.075
5 0.85 0.209375 0.13203125 0.1125
5 0.89609375 0.2984375 0.2078125 0.175
9 0.09765625 0.8109375 0.03125 0.09453125
0 0.1734375 0.5828125 0.0546875 0.065625
0 0.1390625 0.521875 0.04375 0.0546875
9 0.65859375 0.49140625 0.05859375 0.08828125
9 0.83359375 0.5203125 0.053125 0.1109375
9 0.64921875 0.959375 0.0359375 0.08125
9 0.7078125 0.5859375 0.04609375 0.08046875
9 0.88671875 0.74921875 0.05703125 0.10078125
1 0.87890625 0.5625 0.03828125 0.075
1 0.740625 0.77265625 0.04375 0.08671875
1 0.75390625 0.6578125 0.03671875 0.0546875
1 0.78046875 0.778125 0.03515625 0.08984375
1 0.85 0.7984375 0.03515625 0.075