9 0.0296875 0.1078125 0.059375 0.090625
1 0.98203125 0.0953125 0.0359375 0.05
1 0.9484375 0.16015625 0.03671875 0.05
1 0.9078125 0.271875 0.03828125 0.04140625
1 0.890625 0.3 0.04375 0.04609375
1 0.809375 0.10859375 0.05234375 0.06640625
10 0.76796875 0.1609375 0.025 0.07265625
11 0.334375 0.5390625 0.05 0.184375
11 0.27109375 0.646875 0.1765625 0.19375
1 0.34375 0.87734375 0.03125 0.0265625
9 0.03828125 0.93984375 0.0765625 0.0984375
1 0.303125 0.953125 0.0703125 0.06328125
1 0.3 0.9140625 0.05078125 0.0453125
0 0.52578125 0.4890625 0.1109375 0.13359375