1 0.11953125 0.0546875 0.02421875 0.0765625
9 0.36015625 0.353125 0.03828125 0.0953125
1 0.03828125 0.025 0.0296875 0.05
1 0.1765625 0.08125 0.034375 0.0609375
1 0.3265625 0.02734375 0.03125 0.0546875
1 0.37265625 0.096875 0.0453125 0.05078125
10 0.70390625 0.3421875 0.0453125 0.0953125
10 0.54296875 0.37265625 0.0078125 0.0859375
10 0.81171875 0.4171875 0.0328125 0.025
10 0.80078125 0.38671875 0.03203125 0.05546875
11 0.57734375 0.13125 0.05234375 0.11484375
11 0.6125 0.39609375 0.046875 0.0671875
0 0.6140625 0.1984375 0.0453125 0.09765625
0 0.66875 0.3828125 0.0421875 0.090625
0 0.7140625 0.18359375 0.0453125 0.075
0 0.56171875 0.35078125 0.03203125 0.08359375
1 0.22265625 0.7203125 0.10078125 0.11640625
1 0.02890625 0.4875 0.0578125 0.115625
1 0.01796875 0.6609375 0.0359375 0.103125
1 0.13203125 0.62734375 0.065625 0.084375
5 0.4625 0.64296875 0.153125 0.2796875
5 0.41484375 0.5390625 0.2484375 0.21875
10 0.071875 0.8 0.06875 0.03203125
10 0.08046875 0.8234375 0.0734375 0.07890625
10 0.10234375 0.8890625 0.0734375 0.08984375
11 0.021875 0.803125 0.04375 0.0375
10 0.13984375 0.96484375 0.1109375 0.0703125
10 0.2453125 0.9421875 0.0546875 0.1015625
10 0.20625 0.9703125 0.090625 0.059375
10 0.21640625 0.86640625 0.0796875 0.1
11 0.3109375 0.8828125 0.0765625 0.1296875
0 0.371875 0.928125 0.08515625 0.1109375
0 0.5109375 0.85859375 0.05625 0.0890625
0 0.54921875 0.8625 0.0203125 0.103125
10 0.875 0.68671875 0.05234375 0.1109375