1 0.41875 0.19140625 0.04453125 0.0859375
1 0.45234375 0.22734375 0.0328125 0.06875
1 0.3078125 0.0984375 0.053125 0.059375
1 0.33828125 0.1515625 0.04375 0.0640625
1 0.2875 0.02421875 0.046875 0.0484375
9 0.15390625 0.41640625 0.0296875 0.1046875
9 0.265625 0.2734375 0.05 0.13515625
9 0.48671875 0.12734375 0.0453125 0.0859375
10 0.54921875 0.44453125 0.0640625 0.0484375
10 0.64296875 0.4328125 0.0609375 0.071875
1 0.66328125 0.2953125 0.05234375 0.09921875
1 0.69921875 0.3984375 0.05703125 0.11484375
1 0.621875 0.340625 0.03515625 0.06875
1 0.6296875 0.2203125 0.0328125 0.0796875
1 0.5796875 0.41484375 0.04375 0.10390625
1 0.978125 0.41875 0.04375 0.1
1 0.909375 0.31796875 0.06796875 0.0921875
1 0.96328125 0.409375 0.0734375 0.11875
1 0.9859375 0.31875 0.028125 0.090625
10 0.47578125 0.9734375 0.0671875 0.053125
10 0.2046875 0.6921875 0.075 0.08828125
9 0.31484375 0.59921875 0.0640625 0.0859375
9 0.21875 0.4859375 0.05625 0.034375
10 0.3875 0.63359375 0.03359375 0.06328125
10 0.35234375 0.67265625 0.04375 0.078125
1 0.584375 0.5046875 0.0515625 0.046875
1 0.96953125 0.8390625 0.03984375 0.046875
1 0.89609375 0.84453125 0.04140625 0.04296875
1 0.83125 0.78671875 0.0265625 0.0390625
1 0.93125 0.77578125 0.028125 0.0609375
9 0.978125 0.6140625 0.04375 0.05625
0 0.8453125 0.61796875 0.071875 0.07109375
0 0.88046875 0.765625 0.04375 0.0734375
0 0.97734375 0.74296875 0.0453125 0.0421875