10 0.35625 0.27265625 0.14765625 0.1125
10 0.19296875 0.296875 0.10703125 0.084375
10 0.0484375 0.2265625 0.08984375 0.0203125
5 0.70625 0.040625 0.084375 0.08125
5 0.9359375 0.1015625 0.128125 0.15
5 0.78515625 0.27578125 0.1015625 0.1484375
1 0.37109375 0.48046875 0.0203125 0.06953125
1 0.365625 0.57578125 0.02265625 0.0578125
9 0.06171875 0.8015625 0.1234375 0.075
9 0.08984375 0.94296875 0.07578125 0.06640625
9 0.1375 0.87890625 0.0703125 0.06484375
9 0.16015625 0.97734375 0.0359375 0.0453125
9 0.1 0.7078125 0.09296875 0.075
9 0.38828125 0.975 0.0859375 0.05
9 0.26640625 0.86796875 0.07890625 0.0625
0 0.43515625 0.7640625 0.0671875 0.059375
0 0.2953125 0.7203125 0.16484375 0.09375
10 0.54375 0.4203125 0.06953125 0.08671875
10 0.48671875 0.86875 0.0359375 0.075
10 0.7015625 0.90859375 0.040625 0.08203125