4 0.3484375 0.47265625 0.059375 0.0546875
4 0.07421875 0.0109375 0.0453125 0.021875
11 0.0453125 0.075 0.06640625 0.09140625
11 0.3203125 0.28984375 0.05234375 0.05390625
11 0.44296875 0.3625 0.0140625 0.065625
11 0.0109375 0.434375 0.021875 0.059375
11 0.428125 0.234375 0.04375 0.121875
11 0.21171875 0.48046875 0.0484375 0.0390625
10 0.3890625 0.37109375 0.05859375 0.05859375
1 0.24921875 0.07734375 0.02109375 0.06171875
1 0.23125 0.13671875 0.0265625 0.04609375
1 0.35390625 0.14140625 0.06171875 0.04296875
1 0.1671875 0.2484375 0.02890625 0.04453125
1 0.00546875 0.35390625 0.0109375 0.0328125
1 0.08203125 0.32265625 0.0359375 0.03828125
9 0.04609375 0.48515625 0.0515625 0.0296875
9 0.16484375 0.39140625 0.05 0.06171875
9 0.26953125 0.30859375 0.0640625 0.09765625
9 0.43203125 0.0203125 0.0359375 0.040625
6 0.41015625 0.53125 0.0796875 0.0625
6 0.4375 0.53125 0.025 0.0625
6 0.23984375 0.671875 0.0984375 0.0796875
11 0.3421875 0.7734375 0.10390625 0.053125
11 0.38984375 0.84140625 0.096875 0.05078125
11 0.1828125 0.8328125 0.08125 0.046875
1 0.31484375 0.803125 0.0625 0.03984375
1 0.4359375 0.875 0.028125 0.046875
1 0.4015625 0.90234375 0.07578125 0.03984375
1 0.43359375 0.9390625 0.0328125 0.046875
1 0.36640625 0.95390625 0.065625 0.03203125
9 0.44375 0.8171875 0.0125 0.0625
9 0.22890625 0.8828125 0.06875 0.0453125
4 0.625 0.54296875 0.240625 0.0859375
1 0.984375 0.5296875 0.03125 0.05625
4 0.52578125 0.928125 0.1515625 0.14375
0 0.5640625 0.9890625 0.078125 0.021875
5 0.959375 0.93515625 0.08125 0.1171875
1 0.98359375 0.8484375 0.0328125 0.071875