1 0.1890625 0.1140625 0.040625 0.0546875
1 0.1171875 0.1203125 0.0484375 0.0453125
1 0.03828125 0.15390625 0.06640625 0.08203125
0 0.028125 0.27890625 0.05625 0.1359375
1 0.0125 0.40859375 0.025 0.0859375
1 0.140625 0.428125 0.05703125 0.0921875
1 0.11875 0.71640625 0.0640625 0.08984375
11 0.61875 0.68828125 0.11484375 0.11796875
11 0.48125 0.753125 0.14453125 0.090625
11 0.61328125 0.92109375 0.14296875 0.09375
11 0.39140625 0.5046875 0.12421875 0.1390625
11 0.5453125 0.4140625 0.05 0.109375
11 0.7671875 0.9625 0.1625 0.075
0 0.74765625 0.725 0.08671875 0.08359375
0 0.8390625 0.61875 0.109375 0.0390625
0 0.83984375 0.68125 0.07109375 0.05625
0 0.65078125 0.40859375 0.08671875 0.0921875
0 0.3640625 0.6984375 0.06015625 0.0453125
0 0.4953125 0.9859375 0.10625 0.028125
0 0.43515625 0.9390625 0.09609375 0.0546875
0 0.2578125 0.59765625 0.078125 0.0796875