0 0.08203125 0.26875 0.0421875 0.06171875
0 0.05859375 0.228125 0.06015625 0.12890625
5 0.25 0.05078125 0.15625 0.1015625
5 0.27890625 0.1671875 0.2140625 0.2484375
5 0.31328125 0.3671875 0.1734375 0.275
0 0.15546875 0.5765625 0.0328125 0.06171875
9 0.3734375 0.56953125 0.053125 0.0171875
1 0.95 0.23515625 0.1 0.1484375
1 0.56015625 0.34921875 0.0796875 0.19609375
1 0.93203125 0.4328125 0.096875 0.11328125
1 0.85703125 0.5828125 0.0734375 0.09375
1 0.81484375 0.02109375 0.0765625 0.0421875
5 0.340625 0.81953125 0.11875 0.0984375
5 0.34453125 0.69765625 0.1109375 0.1359375
5 0.228125 0.66796875 0.10625 0.0765625
5 0.25703125 0.7921875 0.09765625 0.1546875
1 0.1609375 0.70234375 0.04375 0.0484375
1 0.0859375 0.65 0.04375 0.040625
1 0.1640625 0.96171875 0.05546875 0.0546875
1 0.28671875 0.98984375 0.0578125 0.0203125
9 0.57109375 0.740625 0.10078125 0.0453125
1 0.8484375 0.98125 0.059375 0.0375