10 0.1515625 0.11015625 0.08125 0.14765625
1 0.0078125 0.28359375 0.015625 0.0609375
1 0.3328125 0.33203125 0.03828125 0.07109375
1 0.3328125 0.19765625 0.0375 0.06875
1 0.3421875 0.10390625 0.02890625 0.0609375
1 0.07890625 0.2625 0.03359375 0.0515625
1 0.1015625 0.209375 0.03828125 0.0671875
1 0.2046875 0.05859375 0.02890625 0.06484375
1 0.20390625 0.1296875 0.02890625 0.07265625
1 0.16171875 0.30078125 0.04453125 0.10078125
1 0.16953125 0.515625 0.0578125 0.028125
1 0.10078125 0.02890625 0.0421875 0.01953125
9 0.24765625 0.07109375 0.0515625 0.1046875
9 0.30625 0.13828125 0.0625 0.12265625
11 0.0984375 0.4921875 0.06875 0.075
9 0.03515625 0.2953125 0.05625 0.10234375
1 0.1671875 0.3875 0.059375 0.11015625
1 0.27578125 0.3265625 0.04140625 0.0671875
11 0.053125 0.46796875 0.0609375 0.090625
9 0.91171875 0.31796875 0.12109375 0.06640625
1 0.7375 0.3875 0.11875 0.10625
1 0.86171875 0.446875 0.12421875 0.07890625
4 0.45390625 0.9 0.09296875 0.12578125
9 0.38359375 0.6453125 0.0484375 0.11875
0 0.37265625 0.7484375 0.0265625 0.08125
1 0.4015625 0.9875 0.06875 0.025
9 0.8125 0.9140625 0.0515625 0.05078125
9 0.85390625 0.88671875 0.065625 0.06640625
9 0.88203125 0.8359375 0.05390625 0.04921875
9 0.63046875 0.6109375 0.03515625 0.0484375
9 0.96171875 0.9578125 0.04375 0.06015625
9 0.8515625 0.70859375 0.14453125 0.18671875
9 0.75234375 0.54609375 0.0546875 0.0328125
9 0.76015625 0.75703125 0.040625 0.053125
1 0.8953125 0.5515625 0.040625 0.04375
1 0.9515625 0.56328125 0.028125 0.0359375
1 0.98359375 0.55546875 0.0125 0.01640625
1 0.846875 0.6828125 0.009375 0.01015625
1 0.7421875 0.65859375 0.0234375 0.02734375
9 0.65703125 0.63671875 0.04296875 0.05546875
9 0.9796875 0.82734375 0.040625 0.0703125
9 0.7 0.721875 0.03359375 0.0421875