11 0.0109375 0.0078125 0.021875 0.015625
11 0.01328125 0.06328125 0.0265625 0.0765625
11 0.05234375 0.01328125 0.0359375 0.0265625
1 0.425 0.01796875 0.05078125 0.0265625
0 0.315625 0.05390625 0.11484375 0.04296875
0 0.46015625 0.00703125 0.0390625 0.0140625
11 0.11328125 0.26171875 0.0578125 0.05
11 0.034375 0.475 0.04921875 0.09765625
10 0.14453125 0.409375 0.02734375 0.08828125
6 0.28203125 0.346875 0.0546875 0.084375
1 0.90078125 0.23203125 0.078125 0.0609375
0 0.71640625 0.2390625 0.08828125 0.11015625
0 0.52734375 0.38203125 0.0953125 0.1359375
0 0.62578125 0.26875 0.0765625 0.0890625
0 0.86796875 0.0921875 0.090625 0.0828125
0 0.84609375 0.190625 0.0640625 0.0546875
3 0.1046875 0.8109375 0.07265625 0.1328125
9 0.0140625 0.93984375 0.028125 0.0921875
2 0.503125 0.79140625 0.046875 0.2265625
0 0.60703125 0.84453125 0.08671875 0.0921875