6 0.5640625 0.375 0.15 0.16875
6 0.29609375 0.20703125 0.03671875 0.17578125
6 0.4203125 0.23359375 0.19609375 0.22890625
6 0.61640625 0.140625 0.0453125 0.13125
9 0.6609375 0.2875 0.04375 0.1
0 0.70390625 0.103125 0.06875 0.0953125
9 0.978125 0.28203125 0.04375 0.0921875
10 0.98984375 0.11484375 0.0203125 0.0828125
9 0.88515625 0.46640625 0.0703125 0.0265625
0 0.7578125 0.45703125 0.05625 0.0453125
1 0.9734375 0.44453125 0.034375 0.0703125
0 0.36953125 0.69921875 0.07265625 0.0546875
1 0.56796875 0.65546875 0.05234375 0.06796875
0 0.21015625 0.9734375 0.0640625 0.053125
10 0.5796875 0.97734375 0.0234375 0.040625
10 0.56484375 0.94609375 0.028125 0.05546875
9 0.4671875 0.9375 0.02421875 0.046875
9 0.553125 0.8203125 0.0234375 0.0453125
1 0.4421875 0.9125 0.02734375 0.0453125
1 0.5109375 0.85078125 0.021875 0.0484375
1 0.5078125 0.753125 0.0234375 0.03125
1 0.4734375 0.79140625 0.028125 0.0421875
1 0.45 0.96015625 0.02890625 0.03984375