9 0.25703125 0.31640625 0.13046875 0.10390625
1 0.12109375 0.49609375 0.0859375 0.0890625
0 0.496875 0.34140625 0.109375 0.090625
1 0.6625 0.01796875 0.025 0.0359375
9 0.83828125 0.01796875 0.0828125 0.0359375
9 0.69453125 0.51484375 0.0765625 0.0734375
1 0.66796875 0.22578125 0.0359375 0.0609375
1 0.6890625 0.446875 0.078125 0.05
0 0.18671875 0.65703125 0.0671875 0.0140625
1 0.4171875 0.67734375 0.046875 0.0546875
9 0.15078125 0.67734375 0.0703125 0.0546875
9 0.28125 0.66875 0.0375 0.0375
9 0.6046875 0.68046875 0.08359375 0.05
9 0.3015625 0.85390625 0.1375 0.1015625
9 0.22109375 0.9734375 0.0890625 0.053125
1 0.40625 0.89453125 0.09296875 0.0609375
10 0.7734375 0.84609375 0.1046875 0.07890625
10 0.9171875 0.6796875 0.084375 0.059375
9 0.79140625 0.72734375 0.08984375 0.08125