9 0.309375 0.390625 0.1609375 0.128125
0 0.52734375 0.2796875 0.08125 0.0796875
0 0.48828125 0.3609375 0.065625 0.03671875
1 0.203125 0.22265625 0.07890625 0.06171875
1 0.26484375 0.25546875 0.0359375 0.0453125
1 0.1890625 0.4828125 0.03359375 0.0890625
9 0.51640625 0.540625 0.0703125 0.0375
9 0.1953125 0.55078125 0.04375 0.0171875
9 0.29765625 0.54765625 0.0578125 0.0234375
9 0.3546875 0.5359375 0.03828125 0.03671875
9 0.88046875 0.1859375 0.05234375 0.09609375
9 0.9328125 0.50859375 0.03125 0.04921875
11 0.9828125 0.5390625 0.034375 0.040625
9 0.49453125 0.9125 0.109375 0.11796875
0 0.7359375 0.79296875 0.0203125 0.040625
0 0.73359375 0.63515625 0.021875 0.05234375
11 0.7296875 0.6953125 0.021875 0.059375
9 0.746875 0.57578125 0.040625 0.0328125
11 0.82890625 0.87890625 0.0828125 0.05078125