0 0.134375 0.03515625 0.109375 0.0703125
0 0.16171875 0.13984375 0.05546875 0.12890625
0 0.034375 0.06328125 0.06875 0.1046875
9 0.36796875 0.12109375 0.10546875 0.090625
1 0.378125 0.2015625 0.09296875 0.096875
1 0.16484375 0.51796875 0.0359375 0.0640625
0 0.4265625 0.38671875 0.046875 0.1234375
9 0.63125 0.2296875 0.0875 0.08515625
9 0.63359375 0.359375 0.0828125 0.1015625
9 0.4984375 0.38359375 0.0828125 0.05703125
10 0.31640625 0.73984375 0.0546875 0.065625
9 0.35703125 0.60703125 0.059375 0.075
9 0.24765625 0.81796875 0.0453125 0.071875
9 0.17421875 0.6140625 0.05 0.08359375
3 0.42109375 0.5984375 0.0578125 0.096875
10 0.27578125 0.7671875 0.053125 0.065625
9 0.36953125 0.834375 0.04140625 0.05
9 0.2515625 0.590625 0.053125 0.071875
9 0.44140625 0.77890625 0.0171875 0.0609375
9 0.19765625 0.76875 0.0578125 0.075
10 0.63125 0.55703125 0.059375 0.0140625
0 0.95546875 0.58671875 0.0890625 0.0734375
5 0.52265625 0.8671875 0.1453125 0.228125
5 0.6203125 0.91328125 0.10625 0.1734375
1 0.9640625 0.9421875 0.05 0.0375
1 0.88828125 0.91875 0.02265625 0.01171875
1 0.903125 0.98125 0.02265625 0.01484375
9 0.95078125 0.82890625 0.05859375 0.0453125