10 0.01484375 0.16640625 0.0296875 0.0640625
10 0.0125 0.084375 0.025 0.084375
1 0.01328125 0.0140625 0.0265625 0.028125
10 0.28828125 0.028125 0.0828125 0.05625
1 0.40390625 0.05234375 0.05703125 0.08046875
9 0.0453125 0.29296875 0.090625 0.1015625
9 0.5 0.39765625 0.078125 0.0609375
10 0.515625 0.47421875 0.046875 0.0453125
10 0.40078125 0.41953125 0.06640625 0.03125
1 0.1515625 0.546875 0.065625 0.03984375
1 0.4890625 0.5203125 0.08125 0.03671875
0 0.54765625 0.4921875 0.0171875 0.121875
0 0.925 0.51328125 0.1046875 0.134375
0 0.96171875 0.32265625 0.0765625 0.1390625
10 0.040625 0.80078125 0.03046875 0.06875
10 0.04921875 0.89375 0.03203125 0.09375
9 0.13671875 0.928125 0.02265625 0.0671875
1 0.15 0.9796875 0.03125 0.040625
1 0.115625 0.81171875 0.02890625 0.065625
1 0.11953125 0.9265625 0.01640625 0.071875
1 0.04609375 0.98046875 0.0234375 0.0390625
1 0.103125 0.98984375 0.01875 0.0203125
1 0.05625 0.759375 0.009375 0.04453125
0 0.51640625 0.92109375 0.0453125 0.1546875