10 0.46328125 0.2578125 0.06640625 0.1296875
1 0.37578125 0.24375 0.02734375 0.08125
1 0.41484375 0.021875 0.0390625 0.04375
9 0.7609375 0.3875 0.08125 0.1328125
0 0.69375 0.25625 0.05 0.11875
11 0.8890625 0.0515625 0.06640625 0.09140625
11 0.85 0.41171875 0.03125 0.06015625
1 0.8453125 0.33125 0.02109375 0.0328125
1 0.92578125 0.29921875 0.0359375 0.03828125
9 0.88984375 0.478125 0.0515625 0.0625
9 0.99140625 0.3671875 0.0171875 0.0625
1 0.021875 0.71015625 0.04375 0.0546875
0 0.03515625 0.55078125 0.0703125 0.0828125
0 0.075 0.6890625 0.0484375 0.09609375
1 0.31328125 0.54453125 0.0515625 0.05703125
1 0.2359375 0.5828125 0.0484375 0.04921875
1 0.203125 0.5484375 0.04453125 0.04375
1 0.01875 0.9796875 0.0375 0.040625
10 0.12734375 0.97421875 0.0578125 0.0515625
10 0.5453125 0.87265625 0.0859375 0.10234375
10 0.11875 0.84609375 0.03828125 0.11875
10 0.48671875 0.8546875 0.0875 0.1171875
1 0.46171875 0.96875 0.0640625 0.0625
1 0.4078125 0.975 0.053125 0.05
1 0.303125 0.91796875 0.0671875 0.10390625
1 0.26796875 0.80078125 0.1140625 0.1265625
11 0.6953125 0.52421875 0.040625 0.0296875
1 0.6890625 0.6078125 0.040625 0.065625
10 0.97421875 0.53125 0.04609375 0.02890625
9 0.91171875 0.915625 0.03515625 0.0625
9 0.978125 0.91328125 0.04375 0.0953125