1 0.03671875 0.478125 0.0734375 0.0625
1 0.1671875 0.40703125 0.090625 0.08125
1 0.09609375 0.35859375 0.08515625 0.0859375
1 0.01484375 0.29296875 0.0296875 0.0703125
1 0.04140625 0.23046875 0.07421875 0.040625
1 0.175 0.23125 0.09453125 0.10234375
1 0.28125 0.1671875 0.0796875 0.046875
1 0.45 0.40625 0.078125 0.09375
1 0.40859375 0.35625 0.06640625 0.071875
1 0.44296875 0.246875 0.0921875 0.128125
10 0.37734375 0.328125 0.02421875 0.08828125
1 0.64453125 0.0484375 0.065625 0.0703125
1 0.72109375 0.0421875 0.0484375 0.0609375
11 0.93125 0.07109375 0.06171875 0.08203125
11 0.8171875 0.0875 0.03984375 0.0515625
11 0.71171875 0.18125 0.04609375 0.065625
11 0.875 0.17578125 0.06796875 0.0578125
0 0.77265625 0.07109375 0.059375 0.07421875
1 0.82734375 0.00546875 0.0296875 0.0109375
1 0.83046875 0.04765625 0.04453125 0.04140625
11 0.57578125 0.37421875 0.053125 0.11875
9 0.7328125 0.3734375 0.0359375 0.09921875
10 0.66171875 0.42421875 0.0578125 0.06875
10 0.62734375 0.29375 0.05234375 0.07578125
0 0.92578125 0.33125 0.0640625 0.10625
1 0.4 0.6265625 0.05390625 0.065625
1 0.14375 0.74921875 0.0453125 0.0828125
1 0.315625 0.896875 0.04375 0.0625
1 0.06484375 0.91015625 0.03671875 0.046875
1 0.01328125 0.78828125 0.0265625 0.0609375
1 0.453125 0.76484375 0.05546875 0.05703125
9 0.6171875 0.546875 0.1 0.075
9 0.7 0.7984375 0.0796875 0.11328125
1 0.578125 0.96484375 0.075 0.0703125
1 0.640625 0.60078125 0.1046875 0.05546875
1 0.8078125 0.7828125 0.078125 0.103125