11 0.24609375 0.03671875 0.0921875 0.0734375
10 0.0203125 0.31171875 0.040625 0.1046875
10 0.021875 0.0484375 0.04375 0.071875
10 0.096875 0.02578125 0.071875 0.0515625
9 0.10625 0.22890625 0.10625 0.08515625
9 0.21171875 0.56328125 0.13515625 0.1828125
1 0.04375 0.54921875 0.05546875 0.0859375
1 0.19765625 0.38828125 0.0796875 0.0390625
1 0.2015625 0.70234375 0.12734375 0.0859375
11 0.30234375 0.58046875 0.0546875 0.0953125
9 0.2984375 0.40546875 0.0625 0.0734375
1 0.28203125 0.796875 0.05234375 0.028125
1 0.23125 0.8296875 0.0703125 0.03515625
1 0.2578125 0.97734375 0.05078125 0.02578125
1 0.1828125 0.98671875 0.02109375 0.009375
1 0.21171875 0.9484375 0.02265625 0.009375
9 0.9375 0.44296875 0.053125 0.01328125
11 0.47109375 0.521875 0.08515625 0.07265625
11 0.37890625 0.5703125 0.078125 0.07265625
11 0.51640625 0.684375 0.06796875 0.0703125
1 0.4609375 0.571875 0.0515625 0.05625
1 0.3375 0.6328125 0.015625 0.05625
9 0.353125 0.48671875 0.046875 0.0765625
9 0.4421875 0.7140625 0.05625 0.06640625
1 0.796875 0.71484375 0.1046875 0.09296875
1 0.7890625 0.5234375 0.125 0.11484375