9 0.05390625 0.2265625 0.1078125 0.1125
0 0.025 0.53671875 0.05 0.2046875
1 0.8890625 0.59375 0.084375 0.06953125
1 0.6453125 0.2578125 0.0609375 0.05234375
1 0.7453125 0.20234375 0.02890625 0.01640625
1 0.75390625 0.30546875 0.02890625 0.02109375
0 0.3703125 0.20625 0.0625 0.084375
0 0.45625 0.22265625 0.078125 0.0859375
0 0.45 0.13359375 0.125 0.07578125
9 0.6078125 0.07734375 0.06796875 0.0640625
0 0.15546875 0.78671875 0.07265625 0.0546875
1 0.3328125 0.7421875 0.0125 0.06875
9 0.3328125 0.90703125 0.0125 0.0453125
1 0.22734375 0.98828125 0.0265625 0.0234375
1 0.296875 0.93828125 0.021875 0.0484375
1 0.29375 0.840625 0.0234375 0.03125
1 0.259375 0.87890625 0.028125 0.0421875
10 0.75625 0.8984375 0.04140625 0.0109375
9 0.70234375 0.728125 0.03828125 0.06171875
9 0.52421875 0.64453125 0.0265625 0.0109375
9 0.4765625 0.67734375 0.0390625 0.05546875
9 0.6484375 0.6546875 0.034375 0.03125
9 0.4515625 0.646875 0.0375 0.015625
10 0.8828125 0.8828125 0.02890625 0.04296875
9 0.60859375 0.96953125 0.0859375 0.0609375
0 0.78359375 0.9515625 0.0703125 0.096875