5 0.02734375 0.0359375 0.0546875 0.071875
5 0.21171875 0.0328125 0.0921875 0.065625
9 0.40234375 0.0359375 0.0734375 0.071875
1 0.06953125 0.16640625 0.075 0.0765625
9 0.1515625 0.4265625 0.14375 0.084375
1 0.25703125 0.221875 0.0375 0.06875
1 0.06640625 0.2390625 0.034375 0.04453125
1 0.01875 0.2390625 0.0375 0.046875
11 0.384375 0.553125 0.103125 0.125
0 0.3875 0.89296875 0.103125 0.1390625
9 0.721875 0.609375 0.07421875 0.0765625
9 0.9546875 0.81484375 0.090625 0.1828125
10 0.9875 0.925 0.025 0.06875
1 0.803125 0.93828125 0.05703125 0.04453125
0 0.68125 0.703125 0.16328125 0.18515625
9 0.97421875 0.9796875 0.0515625 0.040625