1 0.39453125 0.096875 0.08671875 0.0703125
9 0.22109375 0.01875 0.1328125 0.0375
9 0.4828125 0.38828125 0.034375 0.1203125
9 0.2875 0.4390625 0.1046875 0.0703125
1 0.403125 0.1765625 0.0375 0.04453125
1 0.33515625 0.18828125 0.0578125 0.0421875
0 0.6703125 0.6234375 0.103125 0.053125
0 0.77265625 0.484375 0.1203125 0.1328125
0 0.98671875 0.60546875 0.0265625 0.0890625
0 0.85234375 0.39921875 0.07890625 0.08828125
0 0.878125 0.55625 0.0875 0.11015625
0 0.73125 0.6015625 0.0859375 0.08984375
1 0.3859375 0.93515625 0.0734375 0.0640625
1 0.31015625 0.91484375 0.05625 0.05390625
1 0.328125 0.865625 0.0609375 0.05
11 0.32421875 0.76796875 0.0609375 0.06015625
11 0.09296875 0.89140625 0.07109375 0.07109375
11 0.2328125 0.7921875 0.0625 0.0734375
11 0.20546875 0.928125 0.04609375 0.0453125
11 0.1328125 0.978125 0.075 0.04375
10 0.40546875 0.71015625 0.0546875 0.0625
0 0.46640625 0.88828125 0.0671875 0.0578125
0 0.34296875 0.81640625 0.14375 0.08359375
0 0.253125 0.925 0.0671875 0.06484375
1 0.2109375 0.85 0.03515625 0.0390625
1 0.1984375 0.89453125 0.05 0.0390625
1 0.42578125 0.74453125 0.0375 0.03515625
1 0.98203125 0.88359375 0.0359375 0.1046875
1 0.70703125 0.97421875 0.0765625 0.0515625
1 0.5921875 0.8 0.040625 0.07109375
1 0.9234375 0.8265625 0.065625 0.08671875