1 0.16640625 0.1296875 0.3140625 0.1984375
1 0.02578125 0.1171875 0.0515625 0.221875
5 0.02890625 0.32578125 0.0578125 0.0890625
5 0.17890625 0.3671875 0.09921875 0.0859375
5 0.0703125 0.43125 0.08984375 0.1109375
5 0.1578125 0.5390625 0.05625 0.059375
5 0.090625 0.5421875 0.065625 0.053125
1 0.00859375 0.4578125 0.0171875 0.040625
1 0.03984375 0.5359375 0.0265625 0.04140625
1 0.15546875 0.4765625 0.04296875 0.04140625
5 0.0125 0.40859375 0.025 0.0796875
5 0.17734375 0.45703125 0.1078125 0.084375
1 0.00390625 0.4796875 0.0078125 0.046875
10 0.76796875 0.3609375 0.084375 0.08984375
0 0.6640625 0.3171875 0.10703125 0.0640625
0 0.65078125 0.48828125 0.065625 0.125
1 0.18984375 0.5921875 0.0421875 0.046875
10 0.58125 0.978125 0.075 0.04375
10 0.54296875 0.92421875 0.07265625 0.08203125
10 0.6453125 0.90546875 0.09296875 0.0703125
10 0.39296875 0.76171875 0.0671875 0.0890625
11 0.66484375 0.7421875 0.06875 0.096875
1 0.6875 0.65234375 0.02421875 0.11015625
1 0.52109375 0.61875 0.0953125 0.07734375
1 0.63125 0.63203125 0.10703125 0.0921875
1 0.95390625 0.8515625 0.05390625 0.05078125
1 0.9875 0.678125 0.025 0.046875