9 0.44453125 0.09765625 0.05859375 0.0609375
0 0.38046875 0.3453125 0.0453125 0.03515625
0 0.3359375 0.3234375 0.05234375 0.08359375
0 0.24296875 0.45703125 0.06796875 0.05546875
0 0.24375 0.39453125 0.0609375 0.03671875
1 0.7390625 0.425 0.04140625 0.0625
10 0.85546875 0.490625 0.0328125 0.04375
10 0.86015625 0.43203125 0.0390625 0.0578125
10 0.953125 0.12421875 0.02265625 0.05078125
10 0.82109375 0.58984375 0.0328125 0.03828125
10 0.77734375 0.434375 0.03828125 0.046875
9 0.6125 0.57421875 0.0265625 0.06640625
11 0.93203125 0.48046875 0.09296875 0.06484375
11 0.6765625 0.484375 0.0640625 0.0921875
11 0.8265625 0.38203125 0.1 0.09921875
11 0.93984375 0.36328125 0.0453125 0.05390625
11 0.853125 0.3109375 0.090625 0.08203125
10 0.82421875 0.4796875 0.03125 0.0453125
1 0.7546875 0.3359375 0.0328125 0.0453125
1 0.790625 0.278125 0.04140625 0.06953125
1 0.86328125 0.253125 0.0296875 0.0328125
1 0.98671875 0.3640625 0.0265625 0.05390625
1 0.9921875 0.27578125 0.015625 0.0359375
1 0.6234375 0.41875 0.021875 0.0328125
1 0.6671875 0.415625 0.01640625 0.04375
1 0.68515625 0.38125 0.01328125 0.02421875
0 0.45625 0.95546875 0.0765625 0.0890625
5 0.81484375 0.70078125 0.06015625 0.13984375
5 0.9171875 0.81484375 0.12734375 0.12890625
5 0.73515625 0.94140625 0.06484375 0.1046875
5 0.6234375 0.63984375 0.0484375 0.0609375