1 0.19140625 0.259375 0.11953125 0.12890625
1 0.55234375 0.2984375 0.03515625 0.05078125
12 0.8671875 0.3109375 0.265625 0.315625
11 0.03515625 0.6046875 0.0703125 0.05
11 0.053125 0.6453125 0.096875 0.04453125
0 0.23359375 0.578125 0.0875 0.04296875
0 0.11171875 0.53828125 0.08359375 0.03984375
0 0.04140625 0.47890625 0.0828125 0.0203125
9 0.43203125 0.628125 0.05234375 0.0578125
11 0.41171875 0.6796875 0.1140625 0.0625
11 0.3328125 0.5453125 0.05 0.0609375
10 0.31171875 0.61953125 0.02578125 0.0640625
9 0.346875 0.50078125 0.0515625 0.0578125
9 0.3046875 0.565625 0.0109375 0.059375
11 0.10703125 0.92578125 0.07265625 0.0828125
11 0.0546875 0.984375 0.096875 0.03125
11 0.21640625 0.93046875 0.1078125 0.10078125
11 0.03125 0.89453125 0.0625 0.0890625
10 0.140625 0.96875 0.05625 0.0625
9 0.40625 0.73203125 0.05234375 0.04296875
9 0.409375 0.96171875 0.06875 0.0765625
10 0.4453125 0.89765625 0.046875 0.0546875
10 0.3453125 0.92890625 0.04609375 0.05625
10 0.31015625 0.73125 0.02265625 0.04140625
11 0.30546875 0.86015625 0.01328125 0.1234375
1 0.73828125 0.6296875 0.03125 0.0546875
1 0.865625 0.7671875 0.05390625 0.065625
1 0.609375 0.88984375 0.0453125 0.0828125
1 0.48046875 0.92890625 0.0234375 0.0609375
1 0.91875 0.90546875 0.05546875 0.05703125