1 0.165625 0.440625 0.06171875 0.07421875
11 0.05703125 0.17109375 0.06796875 0.11875
11 0.05546875 0.33984375 0.1109375 0.08203125
11 0.3921875 0.41953125 0.0953125 0.0984375
9 0.03125 0.446875 0.0625 0.084375
9 0.25625 0.15625 0.04609375 0.1
10 0.16953125 0.2140625 0.07421875 0.06875
10 0.1171875 0.0828125 0.06640625 0.08203125
9 0.56875 0.21640625 0.06171875 0.0640625
9 0.853125 0.41484375 0.07265625 0.053125
1 0.60625 0.01015625 0.025 0.0203125
1 0.54453125 0.07578125 0.03828125 0.0671875
1 0.71953125 0.39453125 0.05546875 0.0515625
10 0.271875 0.70234375 0.05703125 0.053125
4 0.20859375 0.5859375 0.08125 0.1
0 0.20703125 0.74921875 0.1125 0.14609375
1 0.06015625 0.73203125 0.0796875 0.053125
1 0.0671875 0.59609375 0.06953125 0.05625
1 0.0703125 0.6421875 0.05078125 0.03984375
9 0.3140625 0.9765625 0.06171875 0.046875
9 0.125 0.94296875 0.075 0.07109375
1 0.06484375 0.8515625 0.06328125 0.06875
6 0.521875 0.60859375 0.07265625 0.109375
6 0.59921875 0.65703125 0.06953125 0.0984375
6 0.79609375 0.68984375 0.08125 0.0984375
6 0.74140625 0.67265625 0.05859375 0.08203125
6 0.65546875 0.815625 0.09375 0.1015625