0 0.46796875 0.1609375 0.065625 0.14921875
0 0.16484375 0.0421875 0.1015625 0.084375
0 0.41171875 0.47265625 0.10078125 0.11796875
0 0.03125 0.409375 0.040625 0.0765625
9 0.2671875 0.29140625 0.11328125 0.11171875
9 0.12578125 0.31875 0.10234375 0.1078125
9 0.346875 0.22890625 0.0921875 0.11171875
9 0.2234375 0.12421875 0.04453125 0.07421875
9 0.0078125 0.6671875 0.015625 0.090625
9 0.2109375 0.8765625 0.06015625 0.09375
1 0.11640625 0.590625 0.0421875 0.04375
1 0.0453125 0.734375 0.0265625 0.0453125
9 0.03203125 0.9765625 0.0640625 0.046875