10 0.2265625 0.0265625 0.02734375 0.05234375
10 0.04296875 0.309375 0.0375 0.075
10 0.20234375 0.42734375 0.0359375 0.10234375
10 0.2734375 0.43046875 0.02734375 0.07890625
11 0.33203125 0.3484375 0.0640625 0.125
1 0.22265625 0.315625 0.03515625 0.0703125
10 0.90234375 0.45078125 0.10625 0.17265625
10 0.72578125 0.3296875 0.07265625 0.1234375
1 0.2671875 0.7796875 0.1015625 0.07734375
1 0.253125 0.84296875 0.09140625 0.0484375
1 0.16953125 0.9203125 0.07734375 0.06640625
1 0.18515625 0.8140625 0.09375 0.06640625
10 0.0703125 0.8984375 0.06484375 0.0546875
8 0.3984375 0.796875 0.09375 0.05859375
1 0.7734375 0.67265625 0.12890625 0.0453125
1 0.7765625 0.8453125 0.075 0.0828125
0 0.9140625 0.8265625 0.14765625 0.18515625