5 0.0328125 0.19453125 0.02890625 0.1359375
10 0.35546875 0.12109375 0.0890625 0.12734375
10 0.27890625 0.228125 0.06484375 0.08671875
10 0.39375 0.2578125 0.04921875 0.0265625
10 0.16953125 0.2109375 0.0546875 0.0953125
9 0.06484375 0.11171875 0.0359375 0.134375
9 0.27734375 0.58671875 0.09296875 0.0515625
9 0.36796875 0.5015625 0.084375 0.04609375
0 0.1828125 0.46328125 0.08984375 0.04609375
0 0.3125 0.41953125 0.1703125 0.07421875
9 0.7078125 0.04296875 0.0875 0.0859375
0 0.53203125 0.02890625 0.0640625 0.0578125
9 0.51953125 0.3625 0.0390625 0.075
9 0.9578125 0.4390625 0.084375 0.1625
1 0.77421875 0.6 0.0578125 0.0375
1 0.5734375 0.50390625 0.04765625 0.06328125
9 0.4671875 0.7 0.065625 0.1625
1 0.221875 0.8484375 0.07890625 0.10390625
1 0.0046875 0.65390625 0.009375 0.0703125