9 0.19765625 0.2828125 0.03515625 0.0984375
10 0.159375 0.0984375 0.046875 0.0609375
10 0.26328125 0.33828125 0.0546875 0.0671875
10 0.28515625 0.20703125 0.0109375 0.08203125
0 0.01875 0.22734375 0.0375 0.1046875
0 0.0140625 0.4515625 0.028125 0.028125
4 0.46015625 0.165625 0.10859375 0.14609375
1 0.50546875 0.28125 0.04609375 0.0671875
0 0.434375 0.31953125 0.0421875 0.0984375
1 0.87421875 0.22265625 0.0625 0.02890625
1 0.8421875 0.1234375 0.05859375 0.084375
1 0.92734375 0.0375 0.0453125 0.075
1 0.6125 0.13671875 0.04296875 0.05703125
1 0.57890625 0.1859375 0.0484375 0.07265625
1 0.7609375 0.07421875 0.05234375 0.07734375
1 0.72265625 0.13046875 0.05078125 0.0703125
1 0.628125 0.0390625 0.05234375 0.06875
1 0.5609375 0.09453125 0.04375 0.0640625
1 0.925 0.12109375 0.05078125 0.0671875
1 0.6828125 0.05625 0.05078125 0.06875
1 0.80078125 0.0828125 0.05078125 0.065625
1 0.7796875 0.01875 0.046875 0.0375
1 0.73671875 0.02109375 0.0734375 0.0421875
1 0.9796875 0.2453125 0.040625 0.01875
0 0.01015625 0.7390625 0.0203125 0.053125
0 0.10625 0.89765625 0.0453125 0.053125
0 0.25234375 0.88671875 0.071875 0.07109375