11 0.2078125 0.25625 0.125 0.128125
11 0.14140625 0.03359375 0.1265625 0.0671875
11 0.31875 0.065625 0.115625 0.13125
10 0.29375 0.184375 0.10703125 0.13046875
10 0.06796875 0.26640625 0.0984375 0.10859375
9 0.40859375 0.16953125 0.11796875 0.1390625
9 0.5265625 0.13203125 0.04453125 0.1875
9 0.16015625 0.07890625 0.1703125 0.1578125
1 0.03828125 0.1359375 0.07109375 0.08046875
1 0.0765625 0.0546875 0.05 0.06640625
10 0.1265625 0.284375 0.0859375 0.07265625
1 0.26953125 0.29296875 0.0734375 0.05390625
1 0.3703125 0.2984375 0.0875 0.04453125
4 0.6109375 0.03046875 0.078125 0.0609375
1 0.68984375 0.02265625 0.0609375 0.0453125
1 0.7796875 0.09453125 0.05625 0.07890625
0 0.703125 0.3203125 0.0875 0.078125
1 0.746875 0.20703125 0.09453125 0.11484375
10 0.87109375 0.05390625 0.04765625 0.0515625
10 0.91953125 0.1671875 0.053125 0.05703125
9 0.9421875 0.12109375 0.0703125 0.06328125
9 0.21796875 0.8859375 0.08046875 0.1140625
9 0.05 0.909375 0.06484375 0.06640625
1 0.1171875 0.8859375 0.025 0.06796875
1 0.13984375 0.82265625 0.03671875 0.0640625
1 0.2203125 0.640625 0.05234375 0.08671875
1 0.2734375 0.59140625 0.03359375 0.0765625
1 0.31328125 0.78125 0.02109375 0.0765625
1 0.28046875 0.790625 0.03359375 0.0515625
1 0.28125 0.3859375 0.04375 0.053125
1 0.146875 0.74921875 0.03828125 0.07890625
1 0.6203125 0.7140625 0.04921875 0.09140625
1 0.49921875 0.396875 0.03203125 0.04765625
5 0.54453125 0.990625 0.0734375 0.01875
11 0.89140625 0.41796875 0.1296875 0.1171875
11 0.94375 0.72109375 0.11171875 0.13203125
9 0.865625 0.84140625 0.1046875 0.084375
9 0.75 0.90625 0.096875 0.05234375
10 0.775 0.56640625 0.0703125 0.109375
0 0.94375 0.9859375 0.071875 0.028125