10 0.28046875 0.37265625 0.06484375 0.0875
9 0.06640625 0.39609375 0.0703125 0.0453125
9 0.19453125 0.4 0.0640625 0.0375
1 0.50859375 0.33984375 0.01796875 0.0359375
10 0.59921875 0.303125 0.084375 0.08984375
9 0.56171875 0.5328125 0.0234375 0.053125
10 0.9859375 0.48046875 0.0265625 0.05078125
10 0.9453125 0.47265625 0.03203125 0.05078125
11 0.75 0.4359375 0.125 0.034375
10 0.6703125 0.78359375 0.0171875 0.059375
1 0.84296875 0.65703125 0.0546875 0.04609375
1 0.77578125 0.9875 0.0484375 0.025
0 0.95546875 0.76328125 0.0890625 0.0640625