1 0.221875 0.1171875 0.0484375 0.05546875
10 0.3875 0.07890625 0.07578125 0.04296875
9 0.3703125 0.03671875 0.05703125 0.03203125
9 0.275 0.1296875 0.05859375 0.04453125
9 0.515625 0.0859375 0.0875 0.071875
1 0.3109375 0.059375 0.07421875 0.0390625
1 0.39375 0.00859375 0.0625 0.0171875
0 0.39453125 0.23984375 0.1171875 0.06015625
9 0.53984375 0.0328125 0.0390625 0.065625
9 0.4328125 0.034375 0.07734375 0.04765625
5 0.36875 0.40390625 0.11171875 0.0265625
9 0.64296875 0.6171875 0.12890625 0.1765625
1 0.690625 0.81875 0.0703125 0.1109375
1 0.66875 0.93125 0.05234375 0.0578125
1 0.959375 0.8984375 0.05078125 0.078125
1 0.7859375 0.8375 0.034375 0.0734375
1 0.8390625 0.7015625 0.07421875 0.0984375