9 0.1125 0.36171875 0.08125 0.1140625
10 0.23984375 0.009375 0.0671875 0.01875
1 0.34765625 0.3953125 0.0578125 0.046875
1 0.0625 0.12265625 0.0203125 0.04921875
0 0.2734375 0.15078125 0.0625 0.07890625
0 0.334375 0.14765625 0.07109375 0.11171875
0 0.33671875 0.01328125 0.1171875 0.0265625
0 0.3890625 0.24453125 0.08125 0.1328125
0 0.04921875 0.25234375 0.0984375 0.1734375
0 0.1296875 0.05234375 0.16875 0.1046875
1 0.015625 0.44375 0.028125 0.05
4 0.3578125 0.45546875 0.03203125 0.0640625
0 0.12734375 0.628125 0.03359375 0.0796875
1 0.04921875 0.98515625 0.0515625 0.0296875
9 0.56171875 0.7328125 0.0875 0.08046875
10 0.82265625 0.59140625 0.05859375 0.071875
10 0.8890625 0.54921875 0.0265625 0.1078125
10 0.81640625 0.740625 0.07734375 0.06953125
10 0.46484375 0.4859375 0.05859375 0.05859375
10 0.61171875 0.8875 0.06015625 0.0671875
3 0.43984375 0.55546875 0.0203125 0.0765625
3 0.60390625 0.63203125 0.10234375 0.11171875