6 0.20078125 0.2 0.13984375 0.16328125
6 0.184375 0.3546875 0.0640625 0.07265625
6 0.5625 0.13125 0.109375 0.1765625
6 0.4390625 0.2953125 0.08046875 0.0828125
6 0.36171875 0.16015625 0.078125 0.07265625
3 0.3484375 0.0359375 0.1 0.071875
9 0.90390625 0.3640625 0.11484375 0.115625
1 0.08984375 0.7 0.02421875 0.0765625
9 0.3296875 0.975 0.0375 0.05
1 0.01171875 0.64765625 0.0234375 0.0953125
1 0.146875 0.7265625 0.034375 0.0609375
1 0.29765625 0.66640625 0.03203125 0.06875
1 0.34296875 0.7421875 0.0453125 0.05078125
0 0.671875 0.778125 0.065625 0.109375
0 0.7453125 0.61875 0.11015625 0.18203125
0 0.78359375 0.821875 0.0546875 0.0953125
0 0.6796875 0.6109375 0.06875 0.09140625
12 0.9234375 0.63046875 0.07890625 0.06328125
12 0.975 0.71171875 0.05 0.0734375
12 0.97890625 0.62734375 0.03984375 0.03671875
12 0.9546875 0.56484375 0.05 0.03984375
1 0.6765625 0.98359375 0.075 0.0328125