1 0.25625 0.1734375 0.0484375 0.0640625
1 0.16171875 0.38203125 0.06015625 0.0921875
1 0.58984375 0.2609375 0.04140625 0.07265625
1 0.82265625 0.321875 0.09140625 0.159375
1 0.4421875 0.2328125 0.04453125 0.09765625
1 0.4296875 0.578125 0.06015625 0.121875
1 0.2765625 0.6125 0.04609375 0.08828125
1 0.66484375 0.2125 0.0296875 0.078125
1 0.5796875 0.39296875 0.0328125 0.0640625
1 0.3328125 0.1515625 0.03984375 0.0828125
1 0.353125 0.2109375 0.0515625 0.04921875
1 0.246875 0.3421875 0.0546875 0.07578125