12 0.1890625 0.14453125 0.31875 0.2890625
10 0.66640625 0.01484375 0.0484375 0.0296875
10 0.57265625 0.01484375 0.0421875 0.0296875
10 0.46640625 0.01484375 0.0453125 0.0296875
1 0.58515625 0.28203125 0.0609375 0.0140625
1 0.61015625 0.2453125 0.05390625 0.05234375
1 0.4734375 0.20546875 0.10546875 0.0984375
1 0.50859375 0.13671875 0.07421875 0.0640625
1 0.578125 0.08984375 0.09609375 0.0734375
1 0.74375 0.2375 0.115625 0.103125
1 0.734375 0.18984375 0.1578125 0.10078125
1 0.67890625 0.10625 0.0734375 0.0640625
1 0.62578125 0.18125 0.05390625 0.0453125
1 0.5546875 0.1765625 0.04609375 0.04765625
1 0.890625 0.215625 0.0515625 0.05
9 0.653125 0.57734375 0.1484375 0.25546875