1 0.0078125 0.27109375 0.015625 0.0765625
1 0.08515625 0.1328125 0.025 0.05390625
1 0.41015625 0.1375 0.04921875 0.0296875
1 0.1734375 0.08046875 0.0703125 0.04140625
1 0.45703125 0.171875 0.02265625 0.01015625
1 0.48828125 0.128125 0.02265625 0.0125
0 0.225 0.1328125 0.07265625 0.0453125
0 0.2875 0.1359375 0.0703125 0.0453125
0 0.26171875 0.1734375 0.0953125 0.0453125
9 0.3421875 0.21328125 0.0578125 0.034375
9 0.72109375 0.26640625 0.1390625 0.0859375
9 0.96796875 0.25703125 0.0640625 0.0859375
9 0.5953125 0.2140625 0.10625 0.09296875
9 0.63671875 0.29609375 0.0640625 0.0265625
9 0.696875 0.17890625 0.1 0.08125
9 0.92578125 0.24375 0.09453125 0.09296875
1 0.83046875 0.22109375 0.0875 0.08125
1 0.82265625 0.0859375 0.05859375 0.065625
1 0.87890625 0.0515625 0.0515625 0.05078125
1 0.75390625 0.30078125 0.0484375 0.0171875
9 0.54375 0.0484375 0.05 0.04453125
9 0.7453125 0.13515625 0.07734375 0.065625
9 0.6828125 0.1328125 0.0703125 0.0640625
9 0.89453125 0.16953125 0.06328125 0.0546875
9 0.8390625 0.12421875 0.06171875 0.0546875
1 0.97578125 0.1359375 0.0484375 0.065625
1 0.68828125 0.04921875 0.06015625 0.04609375
1 0.76640625 0.08359375 0.0546875 0.05078125
1 0.75078125 0.20625 0.07421875 0.0671875
1 0.6171875 0.14140625 0.04609375 0.03984375
1 0.6421875 0.1125 0.0515625 0.04921875
1 0.55625 0.0671875 0.05 0.04140625
1 0.959375 0.28828125 0.059375 0.0421875