2 0.50546875 0.4578125 0.0671875 0.11875
2 0.3921875 0.5234375 0.14453125 0.090625
2 0.30234375 0.275 0.12421875 0.1390625
2 0.45703125 0.12578125 0.05 0.2265625
10 0.0734375 0.2640625 0.09296875 0.08046875
10 0.40390625 0.0984375 0.05625 0.07890625
0 0.528125 0.17890625 0.021875 0.0921875
0 0.275 0.46875 0.06015625 0.0453125
0 0.13046875 0.36875 0.15625 0.08046875
1 0.190625 0.8171875 0.0671875 0.0921875
1 0.47890625 0.75625 0.0640625 0.0765625
1 0.5140625 0.96171875 0.05 0.0765625
1 0.36640625 0.846875 0.04140625 0.05703125
9 0.97109375 0.75234375 0.0578125 0.0796875
10 0.58515625 0.85390625 0.0625 0.06796875
10 0.921875 0.81171875 0.12265625 0.03984375