1 0.3296875 0.15703125 0.0734375 0.0640625
1 0.25390625 0.13671875 0.05625 0.05390625
1 0.271875 0.0875 0.0609375 0.05
11 0.26796875 0.009375 0.0609375 0.01875
11 0.03671875 0.11328125 0.07109375 0.07109375
11 0.1765625 0.025 0.0625 0.05
11 0.14921875 0.15 0.04609375 0.0453125
11 0.0765625 0.2015625 0.075 0.04609375
0 0.4109375 0.1109375 0.0671875 0.05859375
0 0.2859375 0.03984375 0.14375 0.0796875
0 0.196875 0.146875 0.0671875 0.06484375
1 0.1546875 0.071875 0.03515625 0.0390625
1 0.1421875 0.11640625 0.05 0.0390625
0 0.453125 0.28046875 0.0875 0.0390625
4 0.8078125 0.29140625 0.053125 0.0171875
1 0.621875 0.33984375 0.04375 0.0296875
1 0.64921875 0.353125 0.03515625 0.03828125
1 0.57734375 0.34453125 0.03515625 0.0296875
1 0.52109375 0.34765625 0.0359375 0.0265625
1 0.478125 0.38515625 0.02265625 0.02265625
1 0.5546875 0.38359375 0.028125 0.03515625
9 0.6125 0.46796875 0.05078125 0.03671875
0 0.50546875 0.478125 0.06171875 0.0453125
0 0.5171875 0.39375 0.04140625 0.04375
0 0.59765625 0.396875 0.046875 0.028125
8 0.07109375 0.9109375 0.1109375 0.178125
12 0.071875 0.7875 0.1109375 0.1734375
11 0.60390625 0.61796875 0.059375 0.04375
11 0.6796875 0.83984375 0.05078125 0.08046875
11 0.48203125 0.625 0.06015625 0.0578125
11 0.5484375 0.640625 0.06015625 0.08984375
10 0.5640625 0.98203125 0.05 0.0359375
6 0.72578125 0.8765625 0.0078125 0.075
1 0.36484375 0.9671875 0.0484375 0.065625
0 0.3109375 0.84296875 0.065625 0.10546875