9 0.2171875 0.2078125 0.06875 0.0578125
9 0.52109375 0.09296875 0.0953125 0.1515625
0 0.2 0.11484375 0.1453125 0.1484375
10 0.5953125 0.259375 0.053125 0.059375
10 0.6796875 0.2609375 0.09375 0.05625
10 0.70546875 0.14375 0.0828125 0.21171875
10 0.6140625 0.0484375 0.090625 0.096875
1 0.86640625 0.28203125 0.0671875 0.0140625
1 0.8671875 0.23984375 0.0578125 0.06171875
1 0.7625 0.22265625 0.03046875 0.07109375
0 0.93984375 0.246875 0.0578125 0.084375
0 0.89765625 0.165625 0.0671875 0.09375
0 0.86875 0.0796875 0.096875 0.1265625
0 0.821875 0.16640625 0.0609375 0.1015625
0 0.98828125 0.06328125 0.0234375 0.0890625
0 0.965625 0.14375 0.06875 0.09375
0 0.09609375 0.63046875 0.03515625 0.17265625
0 0.02109375 0.7546875 0.0328125 0.1359375
1 0.1375 0.49296875 0.0140625 0.0578125
1 0.13125 0.57578125 0.01640625 0.0765625
1 0.02734375 0.96484375 0.0203125 0.0703125
10 0.43203125 0.8015625 0.0578125 0.075
10 0.521875 0.74296875 0.05 0.07109375
1 0.5453125 0.51640625 0.046875 0.1140625
1 0.53359375 0.63359375 0.0703125 0.0796875
1 0.3453125 0.86484375 0.05 0.05703125
10 0.3125 0.43515625 0.0734375 0.08359375
1 0.4203125 0.4109375 0.046875 0.0515625
1 0.353125 0.46015625 0.0453125 0.05703125
1 0.2421875 0.51328125 0.03203125 0.07109375
1 0.4875 0.86796875 0.0625 0.0796875
1 0.48203125 0.3421875 0.09140625 0.09296875
1 0.421875 0.41640625 0.05703125 0.078125
1 0.5921875 0.31171875 0.046875 0.0453125