0 0.1078125 0.01484375 0.10625 0.0296875
0 0.2796875 0.053125 0.09140625 0.05
9 0.09609375 0.18046875 0.10234375 0.05
9 0.17578125 0.146875 0.06171875 0.0421875
9 0.05234375 0.13125 0.1046875 0.065625
1 0.15703125 0.109375 0.1078125 0.0703125
9 0.2125 0.18828125 0.0796875 0.0453125
1 0.68046875 0.11328125 0.06484375 0.06015625
1 0.88046875 0.09296875 0.0625 0.07578125
1 0.85859375 0.0078125 0.0515625 0.015625
1 0.8203125 0.0984375 0.05078125 0.07734375
0 0.97109375 0.3921875 0.0578125 0.075
0 0.82109375 0.39765625 0.06640625 0.06953125
1 0.878125 0.503125 0.075 0.053125
9 0.24765625 0.5421875 0.1421875 0.025
9 0.209375 0.8609375 0.2 0.278125
0 0.50390625 0.8671875 0.0515625 0.0625
10 0.75546875 0.803125 0.084375 0.08984375
0 0.6515625 0.759375 0.10703125 0.0640625
0 0.63828125 0.93046875 0.065625 0.125