9 0.2125 0.03125 0.059375 0.0625
9 0.30546875 0.24453125 0.0640625 0.0890625
1 0.47734375 0.97109375 0.0421875 0.0578125
1 0.375 0.58203125 0.04296875 0.1
1 0.3 0.9890625 0.0625 0.021875
9 0.365625 0.82578125 0.03203125 0.09765625
9 0.1453125 0.68984375 0.05625 0.1078125
9 0.55859375 0.80546875 0.0421875 0.0578125
3 0.60078125 0.81015625 0.0421875 0.1484375
1 0.63125 0.47890625 0.0390625 0.09296875
1 0.6859375 0.39375 0.0515625 0.103125
1 0.7578125 0.44296875 0.04609375 0.0515625
1 0.66796875 0.69921875 0.0453125 0.075
1 0.9828125 0.9640625 0.034375 0.071875
10 0.9078125 0.75 0.0609375 0.11640625
10 0.98203125 0.65625 0.0359375 0.1125