1 0.19296875 0.01796875 0.0671875 0.0359375
1 0.10078125 0.07109375 0.08203125 0.0953125
10 0.025 0.271875 0.05 0.075
10 0.11171875 0.22265625 0.08046875 0.09375
1 0.2046875 0.29609375 0.06484375 0.07265625
9 0.3234375 0.31640625 0.053125 0.0671875
1 0.48984375 0.60078125 0.071875 0.06171875
1 0.73203125 0.4453125 0.0734375 0.03125
1 0.65859375 0.64453125 0.06484375 0.06328125
1 0.4515625 0.8046875 0.05390625 0.04921875
1 0.528125 0.95703125 0.06484375 0.0703125
1 0.66484375 0.784375 0.0765625 0.05546875