0 0.0203125 0.0296875 0.040625 0.059375
0 0.00859375 0.18359375 0.0171875 0.1203125
10 0.71015625 0.053125 0.08515625 0.06484375
1 0.775 0.053125 0.06328125 0.06484375
1 0.984375 0.0203125 0.03125 0.040625
9 0.90078125 0.0546875 0.12265625 0.0625
10 0.87890625 0.30703125 0.08125 0.078125
10 0.60390625 0.240625 0.0796875 0.08828125
10 0.94296875 0.14140625 0.09375 0.07421875
11 0.534375 0.35390625 0.06875 0.1515625
9 0.71796875 0.51484375 0.05390625 0.0484375
9 0.63671875 0.47890625 0.04296875 0.06875
1 0.671875 0.7046875 0.08671875 0.08203125
1 0.51875 0.54765625 0.059375 0.0171875
11 0.90625 0.73515625 0.05 0.0671875
0 0.8890625 0.89375 0.05234375 0.07421875