10 0.20625 0.03515625 0.06640625 0.04375
9 0.23046875 0.0734375 0.0484375 0.03359375
9 0.08984375 0.040625 0.10390625 0.07421875
1 0.271875 0.04765625 0.06640625 0.040625
1 0.21875 0.10859375 0.05546875 0.03515625
0 0.021875 0.02265625 0.04375 0.0453125
9 0.05859375 0.096875 0.1125 0.07265625
9 0.18046875 0.08125 0.06953125 0.05
1 0.3375 0.171875 0.04375 0.0578125
1 0.3375 0.0171875 0.04375 0.034375
11 0.10859375 0.51328125 0.1328125 0.1109375
11 0.240625 0.5234375 0.146875 0.090625
11 0.225 0.32578125 0.14765625 0.0890625
0 0.0171875 0.31015625 0.034375 0.0609375
0 0.2984375 0.45390625 0.034375 0.06171875
9 0.021875 0.7078125 0.04375 0.10625
0 0.278125 0.96875 0.1625 0.0625
0 0.06484375 0.8703125 0.1296875 0.071875
9 0.41328125 0.74765625 0.05078125 0.0625
9 0.665625 0.85625 0.09140625 0.16171875
10 0.73125 0.9609375 0.075 0.078125
0 0.82734375 0.6390625 0.0390625 0.140625
0 0.715625 0.59609375 0.109375 0.0546875
0 0.4078125 0.85078125 0.096875 0.1578125
11 0.99140625 0.89921875 0.0171875 0.0953125