9 0.19296875 0.103125 0.053125 0.07890625
10 0.22109375 0.228125 0.0484375 0.01796875
9 0.28046875 0.13828125 0.078125 0.115625
0 0.4484375 0.17109375 0.021875 0.0609375
1 0.34375 0.2984375 0.06640625 0.12265625
1 0.2796875 0.58515625 0.06875 0.0296875
11 0.475 0.215625 0.03125 0.06875
10 0.81015625 0.15234375 0.071875 0.04609375
9 0.4921875 0.0109375 0.065625 0.021875
9 0.825 0.19921875 0.05234375 0.03359375
9 0.921875 0.09921875 0.05546875 0.04765625
9 0.6734375 0.1421875 0.1078125 0.07734375
1 0.8828125 0.1765625 0.0734375 0.0421875
1 0.80078125 0.2359375 0.059375 0.03359375
0 0.57890625 0.10625 0.090625 0.04921875
0 0.503125 0.18125 0.06953125 0.03515625
9 0.61875 0.19921875 0.1203125 0.07265625
9 0.76484375 0.20078125 0.0734375 0.053125
9 0.96484375 0.021875 0.0296875 0.04375
0 0.92109375 0.578125 0.0546875 0.04375
1 0.2890625 0.9796875 0.078125 0.040625
8 0.16796875 0.6328125 0.0703125 0.065625
10 0.95078125 0.68125 0.0984375 0.128125
9 0.88046875 0.8921875 0.13203125 0.165625