10 0.20859375 0.1 0.07890625 0.09453125
9 0.23125 0.63828125 0.05625 0.0390625
0 0.0296875 0.659375 0.059375 0.040625
5 0.77578125 0.228125 0.0453125 0.125
5 0.328125 0.26953125 0.1375 0.04296875
5 0.34375 0.1203125 0.1625 0.240625
5 0.509375 0.03046875 0.10625 0.0609375
5 0.59609375 0.09375 0.1640625 0.1875
5 0.5328125 0.14375 0.11640625 0.18515625
9 0.97890625 0.03984375 0.0421875 0.0484375
1 0.83984375 0.01796875 0.0421875 0.0359375
0 0.98984375 0.26328125 0.0203125 0.0546875
0 0.95546875 0.1109375 0.0890625 0.125
1 0.92265625 0.196875 0.07109375 0.09140625
1 0.6546875 0.6609375 0.06875 0.0375
1 0.7453125 0.63203125 0.025 0.03203125
1 0.4578125 0.54140625 0.06171875 0.0578125
1 0.60703125 0.596875 0.04140625 0.04140625
1 0.51484375 0.64765625 0.025 0.0296875
1 0.53828125 0.58515625 0.09453125 0.065625
1 0.55078125 0.63203125 0.0453125 0.05234375
1 0.7125 0.55078125 0.04765625 0.046875
1 0.52109375 0.50234375 0.04140625 0.04296875
1 0.50078125 0.71328125 0.0421875 0.0328125
1 0.61015625 0.5453125 0.0421875 0.065625
1 0.67109375 0.57421875 0.034375 0.03203125
9 0.628125 0.375 0.053125 0.065625
9 0.48828125 0.346875 0.03828125 0.04296875
9 0.6828125 0.44140625 0.0578125 0.0390625
9 0.45703125 0.65234375 0.05234375 0.0484375
0 0.51484375 0.44375 0.06328125 0.046875
5 0.903125 0.4734375 0.16875 0.21484375
5 0.93828125 0.6109375 0.1234375 0.215625
6 0.06953125 0.846875 0.1171875 0.17734375
1 0.453125 0.8 0.08125 0.11875
1 0.63125 0.83359375 0.06640625 0.0671875
1 0.75234375 0.8375 0.05703125 0.06015625
1 0.35859375 0.84765625 0.0671875 0.0953125