1 0.98984375 0.2234375 0.0203125 0.071875
1 0.73125 0.09921875 0.034375 0.0765625
1 0.86015625 0.18984375 0.0375 0.071875
1 0.78203125 0.11015625 0.0375 0.08203125
9 0.975 0.06328125 0.04296875 0.05859375
9 0.9390625 0.1984375 0.046875 0.121875
0 0.7640625 0.23515625 0.0625 0.0484375
3 0.03046875 0.7203125 0.0609375 0.0375
3 0.04765625 0.790625 0.0953125 0.075
3 0.01328125 0.628125 0.0265625 0.0875
9 0.071875 0.525 0.08203125 0.03203125
9 0.13828125 0.3984375 0.05625 0.0875
10 0.0203125 0.3921875 0.040625 0.078125
1 0.325 0.57578125 0.09765625 0.05546875
1 0.44921875 0.6625 0.0203125 0.1
1 0.375 0.30859375 0.065625 0.07734375
1 0.03515625 0.321875 0.05625 0.06484375