10 0.140625 0.146875 0.06171875 0.07734375
10 0.2328125 0.3640625 0.065625 0.05
10 0.15390625 0.37578125 0.0609375 0.0265625
0 0.559375 0.04921875 0.09375 0.0984375
0 0.60859375 0.01015625 0.0609375 0.0203125
0 0.41953125 0.046875 0.0796875 0.078125
0 0.46953125 0.01171875 0.0796875 0.0234375
6 0.7453125 0.0328125 0.05 0.06328125
9 0.575 0.3234375 0.04453125 0.07265625
9 0.60234375 0.3828125 0.0515625 0.0125
1 0.11796875 0.55546875 0.09296875 0.165625
9 0.696875 0.69375 0.13984375 0.0828125
9 0.703125 0.40546875 0.15625 0.0328125