1 0.1265625 0.03515625 0.04375 0.0703125
1 0.1671875 0.13828125 0.0484375 0.08203125
9 0.0421875 0.26015625 0.084375 0.0484375
0 0.02421875 0.1734375 0.0484375 0.121875
1 0.02734375 0.04609375 0.0546875 0.0921875
10 0.5046875 0.453125 0.0609375 0.08984375
1 0.515625 0.3046875 0.03984375 0.03828125
9 0.80234375 0.06171875 0.13046875 0.10390625
1 0.66640625 0.24140625 0.0859375 0.0890625
10 0.48125 0.7578125 0.06640625 0.0265625
9 0.12734375 0.68359375 0.06328125 0.07734375
11 0.36796875 0.753125 0.08203125 0.0359375
1 0.24453125 0.68046875 0.06171875 0.07734375
1 0.296875 0.70234375 0.04921875 0.06796875
1 0.40859375 0.6671875 0.07890625 0.1296875
5 0.31953125 0.96953125 0.0953125 0.0609375
5 0.24375 0.9890625 0.08125 0.021875
1 0.4015625 0.98125 0.053125 0.0375
1 0.13515625 0.90390625 0.06015625 0.0734375
9 0.6484375 0.65078125 0.02578125 0.08203125
0 0.60234375 0.5734375 0.08203125 0.07578125
9 0.85546875 0.628125 0.065625 0.0984375
9 0.79609375 0.6890625 0.0421875 0.0703125
10 0.55703125 0.84921875 0.0140625 0.0859375
9 0.6078125 0.86015625 0.03671875 0.05234375
5 0.7859375 0.909375 0.05625 0.1125
5 0.8640625 0.8625 0.046875 0.06796875
5 0.88515625 0.81796875 0.0546875 0.02421875