4 0.36796875 0.35546875 0.0828125 0.2140625
1 0.5734375 0.18828125 0.05859375 0.0515625
0 0.45234375 0.08203125 0.0859375 0.0734375
1 0.7640625 0.0671875 0.03515625 0.04453125
5 0.9078125 0.171875 0.0984375 0.15234375
5 0.859375 0.0875 0.0875 0.175
5 0.9 0.04375 0.109375 0.0875
5 0.953125 0.2453125 0.09375 0.1
1 0.52578125 0.33671875 0.0515625 0.08125
1 0.76640625 0.315625 0.06484375 0.0390625
1 0.64375 0.475 0.04375 0.05
1 0.5921875 0.4890625 0.040625 0.021875
1 0.43203125 0.325 0.0453125 0.059375
1 0.57421875 0.33203125 0.0421875 0.05390625
10 0.83203125 0.32578125 0.03046875 0.059375
10 0.92109375 0.40234375 0.0453125 0.0515625
10 0.96875 0.3671875 0.0453125 0.06484375
10 0.9140625 0.3046875 0.0421875 0.01640625
10 0.88203125 0.32265625 0.0484375 0.05390625
9 0.83203125 0.4546875 0.03046875 0.0609375
9 0.9125 0.46484375 0.0453125 0.059375
1 0.8671875 0.40546875 0.0453125 0.0578125
9 0.971875 0.43359375 0.0515625 0.06875
0 0.178125 0.70703125 0.08203125 0.12265625
0 0.171875 0.5390625 0.09921875 0.0671875
9 0.48125 0.72265625 0.14375 0.3171875
9 0.5015625 0.87265625 0.0765625 0.0890625
1 0.44375 0.6921875 0.015625 0.01640625
1 0.61171875 0.75625 0.04296875 0.046875
9 0.6171875 0.8796875 0.0640625 0.0734375
1 0.7671875 0.959375 0.096875 0.08125
1 0.89765625 0.93984375 0.0734375 0.084375
4 0.7109375 0.76796875 0.08515625 0.18046875
9 0.94609375 0.578125 0.1078125 0.15625
0 0.921875 0.7 0.1234375 0.11875
1 0.915625 0.83046875 0.11875 0.125
1 0.6953125 0.94375 0.053125 0.1125