0 0.23125 0.11796875 0.07421875 0.0828125
0 0.0234375 0.03125 0.046875 0.0625
0 0.196875 0.20703125 0.07109375 0.05625
10 0.709375 0.33046875 0.021875 0.0390625
11 0.5953125 0.18515625 0.025 0.08046875
11 0.6453125 0.3203125 0.0375 0.059375
10 0.83828125 0.16484375 0.04765625 0.06953125
0 0.96328125 0.27578125 0.0734375 0.1484375
1 0.59453125 0.3796875 0.0703125 0.059375
1 0.571875 0.62890625 0.025 0.0671875
9 0.59375 0.453125 0.06875 0.096875
9 0.8296875 0.53984375 0.08359375 0.09296875
9 0.74375 0.384375 0.071875 0.06875
9 0.75 0.609375 0.0609375 0.075
9 0.72578125 0.65625 0.065625 0.03984375
9 0.98203125 0.51640625 0.0359375 0.1015625
1 0.65703125 0.47109375 0.0546875 0.0640625
1 0.86953125 0.653125 0.0484375 0.04765625
1 0.915625 0.5421875 0.0546875 0.053125
0 0.98046875 0.9015625 0.0390625 0.0375
0 0.9609375 0.9328125 0.07265625 0.03671875
0 0.9125 0.99140625 0.109375 0.0171875
10 0.6984375 0.99375 0.0875 0.0125