1 0.290625 0.22265625 0.10078125 0.08984375
1 0.0375 0.06875 0.06640625 0.06484375
1 0.2234375 0.01484375 0.0375 0.0296875
1 0.16015625 0.1125 0.1609375 0.09609375
1 0.153125 0.03359375 0.06875 0.0671875
1 0.16015625 0.2734375 0.06328125 0.06796875
1 0.02109375 0.1625 0.0421875 0.1125
9 0.33125 0.02734375 0.08125 0.0546875
0 0.15 0.384375 0.10625 0.0703125
0 0.859375 0.30546875 0.1046875 0.134375
0 0.9015625 0.115625 0.0875 0.13984375
9 0.9640625 0.40625 0.071875 0.115625
9 0.03203125 0.87578125 0.0578125 0.15703125
9 0.69765625 0.61171875 0.0796875 0.11484375
9 0.690625 0.72578125 0.059375 0.08125
0 0.7125 0.790625 0.05078125 0.0734375
0 0.68984375 0.6875 0.0953125 0.0375
1 0.9578125 0.9515625 0.04921875 0.07578125
9 0.98671875 0.82890625 0.0265625 0.0828125