11 0.359375 0.3765625 0.103125 0.125
0 0.703125 0.04921875 0.028125 0.0984375
11 0.87421875 0.1078125 0.11875 0.165625
10 0.7625 0.09375 0.08828125 0.128125
10 0.96640625 0.02890625 0.0671875 0.0578125
10 0.95 0.06953125 0.08203125 0.1
1 0.84296875 0.17578125 0.07109375 0.08203125
1 0.76875 0.2296875 0.0859375 0.03203125
1 0.89375 0.215625 0.07734375 0.06015625
1 0.8625 0.46875 0.053125 0.05703125
1 0.98359375 0.5046875 0.0328125 0.040625
1 0.9171875 0.56171875 0.021875 0.02890625
1 0.9296875 0.50234375 0.07734375 0.06796875
1 0.94296875 0.54296875 0.0390625 0.0515625
1 0.90859375 0.4265625 0.034375 0.040625
1 0.91171875 0.61875 0.0359375 0.021875
1 0.98125 0.45703125 0.0375 0.0609375
9 0.9796875 0.2984375 0.040625 0.0625
9 0.8703125 0.2859375 0.0328125 0.04296875
9 0.87109375 0.571875 0.04296875 0.0484375
0 0.89921875 0.371875 0.053125 0.0484375
10 0.52578125 0.66171875 0.0921875 0.0640625
9 0.0109375 0.8265625 0.021875 0.090625
9 0.325 0.82578125 0.09140625 0.1
9 0.21484375 0.87578125 0.046875 0.0703125
9 0.30703125 0.7578125 0.09140625 0.0765625
0 0.11875 0.97734375 0.065625 0.0453125
0 0.96484375 0.67421875 0.0703125 0.0828125
1 0.72109375 0.90625 0.04921875 0.021875