1 0.12265625 0.21875 0.0328125 0.078125
1 0.36953125 0.18125 0.04921875 0.12890625
9 0.209375 0.1453125 0.0265625 0.06796875
5 0.465625 0.04453125 0.090625 0.0890625
9 0.27265625 0.5609375 0.1765625 0.1375
1 0.0953125 0.4 0.04296875 0.0484375
1 0.03671875 0.42578125 0.06171875 0.05078125
0 0.4515625 0.5421875 0.115625 0.1546875
0 0.50546875 0.4140625 0.0671875 0.09375
9 0.95546875 0.29921875 0.0890625 0.1609375
9 0.68515625 0.20234375 0.071875 0.0984375
10 0.64921875 0.0390625 0.0640625 0.078125
1 0.828125 0.378125 0.04765625 0.053125
1 0.87109375 0.14921875 0.059375 0.06875
1 0.546875 0.12109375 0.015625 0.0890625
1 0.98046875 0.39375 0.0390625 0.021875
1 0.7171875 0.05 0.05 0.07421875
9 0.9625 0.11171875 0.06328125 0.0671875
9 0.58125 0.496875 0.084375 0.128125
1 0.75625 0.5015625 0.06328125 0.09140625
1 0.84453125 0.4328125 0.06640625 0.05625
0 0.7875 0.57265625 0.171875 0.1140625
11 0.0546875 0.7984375 0.0484375 0.15
0 0.0359375 0.9625 0.053125 0.075
8 0.0984375 0.75234375 0.03828125 0.11953125
12 0.37109375 0.734375 0.0953125 0.09140625
12 0.50234375 0.73125 0.0734375 0.1
1 0.66484375 0.8890625 0.053125 0.184375