9 0.0609375 0.009375 0.059375 0.01875
1 0.11953125 0.003125 0.0453125 0.00625
1 0.17109375 0.01640625 0.04140625 0.0125
11 0.42421875 0.01328125 0.0640625 0.0265625
9 0.19765625 0.2953125 0.06953125 0.1078125
10 0.06796875 0.3625 0.0546875 0.08359375
0 0.20390625 0.4125 0.0578125 0.034375
0 0.35078125 0.40859375 0.0359375 0.0421875
1 0.54453125 0.34921875 0.02421875 0.040625
1 0.68671875 0.34765625 0.03203125 0.078125
1 0.68671875 0.25546875 0.034375 0.05546875
4 0.903125 0.409375 0.09375 0.040625
9 0.8171875 0.1984375 0.08203125 0.11875
0 0.803125 0.3015625 0.065625 0.08125
1 0.76484375 0.38671875 0.0609375 0.0859375
9 0.70546875 0.47890625 0.065625 0.07734375
10 0.95625 0.734375 0.071875 0.0828125
1 0.49921875 0.85625 0.0203125 0.059375
0 0.71875 0.615625 0.1359375 0.2015625