5 0.14375 0.0546875 0.1625 0.109375
5 0.31953125 0.13125 0.0203125 0.071875
5 0.040625 0.121875 0.08125 0.24375
5 0.1890625 0.18515625 0.1828125 0.1171875
5 0.25390625 0.140625 0.0765625 0.1171875
5 0.04609375 0.0203125 0.0921875 0.040625
1 0.8953125 0.459375 0.078125 0.059375
0 0.7109375 0.45 0.0875 0.078125
0 0.33984375 0.3421875 0.0203125 0.09375
0 0.43671875 0.45390625 0.0640625 0.0703125
0 0.62109375 0.4703125 0.0765625 0.0375
0 0.86328125 0.3203125 0.090625 0.0828125
0 0.84140625 0.41875 0.0640625 0.0546875
1 0.31171875 0.6984375 0.03046875 0.04609375
1 0.325 0.828125 0.009375 0.05
1 0.4578125 0.53671875 0.0515625 0.071875
0 0.825 0.54375 0.0796875 0.065625
5 0.38671875 0.82109375 0.0734375 0.11328125
5 0.39140625 0.62578125 0.07109375 0.09375
9 0.53984375 0.89140625 0.090625 0.11875
0 0.51171875 0.8140625 0.03515625 0.1046875
0 0.60703125 0.81875 0.0828125 0.11015625