1 0.446875 0.03046875 0.10625 0.0609375
0 0.0171875 0.3953125 0.034375 0.109375
0 0.08515625 0.228125 0.1203125 0.1328125
0 0.309375 0.35546875 0.04453125 0.1
0 0.16484375 0.14296875 0.07890625 0.08828125
0 0.190625 0.3 0.0875 0.11015625
0 0.04375 0.3453125 0.0859375 0.08984375
9 0.45390625 0.4078125 0.0921875 0.10625
1 0.48203125 0.553125 0.0359375 0.046875
1 0.121875 0.62578125 0.03359375 0.05546875
1 0.3671875 0.68984375 0.03671875 0.11484375
1 0.34140625 0.83046875 0.04921875 0.07421875
1 0.48515625 0.66328125 0.0296875 0.1171875
1 0.759375 0.87890625 0.05078125 0.1
1 0.971875 0.7359375 0.05625 0.065625
1 0.99296875 0.87890625 0.0140625 0.0484375
1 0.6984375 0.61640625 0.04921875 0.07265625
1 0.65546875 0.8703125 0.04921875 0.0609375
1 0.93359375 0.63125 0.05546875 0.07578125
1 0.884375 0.55390625 0.053125 0.0484375
1 0.81015625 0.88828125 0.04453125 0.0515625