1 0.35390625 0.21015625 0.04765625 0.05390625
1 0.3734375 0.328125 0.0296875 0.02265625
9 0.496875 0.1125 0.11171875 0.0828125
11 0.590625 0.11875 0.11328125 0.10234375
9 0.28359375 0.64453125 0.21015625 0.32109375
9 0.034375 0.51171875 0.06875 0.11015625
9 0.24375 0.7984375 0.08046875 0.090625
1 0.228125 0.38828125 0.08203125 0.09609375
1 0.32265625 0.3625 0.05546875 0.046875
1 0.29296875 0.615625 0.01796875 0.01796875
1 0.12421875 0.6890625 0.04453125 0.046875
9 0.0140625 0.74453125 0.028125 0.09609375
9 0.1265625 0.8125 0.0671875 0.0734375
10 0.68515625 0.3953125 0.08515625 0.0890625
1 0.64453125 0.67421875 0.1 0.10390625
1 0.60625 0.946875 0.059375 0.06015625
1 0.6015625 0.878125 0.05703125 0.05390625
0 0.73671875 0.7796875 0.1015625 0.10234375