11 0.071875 0.0640625 0.1125 0.11171875
1 0.4609375 0.0875 0.0375 0.0625
1 0.25703125 0.08828125 0.0734375 0.0625
9 0.38671875 0.0875 0.075 0.0640625
5 0.20703125 0.375 0.02109375 0.05703125
5 0.15078125 0.37734375 0.1015625 0.1234375
5 0.16875 0.178125 0.09765625 0.090625
5 0.1734375 0.13828125 0.08828125 0.0375
5 0.03359375 0.18671875 0.0671875 0.0859375
5 0.0265625 0.28359375 0.053125 0.1296875
5 0.03359375 0.371875 0.0671875 0.134375
0 0.4453125 0.36484375 0.06875 0.0671875
1 0.0890625 0.45625 0.015625 0.034375
1 0.0609375 0.51640625 0.0515625 0.071875
0 0.428125 0.5234375 0.0796875 0.065625
5 0.01328125 0.8 0.0265625 0.1125
5 0.01484375 0.6046875 0.0296875 0.09375
9 0.14296875 0.87109375 0.090625 0.11875
0 0.11484375 0.79375 0.03515625 0.1046875
0 0.21015625 0.7984375 0.0828125 0.11015625
11 0.621875 0.45078125 0.0625 0.0234375
11 0.58203125 0.80390625 0.06015625 0.09609375
11 0.73984375 0.62265625 0.0578125 0.05
11 0.6609375 0.8359375 0.04921875 0.09765625
9 0.55625 0.971875 0.040625 0.05625
9 0.6796875 0.9640625 0.0515625 0.0515625
10 0.77109375 0.7703125 0.02734375 0.08828125
6 0.90859375 0.7078125 0.0546875 0.084375