1 0.475 0.11015625 0.05 0.0640625
0 0.34765625 0.203125 0.1171875 0.13671875
0 0.36171875 0.05546875 0.1234375 0.09375
9 0.04921875 0.50234375 0.0984375 0.0671875
0 0.47734375 0.45 0.0453125 0.16875
0 0.4109375 0.48984375 0.09765625 0.09375
0 0.32890625 0.49140625 0.05859375 0.090625
0 0.2546875 0.4859375 0.0703125 0.10078125
1 0.178125 0.93828125 0.078125 0.078125
0 0.29296875 0.8109375 0.1125 0.09375
0 0.27421875 0.96953125 0.1046875 0.0609375
0 0.1640625 0.78515625 0.1109375 0.090625
0 0.4125 0.96171875 0.08125 0.075
0 0.09140625 0.85625 0.09609375 0.08671875
11 0.04453125 0.68828125 0.0890625 0.1234375
11 0.24609375 0.59453125 0.16640625 0.11484375
1 0.65078125 0.875 0.05 0.0625
1 0.78671875 0.98125 0.0390625 0.0375
0 0.6125 0.59140625 0.08828125 0.1015625
0 0.53671875 0.83515625 0.0734375 0.0765625
0 0.90234375 0.91484375 0.0203125 0.07890625
1 0.93046875 0.96328125 0.02265625 0.05078125
0 0.978125 0.975 0.04375 0.05
0 0.95 0.95625 0.028125 0.0875