1 0.01015625 0.20234375 0.0203125 0.1203125
1 0.0578125 0.2125 0.06640625 0.0859375
1 0.09765625 0.01953125 0.0671875 0.0390625
1 0.24296875 0.1421875 0.06796875 0.0875
1 0.11328125 0.2578125 0.07265625 0.075
1 0.24453125 0.02265625 0.0953125 0.0453125
1 0.54140625 0.26796875 0.0546875 0.0546875
1 0.4890625 0.22734375 0.06640625 0.05625
1 0.46171875 0.0515625 0.0640625 0.06171875
5 0.725 0.034375 0.096875 0.06875
1 0.76796875 0.1640625 0.0484375 0.08046875
1 0.22421875 0.384375 0.03828125 0.05625
10 0.54453125 0.5390625 0.0484375 0.065625
10 0.55546875 0.34453125 0.0265625 0.0796875
9 0.43515625 0.6765625 0.06015625 0.07421875
9 0.40078125 0.3625 0.04921875 0.0671875
1 0.35234375 0.33828125 0.05234375 0.065625
1 0.30703125 0.5640625 0.03828125 0.04921875
1 0.33671875 0.496875 0.04609375 0.04921875
1 0.41484375 0.53515625 0.04921875 0.0671875
10 0.48671875 0.603125 0.05078125 0.0546875
1 0.375 0.396875 0.05703125 0.05625
9 0.5390625 0.47734375 0.059375 0.0703125
9 0.4515625 0.57265625 0.06953125 0.07265625
10 0.46015625 0.7640625 0.06640625 0.07421875
9 0.79375 0.67890625 0.02578125 0.08203125
9 0.70859375 0.3671875 0.06953125 0.10625
9 0.60234375 0.35078125 0.0671875 0.1015625
0 0.6703125 0.5625 0.09296875 0.078125
0 0.74765625 0.6015625 0.08203125 0.07578125
9 0.98359375 0.65546875 0.0328125 0.0984375
9 0.94140625 0.7171875 0.0421875 0.0703125
9 0.9890625 0.33125 0.021875 0.0625
1 0.92109375 0.534375 0.053125 0.0640625
10 0.67578125 0.87734375 0.06953125 0.0859375
10 0.58515625 0.915625 0.0328125 0.071875
1 0.67109375 0.95078125 0.053125 0.04609375
9 0.753125 0.88828125 0.03671875 0.05234375
5 0.93125 0.9375 0.05625 0.1125
5 0.99296875 0.88984375 0.0140625 0.0671875