0 0.1890625 0.4875 0.02890625 0.08046875
0 0.19375 0.39921875 0.03125 0.08046875
0 0.22265625 0.2984375 0.0328125 0.090625
1 0.28125 0.23984375 0.03515625 0.084375
1 0.78515625 0.27890625 0.06640625 0.11171875
1 0.5625 0.46015625 0.06015625 0.09140625
1 0.7046875 0.18203125 0.05078125 0.08203125
0 0.83125 0.51953125 0.08125 0.0390625
11 0.55390625 0.57265625 0.1109375 0.0671875
11 0.75234375 0.58203125 0.1203125 0.0859375
10 0.65859375 0.5671875 0.0640625 0.05625
10 0.9734375 0.565625 0.053125 0.053125
9 0.50078125 0.95 0.09765625 0.03828125
0 0.7140625 0.928125 0.10390625 0.03671875
0 0.57578125 0.8890625 0.19296875 0.0625
10 0.88125 0.83828125 0.04140625 0.12734375
10 0.9375 0.95390625 0.09375 0.0921875