1 0.2171875 0.025 0.06875 0.05
0 0.29921875 0.1875 0.10546875 0.0734375
0 0.32734375 0.0171875 0.0953125 0.034375
0 0.16015625 0.17265625 0.10390625 0.0703125
0 0.10546875 0.0765625 0.08828125 0.0703125
11 0.02265625 0.22265625 0.0453125 0.0921875
11 0.58046875 0.15546875 0.0578125 0.05
6 0.74921875 0.23359375 0.0546875 0.0703125
0 0.021875 0.6484375 0.0359375 0.1046875
5 0.35859375 0.359375 0.05546875 0.12890625
5 0.42109375 0.41875 0.0171875 0.090625
5 0.41015625 0.28671875 0.0390625 0.0359375
5 0.40625 0.7921875 0.046875 0.153125
5 0.31796875 0.5765625 0.05859375 0.1046875
1 0.83203125 0.6703125 0.0890625 0.0890625
1 0.94921875 0.6078125 0.09140625 0.0890625
1 0.59609375 0.3984375 0.07578125 0.1125