10 0.121875 0.0171875 0.04375 0.034375
10 0.10703125 0.0515625 0.07421875 0.08515625
10 0.0328125 0.034375 0.065625 0.06875
0 0.665625 0.01953125 0.08125 0.0390625
9 0.02578125 0.1546875 0.0515625 0.0625
8 0.340625 0.40859375 0.08125 0.0609375
8 0.6390625 0.42890625 0.065625 0.0203125
8 0.26328125 0.3625 0.0953125 0.0828125
8 0.63515625 0.35546875 0.1515625 0.11328125
8 0.5515625 0.428125 0.121875 0.021875
8 0.3546875 0.25234375 0.05625 0.05703125
1 0.98515625 0.0265625 0.0296875 0.053125
11 0.7625 0.4015625 0.0875 0.075
1 0.11015625 0.79375 0.028125 0.065625
1 0.2171875 0.83125 0.03359375 0.078125
9 0.07890625 0.921875 0.03671875 0.06953125
7 0.0828125 0.840625 0.025 0.05625
7 0.13203125 0.9 0.0265625 0.05625
7 0.1546875 0.84375 0.03125 0.08359375
11 0.38125 0.6515625 0.1609375 0.09609375
11 0.4359375 0.615625 0.05390625 0.040625
0 0.49453125 0.7921875 0.14296875 0.06953125
0 0.51953125 0.834375 0.18359375 0.06640625
0 0.44609375 0.740625 0.121875 0.06328125
0 0.65390625 0.80390625 0.1078125 0.06640625
0 0.6765625 0.7109375 0.084375 0.090625
10 0.9765625 0.8953125 0.028125 0.10546875