5 0.4359375 0.02421875 0.165625 0.0484375
9 0.2984375 0.29453125 0.084375 0.1578125
9 0.14296875 0.128125 0.1 0.1296875
0 0.20078125 0.26640625 0.09140625 0.1359375
10 0.73828125 0.0171875 0.1546875 0.034375
10 0.571875 0.01171875 0.10625 0.0234375
10 0.53046875 0.3515625 0.0234375 0.103125
1 0.7453125 0.16796875 0.103125 0.11796875
9 0.20390625 0.7 0.0640625 0.06953125
0 0.22578125 0.58828125 0.05625 0.1484375
0 0.14140625 0.65546875 0.09609375 0.09453125
11 0.41015625 0.671875 0.11875 0.165625
10 0.2984375 0.6578125 0.08828125 0.128125
10 0.49375 0.56640625 0.05 0.1109375
9 0.3296875 0.53671875 0.153125 0.0546875
10 0.48125 0.6328125 0.075 0.1
1 0.37890625 0.73984375 0.07109375 0.08203125
1 0.3046875 0.79375 0.0859375 0.03203125
1 0.4296875 0.7796875 0.07734375 0.06015625
0 0.1515625 0.85703125 0.06015625 0.07890625
0 0.04453125 0.9 0.05546875 0.06015625
0 0.1015625 0.84296875 0.05390625 0.06640625
1 0.44375 0.98515625 0.034375 0.0296875
9 0.50703125 0.8625 0.0234375 0.0625
9 0.40625 0.85 0.0328125 0.04296875
0 0.43515625 0.9359375 0.053125 0.0484375
1 0.6296875 0.5390625 0.053125 0.059375
9 0.85859375 0.84375 0.03515625 0.0625
9 0.9875 0.85703125 0.025 0.0921875
9 0.928125 0.8421875 0.04921875 0.09609375