1 0.09453125 0.35703125 0.0890625 0.0234375
0 0.1375 0.0375 0.159375 0.075
0 0.4625 0.0453125 0.153125 0.090625
0 0.30546875 0.3109375 0.1328125 0.08203125
9 0.97421875 0.25859375 0.0515625 0.0828125
9 0.94765625 0.01953125 0.0609375 0.0390625
9 0.9125 0.06640625 0.05703125 0.05859375
9 0.96640625 0.66171875 0.0625 0.1140625
9 0.878125 0.91953125 0.07109375 0.07734375
9 0.7296875 0.65234375 0.04453125 0.0671875
1 0.63046875 0.63515625 0.0234375 0.0421875
1 0.89375 0.63359375 0.0359375 0.0828125
10 0.83671875 0.55546875 0.06796875 0.07734375