1 0.06875 0.359375 0.0609375 0.05234375
1 0.16875 0.30390625 0.02890625 0.01640625
1 0.17734375 0.40234375 0.02890625 0.02109375
9 0.0328125 0.17890625 0.065625 0.0640625
10 0.62890625 0.215625 0.06640625 0.1296875
1 0.54140625 0.2015625 0.02734375 0.08125
10 0.046875 0.7140625 0.0421875 0.06875
10 0.0234375 0.79140625 0.03515625 0.07421875
11 0.146875 0.68046875 0.05078125 0.08515625
1 0.19375 0.80390625 0.025 0.04921875
1 0.0703125 0.65546875 0.03203125 0.0421875
0 0.03671875 0.97734375 0.0359375 0.0453125
0 0.0140625 0.928125 0.028125 0.065625
0 0.47578125 0.85 0.0734375 0.090625