10 0.38671875 0.07421875 0.0671875 0.1484375
10 0.27578125 0.4859375 0.0609375 0.10625
1 0.49609375 0.0984375 0.059375 0.0328125
1 0.56328125 0.0765625 0.04609375 0.01875
1 0.52109375 0.05703125 0.03515625 0.0296875
1 0.6375 0.1171875 0.0421875 0.0359375
1 0.7890625 0.06875 0.04453125 0.0375
1 0.80625 0.00546875 0.034375 0.0109375
5 0.48671875 0.484375 0.0546875 0.109375
5 0.51796875 0.36953125 0.0640625 0.0796875
1 0.48203125 0.2515625 0.034375 0.08125
1 0.715625 0.68515625 0.05078125 0.0265625
0 0.83359375 0.6921875 0.0609375 0.046875
0 0.9515625 0.75546875 0.06875 0.0578125
0 0.60625 0.72109375 0.11484375 0.04296875
0 0.99296875 0.703125 0.0140625 0.05
0 0.890625 0.70625 0.05078125 0.03828125
0 0.740625 0.62890625 0.0609375 0.03515625
0 0.75234375 0.66953125 0.0421875 0.025
9 0.61640625 0.603125 0.07421875 0.04140625
10 0.85859375 0.95234375 0.0890625 0.0953125
6 0.57265625 0.9859375 0.0546875 0.028125