1 0.05234375 0.16875 0.02109375 0.0765625
1 0.01953125 0.178125 0.03359375 0.0515625
1 0.1421875 0.63359375 0.034375 0.0109375
1 0.1671875 0.56484375 0.01953125 0.0515625
1 0.0671875 0.584375 0.05234375 0.0625
1 0.0140625 0.55 0.028125 0.059375
1 0.25 0.1265625 0.0625 0.078125
11 0.709375 0.17109375 0.08046875 0.06796875
11 0.78359375 0.12421875 0.096875 0.0921875
11 0.80703125 0.184375 0.1015625 0.04140625
0 0.98359375 0.08515625 0.0328125 0.0796875
0 0.8859375 0.0171875 0.0875 0.034375
0 0.6859375 0.00859375 0.08125 0.0171875
9 0.403125 0.55078125 0.0453125 0.10078125
9 0.29609375 0.56484375 0.0375 0.07265625
9 0.41171875 0.33203125 0.0484375 0.0890625
1 0.4328125 0.490625 0.03203125 0.06796875
1 0.2953125 0.3921875 0.0375 0.07734375
1 0.32109375 0.4796875 0.02890625 0.05078125
1 0.32578125 0.36640625 0.03046875 0.07890625
1 0.3765625 0.3125 0.02890625 0.06796875
10 0.74296875 0.221875 0.07734375 0.0328125
10 0.67421875 0.35703125 0.08203125 0.084375
1 0.040625 0.98984375 0.034375 0.0203125
9 0.87109375 0.82265625 0.065625 0.07734375
9 0.521875 0.9171875 0.1125 0.165625
0 0.2765625 0.665625 0.115625 0.053125
0 0.88359375 0.92890625 0.1359375 0.1421875