0 0.0359375 0.10390625 0.071875 0.0890625
10 0.6234375 0.021875 0.028125 0.04375
10 0.221875 0.303125 0.20859375 0.10625
10 0.41953125 0.68046875 0.06484375 0.08046875
10 0.17265625 0.55 0.03125 0.0421875
9 0.0953125 0.5609375 0.05234375 0.07109375
9 0.0078125 0.6140625 0.015625 0.103125
4 0.65390625 0.63203125 0.1296875 0.1953125
11 0.47578125 0.5875 0.015625 0.08046875
11 0.4875 0.47421875 0.040625 0.0484375
9 0.0359375 0.92890625 0.071875 0.1421875
9 0.43203125 0.88984375 0.071875 0.1453125
1 0.1359375 0.90703125 0.0515625 0.07421875