1 0.26484375 0.4421875 0.1125 0.109375
1 0.0359375 0.128125 0.06875 0.0609375
1 0.0734375 0.215625 0.07109375 0.05234375
0 0.328125 0.2625 0.1171875 0.10703125
1 0.47578125 0.07890625 0.03125 0.103125
1 0.8421875 0.21953125 0.04140625 0.08515625
1 0.6015625 0.33203125 0.02109375 0.0984375
1 0.509375 0.38203125 0.02421875 0.07109375
1 0.4625 0.515625 0.025 0.028125
1 0.97109375 0.23203125 0.02890625 0.11640625
1 0.7390625 0.33359375 0.03203125 0.07265625
1 0.83046875 0.47265625 0.0234375 0.07265625
1 0.58984375 0.47109375 0.028125 0.06875
1 0.5484375 0.4234375 0.02578125 0.09296875
1 0.55234375 0.33359375 0.0171875 0.07265625
1 0.4640625 0.278125 0.028125 0.04765625
5 0.0203125 0.609375 0.040625 0.075
5 0.02734375 0.53984375 0.0265625 0.0203125
1 0.16796875 0.60859375 0.1796875 0.1578125
1 0.38828125 0.665625 0.0421875 0.0875
1 0.38203125 0.75546875 0.0546875 0.0703125
1 0.36796875 0.8421875 0.05390625 0.06796875
1 0.22578125 0.87109375 0.11640625 0.153125
1 0.1484375 0.7125 0.08828125 0.12109375
1 0.24375 0.94375 0.16875 0.1125
1 0.3609375 0.93984375 0.05390625 0.0625
1 0.33671875 0.63125 0.06640625 0.07421875
1 0.26875 0.64765625 0.06953125 0.0984375
1 0.075 0.9421875 0.05078125 0.06640625
1 0.890625 0.80546875 0.0515625 0.06953125