3 0.0265625 0.03125 0.053125 0.0625
0 0.1234375 0.33515625 0.078125 0.103125
0 0.1390625 0.09921875 0.09375 0.05
10 0.86953125 0.15546875 0.08203125 0.134375
10 0.51171875 0.18125 0.05390625 0.12578125
10 0.4703125 0.0390625 0.053125 0.078125
11 0.67109375 0.078125 0.0796875 0.15625
0 0.70546875 0.41015625 0.0828125 0.1171875
0 0.79296875 0.1078125 0.07578125 0.12890625
0 0.915625 0.40078125 0.0859375 0.0984375
0 0.57578125 0.203125 0.05390625 0.12265625
1 0.79453125 0.87109375 0.09296875 0.165625