9 0.0328125 0.2875 0.065625 0.084375
9 0.2953125 0.3078125 0.078125 0.04375
9 0.31640625 0.2203125 0.0578125 0.09453125
9 0.24453125 0.20859375 0.078125 0.109375
9 0.04921875 0.11640625 0.0828125 0.12109375
1 0.69609375 0.0796875 0.0546875 0.02734375
1 0.8578125 0.17578125 0.06953125 0.03125
9 0.5953125 0.2171875 0.0578125 0.03046875
9 0.85 0.2171875 0.05390625 0.034375
1 0.80390625 0.15390625 0.053125 0.03125
1 0.925 0.18828125 0.04921875 0.02890625
1 0.80546875 0.27734375 0.05859375 0.02890625
0 0.33359375 0.66796875 0.053125 0.0734375
0 0.09296875 0.8609375 0.05078125 0.06875
0 0.2921875 0.7453125 0.0453125 0.0734375
0 0.17578125 0.53203125 0.0453125 0.1015625
11 0.16640625 0.66953125 0.06875 0.1015625
9 0.171875 0.36640625 0.09375 0.0734375
4 0.21328125 0.90546875 0.06171875 0.05234375
10 0.8109375 0.79296875 0.06640625 0.096875
1 0.90390625 0.978125 0.0703125 0.04375
1 0.8171875 0.4671875 0.0359375 0.07265625