11 0.04296875 0.03515625 0.046875 0.0609375
10 0.17890625 0.08984375 0.04765625 0.0625
6 0.009375 0.0890625 0.01875 0.05625
6 0.440625 0.00703125 0.0375 0.0140625
9 0.41015625 0.10234375 0.05859375 0.06875
8 0.2078125 0.13359375 0.03828125 0.04921875
9 0.2203125 0.275 0.06484375 0.0625
9 0.25 0.31875 0.05703125 0.04921875
4 0.209375 0.34375 0.04921875 0.05703125
1 0.30234375 0.371875 0.025 0.02578125
1 0.29296875 0.4015625 0.0421875 0.034375
9 0.284375 0.28828125 0.0421875 0.03515625
9 0.3515625 0.284375 0.0421875 0.03515625
9 0.26328125 0.34765625 0.08046875 0.05078125
1 0.8515625 0.32578125 0.04140625 0.04453125
1 0.79765625 0.325 0.03984375 0.046875
1 0.72421875 0.33046875 0.04140625 0.04296875
1 0.659375 0.27265625 0.0265625 0.0390625
1 0.759375 0.26171875 0.028125 0.0609375
9 0.81484375 0.10078125 0.0609375 0.05703125
0 0.6734375 0.10390625 0.071875 0.07109375
0 0.70859375 0.2515625 0.04375 0.0734375
0 0.8125 0.2296875 0.05703125 0.04296875
10 0.18359375 0.63359375 0.06328125 0.09765625
10 0.4265625 0.45859375 0.059375 0.0796875
1 0.5203125 0.48828125 0.0375 0.0796875
1 0.4390625 0.653125 0.05078125 0.0578125
11 0.26328125 0.590625 0.06953125 0.171875
0 0.3390625 0.46640625 0.121875 0.0953125
0 0.36484375 0.94375 0.10546875 0.0828125
9 0.434375 0.93828125 0.05703125 0.053125
9 0.26171875 0.97734375 0.0703125 0.0453125
10 0.7546875 0.6 0.0671875 0.040625
4 0.84765625 0.64921875 0.1046875 0.06953125
0 0.7984375 0.5609375 0.1453125 0.1
1 0.9359375 0.540625 0.0875 0.04375
1 0.96640625 0.6140625 0.0671875 0.04375
1 0.9875 0.77578125 0.025 0.0328125
1 0.925 0.74765625 0.0515625 0.02734375
1 0.93828125 0.77890625 0.0375 0.02734375
1 0.95546875 0.590625 0.0578125 0.03203125
9 0.628125 0.4578125 0.0734375 0.0421875
9 0.81171875 0.4421875 0.0890625 0.046875
9 0.96875 0.4609375 0.0625 0.065625
1 0.89453125 0.4765625 0.078125 0.05
1 0.953125 0.921875 0.046875 0.03359375