9 0.0609375 0.096875 0.07578125 0.078125
1 0.1375 0.18515625 0.03125 0.04609375
1 0.02421875 0.240625 0.0203125 0.03046875
1 0.04375 0.2671875 0.0203125 0.040625
1 0.19609375 0.27421875 0.0515625 0.05625
1 0.01328125 0.29296875 0.0265625 0.0328125
10 0.45859375 0.3921875 0.0390625 0.08125
5 0.6765625 0.37578125 0.071875 0.1125
5 0.73984375 0.434375 0.0859375 0.06875
5 0.95625 0.378125 0.0875 0.1625
11 0.88359375 0.42890625 0.1140625 0.0796875
1 0.89453125 0.10546875 0.0703125 0.08125
0 0.11171875 0.68125 0.06953125 0.14375
0 0.2859375 0.7125 0.06875 0.1078125
1 0.00703125 0.7171875 0.0140625 0.046875
1 0.03046875 0.6625 0.03359375 0.0609375
1 0.32109375 0.53515625 0.04140625 0.0609375
0 0.41015625 0.615625 0.0578125 0.096875
4 0.6578125 0.5265625 0.1859375 0.06171875
10 0.70546875 0.69921875 0.08984375 0.109375
1 0.80859375 0.584375 0.11328125 0.05234375
4 0.9515625 0.640625 0.096875 0.165625