1 0.0859375 0.3453125 0.06875 0.07890625
1 0.07265625 0.26015625 0.06484375 0.07890625
0 0.0125 0.06015625 0.025 0.1203125
10 0.17109375 0.09765625 0.0578125 0.1078125
6 0.0203125 0.48984375 0.040625 0.2109375
4 0.28359375 0.06171875 0.1671875 0.1234375
9 0.9203125 0.10078125 0.1015625 0.11796875
9 0.97578125 0.01796875 0.0484375 0.0359375
10 0.99453125 0.08359375 0.0109375 0.1046875
1 0.64453125 0.1265625 0.06484375 0.0765625
1 0.61328125 0.0671875 0.04453125 0.05625
1 0.60078125 0.01875 0.0578125 0.0375
1 0.81015625 0.01640625 0.0453125 0.0328125
1 0.70546875 0.09453125 0.034375 0.06015625
1 0.7609375 0.1453125 0.06484375 0.03828125
0 0.2125 0.54296875 0.025 0.0546875
5 0.784375 0.58046875 0.08125 0.0390625
1 0.83046875 0.51953125 0.04453125 0.0671875
1 0.75390625 0.49921875 0.06171875 0.07265625
1 0.68359375 0.43203125 0.0453125 0.06328125
1 0.7703125 0.40546875 0.03046875 0.0453125
5 0.58984375 0.4734375 0.09765625 0.11796875
5 0.86171875 0.5234375 0.1078125 0.10703125
1 0.61640625 0.38671875 0.053125 0.07265625
1 0.6734375 0.56640625 0.0421875 0.0578125
9 0.175 0.6140625 0.0375 0.028125
9 0.1453125 0.74140625 0.0296875 0.06171875
9 0.09296875 0.63203125 0.02421875 0.0421875
1 0.1234375 0.83984375 0.021875 0.0375
9 0.0171875 0.9609375 0.034375 0.078125
9 0.18125 0.8921875 0.0375 0.025
1 0.29453125 0.61484375 0.0578125 0.0296875
5 0.83671875 0.6625 0.13671875 0.0984375
5 0.62890625 0.63125 0.0984375 0.0625
5 0.67890625 0.66171875 0.1 0.1
5 0.746875 0.64921875 0.0734375 0.090625
1 0.24765625 0.75234375 0.0515625 0.08125
1 0.48828125 0.73125 0.06484375 0.0390625
1 0.365625 0.89375 0.04375 0.05390625
1 0.24140625 0.9578125 0.05 0.06640625
1 0.31484375 0.928125 0.04140625 0.06640625
1 0.29609375 0.74765625 0.0421875 0.05390625
10 0.55390625 0.74140625 0.03046875 0.059375
10 0.64296875 0.81796875 0.0453125 0.0515625
10 0.690625 0.7828125 0.0453125 0.06484375
10 0.62890625 0.94453125 0.03984375 0.0578125
10 0.65390625 0.97265625 0.0484375 0.0546875
10 0.6359375 0.7203125 0.0421875 0.01640625
10 0.60390625 0.73828125 0.0484375 0.05390625
9 0.8140625 0.975 0.040625 0.05
9 0.55390625 0.8703125 0.03046875 0.0609375
1 0.85703125 0.99140625 0.0453125 0.0171875
1 0.915625 0.78203125 0.03203125 0.0484375
1 0.88359375 0.84921875 0.03984375 0.0484375
1 0.81484375 0.8015625 0.04140625 0.06640625
10 0.75234375 0.73046875 0.04375 0.03671875
9 0.634375 0.88046875 0.0453125 0.059375
1 0.5890625 0.82109375 0.0453125 0.0578125
1 0.84140625 0.95 0.05 0.05546875
9 0.69375 0.84921875 0.0515625 0.06875
9 0.7828125 0.75859375 0.06015625 0.0703125