9 0.1515625 0.32890625 0.11015625 0.14921875
9 0.2234375 0.2 0.0546875 0.08515625
1 0.17890625 0.17421875 0.03125 0.06015625
1 0.23984375 0.2546875 0.0296875 0.05703125
5 0.6296875 0.3453125 0.1625 0.31953125
5 0.87109375 0.2671875 0.10390625 0.18203125
5 0.82265625 0.52734375 0.0546875 0.071875
5 0.47109375 0.51015625 0.1921875 0.2578125
5 0.48203125 0.2125 0.1453125 0.2421875
5 0.675 0.58046875 0.1828125 0.1171875
5 0.73984375 0.5359375 0.0765625 0.1171875
5 0.83984375 0.41015625 0.1625 0.24921875
5 0.79453125 0.25 0.10625 0.15703125
5 0.95546875 0.32109375 0.08828125 0.18359375
5 0.728125 0.16171875 0.078125 0.096875
5 0.5296875 0.36875 0.0984375 0.13515625
1 0.02265625 0.82890625 0.0453125 0.06484375
1 0.22265625 0.73359375 0.05546875 0.075
0 0.03203125 0.68984375 0.06328125 0.10234375