1 0.0171875 0.12421875 0.034375 0.0578125
1 0.26875 0.32578125 0.04921875 0.06875
1 0.09765625 0.278125 0.05859375 0.0765625
10 0.13359375 0.16875 0.0609375 0.05546875
10 0.48828125 0.02265625 0.0359375 0.0453125
9 0.5640625 0.0203125 0.040625 0.040625
4 0.553125 0.4625 0.096875 0.1125
1 0.56171875 0.315625 0.09765625 0.11640625
10 0.525 0.39765625 0.04296875 0.0640625
0 0.428125 0.3546875 0.0375 0.08125
12 0.94453125 0.3671875 0.1109375 0.303125
10 0.1859375 0.52734375 0.028125 0.0171875
0 0.09765625 0.98046875 0.0421875 0.0390625
0 0.17578125 0.83828125 0.04296875 0.059375
0 0.11328125 0.9078125 0.04609375 0.0578125
1 0.15234375 0.7390625 0.02578125 0.04765625
1 0.1421875 0.990625 0.0375 0.01875
11 0.7375 0.83671875 0.06875 0.0796875
11 0.8171875 0.8390625 0.06015625 0.0671875
11 0.78203125 0.7515625 0.06015625 0.06875
11 0.71875 0.63828125 0.05625 0.0796875
11 0.46171875 0.89296875 0.08359375 0.08671875
11 0.46015625 0.95234375 0.07734375 0.08125
11 0.46875 0.80234375 0.07265625 0.09921875
11 0.53046875 0.840625 0.0515625 0.075
11 0.4171875 0.82578125 0.015625 0.0765625