11 0.23125 0.16796875 0.08515625 0.0625
11 0.13984375 0.15390625 0.09765625 0.05546875
11 0.1546875 0.20078125 0.10234375 0.05078125
0 0.17578125 0.01875 0.0796875 0.0375
0 0.01953125 0.11875 0.0390625 0.04375
0 0.0171875 0.0265625 0.034375 0.053125
0 0.15859375 0.05859375 0.084375 0.04296875
9 0.5109375 0.13515625 0.0375 0.0921875
1 0.46015625 0.015625 0.0328125 0.03125
10 0.5484375 0.17734375 0.0375 0.1546875
0 0.1140625 0.384375 0.1078125 0.1
11 0.37109375 0.41953125 0.0921875 0.0296875
10 0.165625 0.72578125 0.02578125 0.07265625
10 0.16328125 0.84375 0.0296875 0.0703125
10 0.26875 0.75 0.10625 0.125
11 0.4375 0.61015625 0.115625 0.17109375
0 0.478125 0.88359375 0.103125 0.1265625
0 0.33125 0.68828125 0.09765625 0.12109375
0 0.27578125 0.94375 0.10234375 0.10234375
0 0.3890625 0.446875 0.06171875 0.025
1 0.784375 0.59921875 0.07265625 0.05234375