1 0.15625 0.47734375 0.06015625 0.09140625
0 0.02109375 0.6171875 0.0421875 0.065625
1 0.58125 0.53828125 0.0515625 0.05859375
1 0.70546875 0.2484375 0.05703125 0.06328125
11 0.665625 0.05859375 0.0796875 0.08203125
9 0.73125 0.6265625 0.0625 0.046875
9 0.5015625 0.5875 0.04375 0.08203125
9 0.54453125 0.46171875 0.0609375 0.0609375
9 0.0484375 0.66484375 0.096875 0.0296875
4 0.34609375 0.853125 0.0515625 0.02890625
4 0.39453125 0.76484375 0.046875 0.03515625
4 0.4078125 0.8203125 0.04140625 0.03671875
9 0.2578125 0.77578125 0.0375 0.0328125
11 0.38046875 0.71484375 0.05078125 0.03046875
9 0.8328125 0.66015625 0.084375 0.0203125
1 0.56171875 0.690625 0.0265625 0.03359375
1 0.70390625 0.6625 0.0359375 0.025
0 0.78984375 0.790625 0.11796875 0.1
0 0.68515625 0.7140625 0.0640625 0.06328125
10 0.40546875 0.96796875 0.0859375 0.0640625