1 0.03828125 0.53125 0.0765625 0.078125
1 0.31015625 0.40859375 0.1125 0.075
1 0.1734375 0.01171875 0.11875 0.0234375
4 0.44453125 0.06328125 0.00703125 0.0078125
4 0.55703125 0.03203125 0.0453125 0.0640625
4 0.59375 0.09609375 0.0546875 0.07265625
7 0.4359375 0.03984375 0.09375 0.0796875
0 0.96796875 0.33671875 0.0640625 0.0796875
0 0.92734375 0.028125 0.0359375 0.05625
9 0.96953125 0.11015625 0.0609375 0.1046875
1 0.50390625 0.4421875 0.11953125 0.12890625
6 0.93125 0.59296875 0.10625 0.0921875
1 0.3703125 0.96640625 0.0375 0.0671875
1 0.36796875 0.68046875 0.0421875 0.0828125
1 0.16328125 0.728125 0.1484375 0.178125
1 0.21640625 0.6546875 0.1390625 0.03125
1 0.16875 0.9328125 0.09609375 0.103125
1 0.31171875 0.89921875 0.065625 0.084375
9 0.46640625 0.66328125 0.1421875 0.0484375
4 0.55078125 0.83671875 0.07109375 0.11171875
4 0.4046875 0.68359375 0.03125 0.0890625
1 0.734375 0.97734375 0.046875 0.0453125
1 0.66640625 0.90078125 0.06953125 0.08125