10 0.34765625 0.2296875 0.04375 0.04609375
1 0.396875 0.090625 0.02890625 0.0328125
1 0.35625 0.053125 0.03671875 0.0328125
1 0.4203125 0.125 0.02890625 0.0515625
1 0.4515625 0.08359375 0.0265625 0.0359375
1 0.259375 0.03203125 0.03125 0.04296875
1 0.18671875 0.18671875 0.02734375 0.034375
9 0.378125 0.22890625 0.04140625 0.046875
9 0.31171875 0.03515625 0.04140625 0.04453125
11 0.15546875 0.0546875 0.0640625 0.07734375
11 0.11875 0.1796875 0.05625 0.0640625
1 0.8390625 0.11015625 0.03984375 0.05390625
1 0.815625 0.153125 0.04453125 0.06875
1 0.80390625 0.21796875 0.040625 0.06015625
1 0.56875 0.41328125 0.04140625 0.05390625
1 0.6796875 0.453125 0.0421875 0.034375
1 0.59765625 0.109375 0.0421875 0.07421875
0 0.74140625 0.36875 0.053125 0.11875
0 0.659375 0.37109375 0.0671875 0.08125
9 0.72109375 0.1203125 0.0421875 0.07109375
9 0.73828125 0.18515625 0.0296875 0.05390625
1 0.75078125 0.07109375 0.03359375 0.05
1 0.48359375 0.26953125 0.0078125 0.04140625
10 0.253125 0.53671875 0.05 0.0796875
10 0.21328125 0.85859375 0.0328125 0.0625
10 0.3203125 0.8671875 0.03984375 0.05703125
10 0.375 0.90390625 0.0453125 0.07109375
10 0.09375 0.81953125 0.034375 0.06875
10 0.065625 0.9109375 0.03125 0.04609375
1 0.428125 0.8453125 0.03671875 0.05546875
5 0.68828125 0.771875 0.09375 0.1640625
5 0.68828125 0.9234375 0.0703125 0.096875
5 0.9765625 0.6703125 0.046875 0.128125
1 0.58359375 0.77109375 0.05 0.08984375
1 0.6203125 0.79375 0.04140625 0.0796875
1 0.621875 0.97890625 0.04375 0.04140625
1 0.5421875 0.975 0.05078125 0.05