10 0.16171875 0.48515625 0.07265625 0.021875
10 0.26640625 0.38046875 0.07421875 0.0734375
10 0.35078125 0.03203125 0.0453125 0.0625
10 0.13671875 0.009375 0.0453125 0.01875
10 0.0984375 0.53125 0.02890625 0.04296875
0 0.0171875 0.60078125 0.034375 0.0984375
1 0.4234375 0.5671875 0.06875 0.0296875
1 0.3953125 0.75234375 0.040625 0.07578125
9 0.2875 0.68828125 0.03671875 0.05703125
11 0.61484375 0.678125 0.065625 0.05546875
11 0.64609375 0.64140625 0.0546875 0.06015625
11 0.70546875 0.65234375 0.03671875 0.040625
10 0.709375 0.60234375 0.0453125 0.04921875
10 0.6625 0.7078125 0.02578125 0.03125
10 0.6328125 0.72734375 0.03203125 0.034375
1 0.58671875 0.54765625 0.03671875 0.04921875
1 0.57734375 0.60234375 0.0296875 0.03828125
1 0.61171875 0.57578125 0.0375 0.0421875
1 0.64453125 0.571875 0.0265625 0.0296875
1 0.615625 0.5109375 0.021875 0.021875
1 0.58671875 0.503125 0.0265625 0.00625
1 0.57734375 0.7 0.0328125 0.03828125
7 0.81875 0.6703125 0.06015625 0.06328125
7 0.771875 0.62890625 0.06328125 0.0515625
9 0.5171875 0.775 0.04296875 0.046875
1 0.80234375 0.98125 0.0453125 0.0375
1 0.71484375 0.98203125 0.0421875 0.0359375
1 0.6484375 0.5078125 0.01875 0.015625
1 0.65703125 0.55859375 0.0171875 0.0234375
1 0.6734375 0.5265625 0.02109375 0.025
1 0.67890625 0.58515625 0.01875 0.0234375
1 0.578125 0.6328125 0.0234375 0.02578125
1 0.60078125 0.63046875 0.03828125 0.0421875
1 0.59609375 0.6 0.0203125 0.025
1 0.66484375 0.6125 0.02109375 0.025