5 0.15 0.05078125 0.06796875 0.10078125
5 0.26484375 0.040625 0.08359375 0.07890625
5 0.26796875 0.13203125 0.08359375 0.084375
5 0.17890625 0.3171875 0.0984375 0.12265625
5 0.38515625 0.32734375 0.0921875 0.090625
5 0.16953125 0.21171875 0.06953125 0.10703125
9 0.47109375 0.240625 0.04453125 0.09453125
9 0.60234375 0.31328125 0.12578125 0.13125
9 0.68671875 0.10546875 0.06484375 0.0890625
0 0.78125 0.09296875 0.0546875 0.0890625
0 0.7265625 0.0484375 0.06796875 0.08046875
0 0.67890625 0.16953125 0.11015625 0.0984375
0 0.69375 0.25390625 0.05234375 0.05078125
1 0.58984375 0.15390625 0.03203125 0.0484375
1 0.55625 0.21484375 0.03203125 0.0546875
1 0.54765625 0.11171875 0.06484375 0.0625
1 0.24296875 0.47265625 0.075 0.0765625
9 0.32578125 0.7578125 0.14296875 0.1328125
9 0.12109375 0.76640625 0.08671875 0.07890625
1 0.43046875 0.528125 0.0375 0.06875
1 0.23984375 0.5453125 0.034375 0.04453125
1 0.18671875 0.54609375 0.04921875 0.04609375
10 0.7125 0.80234375 0.13984375 0.13125
10 0.84921875 0.9140625 0.10234375 0.096875
10 0.665625 0.97734375 0.078125 0.0453125