1 0.56484375 0.484375 0.02890625 0.0953125
1 0.00390625 0.40703125 0.0078125 0.1015625
1 0.3015625 0.34765625 0.034375 0.0765625
1 0.43046875 0.43828125 0.0375 0.071875
1 0.35234375 0.35859375 0.0375 0.08203125
9 0.5453125 0.31171875 0.04296875 0.05859375
9 0.51015625 0.45 0.046875 0.12734375
9 0.63671875 0.20625 0.03828125 0.0953125
0 0.33515625 0.49609375 0.0625 0.071875
0 0.4765625 0.55 0.065625 0.0375
8 0.89140625 0.64453125 0.2171875 0.1515625
1 0.97578125 0.98203125 0.02265625 0.03359375
0 0.99296875 0.85703125 0.0140625 0.0703125
0 0.99453125 0.97265625 0.0109375 0.0546875