11 0.05703125 0.04609375 0.1140625 0.0921875
11 0.15546875 0.2328125 0.12734375 0.06015625
11 0.2609375 0.08984375 0.1140625 0.1375
10 0.1703125 0.03984375 0.10625 0.0796875
9 0.3125 0.2375 0.0640625 0.05
9 0.14609375 0.18515625 0.16953125 0.15546875
11 0.34765625 0.12421875 0.1046875 0.2484375
1 0.0203125 0.23125 0.040625 0.0625
1 0.08125 0.2515625 0.05 0.021875
10 0.01015625 0.05078125 0.0203125 0.1015625
0 0.140625 0.53828125 0.06875 0.0609375
0 0.3625 0.48515625 0.075 0.0703125
0 0.3546875 0.40546875 0.07578125 0.06796875
0 0.10546875 0.4734375 0.0671875 0.04140625
1 0.496875 0.05078125 0.08125 0.1015625
1 0.6328125 0.37734375 0.0703125 0.08125
1 0.675 0.07578125 0.06640625 0.0671875
1 0.79609375 0.0796875 0.05703125 0.06015625
1 0.89140625 0.37734375 0.07265625 0.109375
1 0.9375 0.2734375 0.0703125 0.0828125
1 0.41796875 0.08984375 0.0359375 0.0953125
9 0.19296875 0.88984375 0.03671875 0.0234375
1 0.140625 0.87109375 0.04375 0.05625
1 0.06171875 0.88515625 0.04140625 0.0328125
9 0.190625 0.8578125 0.046875 0.0453125
10 0.04375 0.9671875 0.06875 0.065625
11 0.13984375 0.95078125 0.0828125 0.0984375
9 0.9296875 0.75859375 0.103125 0.096875
9 0.409375 0.77578125 0.01875 0.0765625
0 0.42578125 0.91328125 0.0515625 0.0734375
0 0.7171875 0.73515625 0.12265625 0.0953125
0 0.83984375 0.87265625 0.084375 0.0671875
0 0.4484375 0.70390625 0.096875 0.0953125