1 0.434375 0.0234375 0.053125 0.046875
0 0.3078125 0.06015625 0.12890625 0.08828125
9 0.17578125 0.41015625 0.03671875 0.1453125
1 0.1203125 0.44453125 0.05390625 0.06640625
1 0.18359375 0.32890625 0.021875 0.05703125
9 0.2734375 0.47734375 0.103125 0.0828125
9 0.5640625 0.25234375 0.09375 0.08203125
10 0.49140625 0.48125 0.0640625 0.05859375
10 0.6 0.12421875 0.065625 0.0390625
11 0.253125 0.33359375 0.09765625 0.17265625
11 0.43828125 0.42734375 0.0703125 0.07421875
11 0.59921875 0.3328125 0.0796875 0.1125
9 0.65 0.26484375 0.021875 0.0359375
9 0.91328125 0.1734375 0.07265625 0.09296875
10 0.884375 0.0953125 0.0515625 0.06484375
10 0.978125 0.146875 0.04375 0.065625
10 0.7875 0.01171875 0.046875 0.0234375
10 0.709375 0.0171875 0.046875 0.034375
1 0.74375 0.48515625 0.06875 0.0671875
1 0.86640625 0.31328125 0.059375 0.0609375
1 0.7 0.4890625 0.05 0.059375
1 0.05625 0.7265625 0.03828125 0.04296875
1 0.0546875 0.790625 0.04296875 0.05546875
1 0.0234375 0.65390625 0.02421875 0.0484375
10 0.5078125 0.740625 0.06171875 0.05
1 0.3546875 0.57421875 0.0734375 0.05546875
11 0.471875 0.9625 0.1140625 0.06796875
11 0.60859375 0.859375 0.0609375 0.08125
10 0.20625 0.8796875 0.08359375 0.1109375
9 0.13515625 0.90078125 0.046875 0.0890625
9 0.4765625 0.915625 0.125 0.16875
1 0.3359375 0.8890625 0.05546875 0.0625
1 0.396875 0.94921875 0.0359375 0.05546875
9 0.68515625 0.79609375 0.0484375 0.0359375
9 0.96171875 0.7046875 0.07265625 0.09296875
10 0.9328125 0.6265625 0.0515625 0.06484375
10 0.8359375 0.53671875 0.046875 0.0359375
10 0.7578125 0.5421875 0.046875 0.046875
10 0.65703125 0.59140625 0.0359375 0.0828125
1 0.66796875 0.8375 0.0578125 0.046875
1 0.91484375 0.84453125 0.059375 0.0609375