8 0.0125 0.05703125 0.025 0.0328125
1 0.27890625 0.2953125 0.06015625 0.084375
1 0.04140625 0.28046875 0.05546875 0.0578125
1 0.0734375 0.3390625 0.03828125 0.0609375
0 0.55390625 0.246875 0.15859375 0.11171875
0 0.878125 0.25 0.153125 0.13515625
8 0.09140625 0.703125 0.0921875 0.1
8 0.03203125 0.71796875 0.0640625 0.0671875
12 0.03984375 0.4171875 0.0796875 0.05625
12 0.0921875 0.4171875 0.0875 0.05625
0 0.24921875 0.478125 0.06953125 0.10625
0 0.36015625 0.58984375 0.07109375 0.096875
8 0.4046875 0.428125 0.05 0.078125
5 0.29296875 0.7046875 0.07265625 0.0984375
5 0.178125 0.6765625 0.07421875 0.13671875
10 0.41171875 0.8875 0.0359375 0.096875
10 0.17890625 0.959375 0.0484375 0.08125
10 0.14921875 0.86953125 0.02421875 0.08359375
11 0.28125 0.8609375 0.07265625 0.13671875
0 0.3703125 0.87109375 0.0640625 0.09296875
0 0.22578125 0.96171875 0.0484375 0.0765625
1 0.4734375 0.40390625 0.0625 0.0296875
8 0.5921875 0.8234375 0.11015625 0.24375
12 0.5921875 0.6671875 0.1109375 0.1734375
8 0.5125 0.92734375 0.14375 0.1453125
11 0.9859375 0.50390625 0.028125 0.0578125
6 0.7859375 0.9484375 0.0421875 0.071875
1 0.88515625 0.86328125 0.0484375 0.096875
0 0.83125 0.72265625 0.065625 0.10546875