10 0.32265625 0.40546875 0.09453125 0.10390625
1 0.46328125 0.04765625 0.0671875 0.0453125
9 0.7328125 0.009375 0.08125 0.01875
10 0.47109375 0.31953125 0.0828125 0.0890625
9 0.065625 0.875 0.13125 0.178125
9 0.14765625 0.5125 0.1265625 0.065625
1 0.59609375 0.61640625 0.09296875 0.109375
1 0.50234375 0.6203125 0.0515625 0.08046875
1 0.784375 0.553125 0.20078125 0.09296875
1 0.49921875 0.8328125 0.0578125 0.0671875
1 0.44921875 0.57578125 0.0390625 0.0796875
1 0.75625 0.840625 0.09140625 0.0546875
1 0.6671875 0.940625 0.08671875 0.07109375
9 0.81015625 0.6546875 0.15703125 0.07265625
9 0.92421875 0.87109375 0.08671875 0.1109375