11 0.2546875 0.35859375 0.08046875 0.040625
11 0.2578125 0.4140625 0.134375 0.071875
11 0.35078125 0.32421875 0.07890625 0.09375
11 0.2578125 0.27890625 0.06171875 0.08046875
9 0.17890625 0.2015625 0.07578125 0.03671875
9 0.1015625 0.10390625 0.06171875 0.08046875
10 0.225 0.08203125 0.09140625 0.07578125
1 0.390625 0.1671875 0.0421875 0.05625
1 0.17890625 0.02890625 0.0578125 0.0578125
9 0.78671875 0.0203125 0.0390625 0.040625
9 0.6671875 0.0328125 0.115625 0.065625
0 0.56640625 0.05546875 0.0921875 0.06328125
0 0.7328125 0.11796875 0.04765625 0.06484375
11 0.52109375 0.26796875 0.08984375 0.08359375
11 0.66953125 0.2484375 0.07265625 0.06640625
1 0.68125 0.415625 0.084375 0.06875
1 0.9484375 0.24765625 0.103125 0.0671875
1 0.86328125 0.278125 0.09921875 0.11953125
1 0.87109375 0.40390625 0.1296875 0.0921875
1 0.96796875 0.3453125 0.0640625 0.125
11 0.5359375 0.47734375 0.09375 0.0546875
11 0.521875 0.55546875 0.07421875 0.08671875
11 0.44140625 0.60234375 0.0453125 0.0578125
10 0.46875 0.6765625 0.06171875 0.071875
10 0.45625 0.47890625 0.03515625 0.046875
1 0.659375 0.6203125 0.04609375 0.075
1 0.63359375 0.53359375 0.040625 0.05625
1 0.60859375 0.6078125 0.0515625 0.0625
1 0.5703125 0.64921875 0.03515625 0.04296875
1 0.6484375 0.6984375 0.028125 0.028125
1 0.68125 0.69375 0.01015625 0.0375
1 0.56328125 0.68203125 0.02421875 0.03359375
1 0.51875 0.66796875 0.025 0.03359375
1 0.61171875 0.4921875 0.03203125 0.0375
1 0.58515625 0.5203125 0.053125 0.06015625
1 0.6109375 0.55703125 0.0265625 0.0359375
1 0.51796875 0.615625 0.028125 0.0359375
1 0.69296875 0.56953125 0.0125 0.06015625
1 0.9 0.5765625 0.04765625 0.11875
1 0.8984375 0.69453125 0.053125 0.0359375
1 0.98828125 0.51796875 0.0234375 0.1328125
10 0.4484375 0.72890625 0.059375 0.0328125