9 0.140625 0.31171875 0.078125 0.0359375
10 0.309375 0.04609375 0.0421875 0.0875
10 0.13671875 0.05234375 0.0578125 0.075
1 0.32265625 0.2109375 0.01484375 0.071875
1 0.29375 0.28984375 0.0515625 0.071875
1 0.05703125 0.21015625 0.02265625 0.03984375
0 0.19296875 0.15078125 0.0546875 0.07421875
0 0.2296875 0.1265625 0.06640625 0.09765625
0 0.19375 0.03515625 0.0984375 0.0703125
0 0.2875 0.153125 0.08515625 0.14296875
0 0.07265625 0.27734375 0.10625 0.1046875
0 0.08125 0.12890625 0.13359375 0.1546875
1 0.45703125 0.11640625 0.05 0.0828125
1 0.99296875 0.2734375 0.01328125 0.1125
0 0.88203125 0.309375 0.071875 0.040625
0 0.6609375 0.296875 0.0796875 0.065625
5 0.22265625 0.57421875 0.0734375 0.11328125
5 0.0921875 0.88359375 0.0609375 0.0984375
5 0.16171875 0.81640625 0.06796875 0.07890625
5 0.165625 0.93046875 0.07109375 0.08046875
5 0.11484375 0.55703125 0.12421875 0.13671875
5 0.22734375 0.37890625 0.07109375 0.09375
5 0.0296875 0.74453125 0.059375 0.0828125
9 0.28671875 0.878125 0.0828125 0.11328125
9 0.37578125 0.64453125 0.090625 0.11875
0 0.34765625 0.5671875 0.03515625 0.1046875
0 0.44296875 0.571875 0.0828125 0.11015625