9 0.1515625 0.0078125 0.05 0.015625
0 0.0296875 0.29375 0.059375 0.09375
9 0.10703125 0.25546875 0.05078125 0.046875
9 0.1140625 0.3109375 0.075 0.0703125
9 0.53515625 0.26875 0.05859375 0.0640625
1 0.42109375 0.3953125 0.03828125 0.05546875
1 0.6140625 0.19609375 0.03125 0.0609375
1 0.37421875 0.26015625 0.0375 0.04765625
1 0.3765625 0.14140625 0.03671875 0.0484375
9 0.0203125 0.59296875 0.040625 0.1359375
9 0.0609375 0.65078125 0.08125 0.121875
11 0.1921875 0.5703125 0.0375 0.1
10 0.1546875 0.47421875 0.071875 0.0890625
10 0.0171875 0.6046875 0.034375 0.103125
10 0.60546875 0.5046875 0.03203125 0.0484375
10 0.621875 0.49296875 0.015625 0.0578125
1 0.16328125 0.74375 0.03984375 0.046875
1 0.03984375 0.9140625 0.04453125 0.059375
9 0.171875 0.80390625 0.04609375 0.0578125
1 0.565625 0.78125 0.128125 0.121875
1 0.31328125 0.8796875 0.0984375 0.0828125
1 0.59453125 0.925 0.0703125 0.09375
1 0.35625 0.81015625 0.0796875 0.0640625
1 0.42734375 0.7671875 0.0625 0.0578125
1 0.378125 0.98828125 0.071875 0.0234375