1 0.40078125 0.02109375 0.1609375 0.0421875
1 0.0703125 0.01796875 0.075 0.0359375
1 0.40078125 0.15625 0.06328125 0.06796875
1 0.25390625 0.05078125 0.0578125 0.1015625
9 0.159375 0.353125 0.08046875 0.10703125
9 0.084375 0.2125 0.09765625 0.05625
0 0.390625 0.2671875 0.10625 0.0703125
5 0.51328125 0.3203125 0.0484375 0.090625
9 0.57734375 0.234375 0.04453125 0.09453125
9 0.70859375 0.30703125 0.12578125 0.13125
9 0.79296875 0.09921875 0.06484375 0.0890625
0 0.8875 0.08671875 0.0546875 0.0890625
0 0.8328125 0.0421875 0.06796875 0.08046875
0 0.78515625 0.16328125 0.11015625 0.0984375
0 0.8 0.24765625 0.05234375 0.05078125
1 0.69609375 0.14765625 0.03203125 0.0484375
1 0.6625 0.20859375 0.03203125 0.0546875
1 0.65390625 0.10546875 0.06484375 0.0625
5 0.16796875 0.5140625 0.0765625 0.14453125
5 0.19296875 0.66015625 0.06328125 0.07734375
1 0.0671875 0.55546875 0.03984375 0.07890625
1 0.10625 0.5625 0.03125 0.07265625
1 0.14140625 0.76484375 0.0328125 0.0796875
1 0.0609375 0.775 0.046875 0.04140625
1 0.07734375 0.8703125 0.02890625 0.0875