5 0.36328125 0.28359375 0.12421875 0.1203125
5 0.2109375 0.4625 0.05078125 0.0921875
0 0.8125 0.0546875 0.06875 0.109375
0 0.9765625 0.06796875 0.046875 0.1078125
1 0.7015625 0.0734375 0.02890625 0.046875
1 0.73125 0.02421875 0.034375 0.0484375
11 0.87421875 0.45703125 0.0625 0.0265625
11 0.88984375 0.4203125 0.10390625 0.05
11 0.7953125 0.459375 0.0625 0.059375
11 0.84921875 0.50234375 0.0484375 0.05
1 0.71875 0.53828125 0.034375 0.0234375
10 0.16015625 0.58203125 0.0671875 0.0640625
10 0.04921875 0.94921875 0.0609375 0.1015625
1 0.5921875 0.821875 0.078125 0.103125
1 0.4578125 0.58359375 0.0375 0.0671875
1 0.97109375 0.575 0.0578125 0.05
1 0.95078125 0.7109375 0.05390625 0.0671875
1 0.74140625 0.86484375 0.05078125 0.08125
1 0.8421875 0.871875 0.0421875 0.06015625
1 0.51640625 0.85390625 0.059375 0.0671875
1 0.72734375 0.6078125 0.06640625 0.08359375
1 0.8875 0.7875 0.04453125 0.06328125