11 0.26640625 0.46328125 0.08984375 0.08671875
11 0.0875 0.3 0.10078125 0.0875
11 0.2546875 0.328125 0.08671875 0.1125
1 0.071875 0.44140625 0.07890625 0.0625
1 0.25 0.12578125 0.09921875 0.0984375
10 0.22421875 0.5921875 0.1140625 0.0546875
4 0.5640625 0.20625 0.09921875 0.0921875
11 0.671875 0.36171875 0.08359375 0.07265625
11 0.4671875 0.36953125 0.09765625 0.0875
11 0.44140625 0.184375 0.04453125 0.1015625
11 0.65078125 0.1140625 0.1296875 0.090625
11 0.98046875 0.07421875 0.03828125 0.07265625
11 0.53359375 0.47578125 0.159375 0.1546875
11 0.72578125 0.134375 0.07578125 0.06640625
10 0.55859375 0.3234375 0.09296875 0.08046875
1 0.8375 0.51328125 0.04921875 0.06484375
1 0.8359375 0.4515625 0.04921875 0.053125
1 0.6875 0.50859375 0.08984375 0.06796875
1 0.8703125 0.32109375 0.05078125 0.053125
1 0.94296875 0.21328125 0.05703125 0.0515625
9 0.91484375 0.03828125 0.0859375 0.0765625
9 0.81953125 0.19375 0.08203125 0.07890625
9 0.72578125 0.31953125 0.1140625 0.11796875
1 0.16640625 0.8734375 0.07734375 0.07265625
1 0.25390625 0.97421875 0.08203125 0.0515625
0 0.04921875 0.775 0.0984375 0.090625
0 0.08046875 0.92578125 0.10234375 0.08671875
0 0.1640625 0.7390625 0.1078125 0.0875
0 0.23984375 0.7921875 0.09453125 0.08203125
11 0.26484375 0.65859375 0.09453125 0.07734375
9 0.7890625 0.97109375 0.121875 0.0578125
9 0.7484375 0.8875 0.1109375 0.11796875
9 0.7046875 0.975 0.07734375 0.05
10 0.94921875 0.87421875 0.07890625 0.090625
10 0.8015625 0.734375 0.07578125 0.07421875
10 0.87890625 0.82734375 0.1171875 0.1078125