1 0.32734375 0.25234375 0.05390625 0.08046875
1 0.43515625 0.1140625 0.0578125 0.08046875
1 0.35 0.359375 0.08125 0.01875
1 0.06015625 0.26953125 0.0625 0.06015625
9 0.29921875 0.0578125 0.0890625 0.115625
9 0.61015625 0.12109375 0.1484375 0.2421875
8 0.03359375 0.5015625 0.0671875 0.03125
8 0.025 0.48046875 0.05 0.0328125
10 0.28828125 0.45625 0.08046875 0.10390625
9 0.37109375 0.47421875 0.1078125 0.14453125
9 0.45625 0.3796875 0.025 0.021875
1 0.453125 0.6015625 0.03125 0.103125
9 0.43046875 0.43125 0.0765625 0.125
1 0.2578125 0.68359375 0.01953125 0.078125
1 0.33359375 0.953125 0.0453125 0.09375
1 0.37890625 0.97578125 0.0453125 0.0484375
1 0.3640625 0.92265625 0.0375 0.08125
1 0.41015625 0.97109375 0.0390625 0.0578125
10 0.70625 0.4703125 0.09375 0.0640625
10 0.4796875 0.50703125 0.021875 0.1171875
9 0.80546875 0.47109375 0.07265625 0.084375