9 0.059375 0.0671875 0.09296875 0.0515625
11 0.31484375 0.02734375 0.1265625 0.0546875
8 0.01875 0.47265625 0.0375 0.0921875
8 0.0125 0.27734375 0.025 0.0765625
8 0.04921875 0.440625 0.03125 0.09765625
8 0.11171875 0.4953125 0.0234375 0.046875
8 0.08203125 0.4703125 0.0359375 0.096875
8 0.11875 0.39140625 0.02265625 0.0765625
8 0.03125 0.50703125 0.028125 0.0234375
8 0.046875 0.296875 0.03125 0.08515625
0 0.1734375 0.153125 0.0375 0.12109375
0 0.23828125 0.36171875 0.12265625 0.15625
7 0.37109375 0.3609375 0.0359375 0.18125
1 0.5984375 0.15078125 0.07265625 0.05234375
1 0.8921875 0.028125 0.06171875 0.03984375
9 0.08828125 0.96640625 0.1015625 0.0671875
0 0.05078125 0.81484375 0.0765625 0.07578125
11 0.409375 0.66796875 0.040625 0.0578125
9 0.4828125 0.79375 0.075 0.12265625
9 0.98046875 0.7125 0.0390625 0.090625
9 0.6328125 0.6796875 0.059375 0.0796875
9 0.57421875 0.7484375 0.08046875 0.16875
4 0.78828125 0.90234375 0.0578125 0.1953125
1 0.70703125 0.95078125 0.0578125 0.0703125
1 0.87421875 0.9296875 0.06953125 0.071875
1 0.6921875 0.6984375 0.0484375 0.04296875