10 0.3890625 0.01015625 0.040625 0.0203125
8 0.54453125 0.0171875 0.0515625 0.034375
11 0.3125 0.26875 0.04765625 0.05390625
11 0.37578125 0.26640625 0.02890625 0.03828125
11 0.41953125 0.2921875 0.0203125 0.03984375
11 0.37421875 0.32265625 0.03359375 0.03046875
11 0.3453125 0.45859375 0.03125 0.0203125
10 0.11171875 0.1703125 0.028125 0.03125
10 0.11015625 0.4296875 0.034375 0.0328125
4 0.0484375 0.4390625 0.0390625 0.0390625
4 0.06328125 0.3640625 0.05 0.06484375
0 0.2171875 0.1390625 0.0359375 0.065625
0 0.1796875 0.390625 0.025 0.04765625
1 0.52421875 0.4234375 0.0546875 0.090625
11 0.7890625 0.13984375 0.08515625 0.0625
11 0.69765625 0.12578125 0.09765625 0.05546875
11 0.7125 0.17265625 0.10234375 0.05078125
0 0.73359375 0.0046875 0.0796875 0.009375
0 0.71640625 0.03046875 0.084375 0.04296875
1 0.59921875 0.371875 0.0390625 0.01875
1 0.6078125 0.40859375 0.05625 0.0265625
1 0.6078125 0.4265625 0.05625 0.021875
9 0.7859375 0.46015625 0.121875 0.0171875
9 0.81015625 0.59921875 0.06875 0.1046875
1 0.8 0.76796875 0.03984375 0.08046875
10 0.68046875 0.85546875 0.08125 0.03203125