1 0.1734375 0.0265625 0.0625 0.053125
1 0.47265625 0.00390625 0.0203125 0.0078125
0 0.2625 0.06640625 0.06796875 0.08125
0 0.3109375 0.03828125 0.0625 0.0765625
0 0.33125 0.10703125 0.08671875 0.0828125
9 0.43046875 0.121875 0.053125 0.0625
1 0.025 0.19765625 0.05 0.0390625
1 0.025 0.396875 0.05 0.09375
1 0.134375 0.36328125 0.01640625 0.065625
10 0.12734375 0.68828125 0.0296875 0.0234375
5 0.246875 0.4046875 0.13125 0.18984375
5 0.51015625 0.63671875 0.1171875 0.1265625
5 0.525 0.33671875 0.0875 0.2234375
5 0.26015625 0.5140625 0.03828125 0.0796875
5 0.28046875 0.478125 0.0296875 0.05703125
5 0.32265625 0.41875 0.04140625 0.08125
5 0.3375 0.33515625 0.0546875 0.10859375
5 0.3609375 0.4265625 0.04296875 0.0984375
5 0.29296875 0.66171875 0.0578125 0.0765625
5 0.31015625 0.5796875 0.053125 0.12578125
5 0.37265625 0.6640625 0.0546875 0.071875
5 0.3265625 0.67109375 0.053125 0.0578125
5 0.43828125 0.68125 0.0359375 0.0375
5 0.4890625 0.6421875 0.053125 0.11015625
5 0.61171875 0.2078125 0.053125 0.059375
9 0.90625 0.26015625 0.0671875 0.04140625
0 0.865625 0.04921875 0.078125 0.0984375
0 0.9484375 0.09140625 0.0890625 0.078125
5 0.66015625 0.3234375 0.0890625 0.08515625
5 0.63515625 0.62421875 0.11484375 0.14296875
5 0.665625 0.665625 0.075 0.06875
5 0.60546875 0.54140625 0.0734375 0.1078125
9 0.928125 0.59453125 0.1 0.1234375
9 0.86015625 0.384375 0.07890625 0.08203125
9 0.78203125 0.66171875 0.0890625 0.0765625
1 0.97109375 0.290625 0.0578125 0.01875
1 0.91015625 0.5234375 0.1015625 0.04375
1 0.7578125 0.3890625 0.07734375 0.075
9 0.0640625 0.98203125 0.021875 0.0359375
0 0.109375 0.7578125 0.0359375 0.078125
0 0.08515625 0.7125 0.0296875 0.025
0 0.5328125 0.93984375 0.071875 0.1203125
10 0.9671875 0.74609375 0.065625 0.0640625
10 0.87109375 0.934375 0.0796875 0.08828125