10 0.4046875 0.315625 0.028125 0.065625
9 0.81796875 0.03671875 0.0640625 0.0734375
9 0.859375 0.2828125 0.209375 0.234375
1 0.57890625 0.05390625 0.06953125 0.103125
11 0.634375 0.1734375 0.134375 0.16953125
10 0.64921875 0.06875 0.06953125 0.103125
1 0.36171875 0.69296875 0.1140625 0.0359375
1 0.29765625 0.4875 0.10859375 0.06796875
1 0.15078125 0.5859375 0.11015625 0.11328125
1 0.61484375 0.87421875 0.06171875 0.07109375
1 0.82734375 0.4859375 0.04296875 0.03984375
1 0.83515625 0.9703125 0.03125 0.0328125