9 0.04296875 0.22421875 0.06640625 0.08671875
9 0.48828125 0.16171875 0.17890625 0.13515625
1 0.5796875 0.15703125 0.053125 0.0609375
1 0.63828125 0.175 0.0421875 0.053125
11 0.71953125 0.0609375 0.1203125 0.121875
10 0.02265625 0.4734375 0.0453125 0.05
1 0.1953125 0.3453125 0.08125 0.0578125
1 0.51875 0.5265625 0.07421875 0.0609375
5 0.028125 0.6484375 0.05625 0.15
5 0.121875 0.86171875 0.05859375 0.1015625
9 0.6265625 0.625 0.04921875 0.075
10 0.6515625 0.90859375 0.015625 0.0578125
10 0.640625 0.93515625 0.0328125 0.04921875
9 0.60859375 0.57109375 0.046875 0.02890625
9 0.55859375 0.653125 0.06640625 0.08984375
9 0.64453125 0.9890625 0.0296875 0.021875
9 0.63125 0.76953125 0.04921875 0.1015625