9 0.17421875 0.01953125 0.0890625 0.0390625
9 0.32265625 0.0484375 0.075 0.04453125
9 0.1890625 0.09609375 0.0953125 0.07734375
1 0.2921875 0.10625 0.0703125 0.053125
0 0.34609375 0.24140625 0.1421875 0.0546875
0 0.37890625 0.16796875 0.16015625 0.13828125
0 0.35859375 0.0140625 0.1828125 0.028125
1 0.171875 0.16015625 0.0609375 0.059375
11 0.48828125 0.12578125 0.0390625 0.1171875
11 0.64375 0.021875 0.065625 0.04375
11 0.734375 0.00546875 0.0375 0.0109375
10 0.6921875 0.046875 0.02578125 0.03125
10 0.6625 0.06640625 0.03203125 0.034375
1 0.60703125 0.0390625 0.0328125 0.03828125
7 0.84765625 0.0203125 0.0609375 0.040625
9 0.546875 0.1140625 0.04296875 0.046875
1 0.50546875 0.2234375 0.0328125 0.0421875
0 0.39609375 0.534375 0.0625 0.0796875
0 0.4453125 0.53046875 0.046875 0.1109375
0 0.43515625 0.34921875 0.0671875 0.1234375
0 0.43203125 0.9578125 0.0734375 0.084375
0 0.33125 0.92734375 0.0828125 0.08984375
0 0.16640625 0.63671875 0.11328125 0.17421875
0 0.2546875 0.41796875 0.1703125 0.14296875