0 0.86796875 0.30546875 0.1234375 0.146875
1 0.80625 0.0109375 0.07109375 0.021875
1 0.69453125 0.1078125 0.06171875 0.06328125
5 0.04296875 0.7078125 0.08515625 0.165625
5 0.29296875 0.9390625 0.03359375 0.06875
5 0.2734375 0.98125 0.07265625 0.03671875
5 0.2453125 0.9296875 0.07734375 0.08359375
5 0.228125 0.68203125 0.096875 0.140625
5 0.27734375 0.62734375 0.0640625 0.10390625
5 0.2859375 0.69296875 0.04765625 0.0953125
5 0.10859375 0.6859375 0.0671875 0.0671875
5 0.03203125 0.7359375 0.0640625 0.096875
1 0.73125 0.66328125 0.08984375 0.03515625
1 0.85234375 0.65078125 0.03671875 0.0265625
1 0.58359375 0.82109375 0.08515625 0.05
1 0.71875 0.7265625 0.0578125 0.03515625
1 0.5828125 0.7234375 0.03671875 0.025
1 0.646875 0.76015625 0.125 0.05859375
1 0.63203125 0.72265625 0.0640625 0.0453125
1 0.86640625 0.72109375 0.065625 0.03984375
1 0.73046875 0.5859375 0.053125 0.03046875
1 0.67890625 0.82578125 0.05625 0.03515625
1 0.521875 0.67890625 0.0578125 0.03515625
1 0.75390625 0.7625 0.06171875 0.053125
1 0.80390625 0.71875 0.04765625 0.028125
9 0.88046875 0.87734375 0.07578125 0.05546875
9 0.7390625 0.95 0.053125 0.03828125
9 0.9 0.81015625 0.07578125 0.03515625
9 0.5125 0.74140625 0.06875 0.04375
0 0.709375 0.8703125 0.08515625 0.0421875