11 0.19296875 0.6328125 0.1671875 0.1875
10 0.3296875 0.76875 0.09296875 0.03671875
10 0.378125 0.715625 0.11328125 0.12265625
4 0.4015625 0.56796875 0.103125 0.0578125
0 0.2546875 0.9578125 0.046875 0.021875
0 0.22421875 0.8890625 0.05859375 0.025
1 0.0890625 0.98984375 0.025 0.0203125
9 0.225 0.93359375 0.053125 0.0421875
9 0.2875 0.98046875 0.04609375 0.03828125
9 0.09921875 0.96640625 0.028125 0.01875
9 0.159375 0.9703125 0.03828125 0.028125
9 0.190625 0.984375 0.025 0.01875
9 0.1421875 0.859375 0.04296875 0.02890625
9 0.121875 0.90859375 0.03125 0.01875
9 0.1859375 0.85703125 0.053125 0.025
9 0.83515625 0.98125 0.0828125 0.0375
9 0.98359375 0.93984375 0.0328125 0.0890625
9 0.75390625 0.8296875 0.053125 0.10625
0 0.8796875 0.603125 0.10625 0.128125