1 0.23046875 0.14140625 0.05 0.04765625
1 0.35078125 0.075 0.0453125 0.034375
1 0.27890625 0.146875 0.0484375 0.03828125
1 0.24609375 0.0046875 0.0578125 0.009375
1 0.0359375 0.265625 0.0609375 0.03828125
1 0.04921875 0.16171875 0.04140625 0.02890625
1 0.04453125 0.2015625 0.053125 0.03828125
1 0.0859375 0.11875 0.028125 0.03046875
1 0.171875 0.06875 0.0453125 0.03203125
1 0.14375 0.19296875 0.03359375 0.03203125
10 0.42421875 0.62890625 0.0671875 0.0828125
10 0.33984375 0.40390625 0.0546875 0.0703125
1 0.2390625 0.4109375 0.04609375 0.06328125
1 0.3 0.3921875 0.0375 0.046875
9 0.03515625 0.8921875 0.0703125 0.11875
0 0.02421875 0.97734375 0.0484375 0.0453125
9 0.29296875 0.8578125 0.03515625 0.0484375
9 0.41484375 0.778125 0.0546875 0.06328125
9 0.421875 0.98828125 0.040625 0.0234375
1 0.4046875 0.90546875 0.0234375 0.02734375
9 0.31953125 0.88359375 0.04296875 0.05546875
9 0.3625 0.96875 0.03359375 0.0421875