5 0.1015625 0.2015625 0.10859375 0.10390625
5 0.1390625 0.26484375 0.1046875 0.0875
5 0.03359375 0.28359375 0.0671875 0.0609375
5 0.0265625 0.21640625 0.053125 0.0828125
10 0.4234375 0.2375 0.08984375 0.05859375
9 0.0828125 0.72578125 0.1484375 0.25546875
10 0.91171875 0.72890625 0.14375 0.1125
10 0.78828125 0.35078125 0.0578125 0.0640625
10 0.55625 0.37265625 0.053125 0.0953125
11 0.54921875 0.72734375 0.0390625 0.1828125
11 0.946875 0.37265625 0.10625 0.1078125
11 0.60234375 0.96640625 0.0890625 0.0671875
11 0.68125 0.65703125 0.08828125 0.08515625
11 0.746875 0.98515625 0.065625 0.0296875
0 0.95234375 0.98828125 0.0953125 0.0234375