11 0.49140625 0.0640625 0.1578125 0.128125
9 0.3546875 0.0421875 0.096875 0.08203125
9 0.540625 0.24296875 0.053125 0.01328125
9 0.35625 0.13515625 0.0703125 0.06328125
11 0.07421875 0.321875 0.08515625 0.07265625
11 0.01015625 0.36953125 0.0203125 0.0734375
11 0.11953125 0.484375 0.06796875 0.0703125
1 0.0640625 0.371875 0.0515625 0.05625
9 0.0453125 0.5140625 0.05625 0.06640625
1 0.63984375 0.28359375 0.0390625 0.0703125
1 0.4 0.51484375 0.1046875 0.09296875
1 0.3921875 0.3234375 0.125 0.11484375
1 0.62734375 0.4265625 0.0640625 0.084375
5 0.8921875 0.2078125 0.16484375 0.14609375
5 0.8453125 0.01328125 0.103125 0.0265625
5 0.7609375 0.18125 0.203125 0.3625
9 0.92734375 0.5765625 0.05625 0.0609375
9 0.73203125 0.65078125 0.071875 0.0875
9 0.828125 0.60625 0.08125 0.09296875