1 0.22265625 0.1625 0.02421875 0.0765625
1 0.1421875 0.11015625 0.03046875 0.0953125
1 0.2796875 0.1890625 0.034375 0.0609375
1 0.80078125 0.20859375 0.11484375 0.13359375
1 0.8875 0.28671875 0.1328125 0.05234375
1 0.459375 0.275 0.0828125 0.05625
1 0.7375 0.0265625 0.08125 0.053125
1 0.603125 0.375 0.03359375 0.0640625
1 0.659375 0.4375 0.03671875 0.06171875
1 0.5234375 0.22890625 0.04609375 0.08046875
9 0.2390625 0.51875 0.040625 0.0375
9 0.2703125 0.97890625 0.071875 0.0421875
9 0.040625 0.78515625 0.034375 0.10546875
10 0.1265625 0.7875 0.053125 0.1140625
1 0.5578125 0.9625 0.0640625 0.0734375
9 0.3828125 0.75546875 0.046875 0.1546875
9 0.4015625 0.89453125 0.084375 0.0984375
9 0.73359375 0.528125 0.0609375 0.05625
9 0.8375 0.5359375 0.0625 0.071875
9 0.86484375 0.8171875 0.05234375 0.09609375
9 0.97734375 0.60078125 0.0453125 0.0734375