1 0.19296875 0.35625 0.028125 0.065625
1 0.3 0.39375 0.03359375 0.078125
9 0.16171875 0.484375 0.03671875 0.06953125
7 0.165625 0.403125 0.025 0.05625
7 0.21484375 0.4625 0.0265625 0.05625
7 0.2375 0.40625 0.03125 0.08359375
11 0.4640625 0.2140625 0.1609375 0.09609375
11 0.92265625 0.475 0.07578125 0.0375
11 0.51875 0.178125 0.05390625 0.040625
0 0.57734375 0.3546875 0.14296875 0.06953125
0 0.60234375 0.396875 0.18359375 0.06640625
0 0.52890625 0.303125 0.121875 0.06328125
0 0.88828125 0.36015625 0.1203125 0.0671875
0 0.73671875 0.36640625 0.1078125 0.06640625
0 0.7953125 0.27421875 0.15546875 0.08984375
1 0.0484375 0.6375 0.096875 0.14140625
1 0.21796875 0.7546875 0.071875 0.1140625
1 0.15078125 0.87890625 0.0765625 0.11015625
10 0.6109375 0.8015625 0.0578125 0.03984375
10 0.43515625 0.78359375 0.0578125 0.03203125
10 0.4375 0.7796875 0.0171875 0.009375
1 0.4453125 0.8015625 0.0359375 0.02265625
1 0.4890625 0.7171875 0.0375 0.025