1 0.11015625 0.23515625 0.2203125 0.1578125
1 0.2296875 0.0875 0.215625 0.175
0 0.00625 0.4140625 0.0125 0.15
0 0.06015625 0.43125 0.1203125 0.115625
7 0.23515625 0.4625 0.1484375 0.053125
1 0.665625 0.128125 0.06796875 0.1265625
1 0.70859375 0.20078125 0.04140625 0.07578125
1 0.74609375 0.2609375 0.05 0.05390625
1 0.9453125 0.01171875 0.040625 0.0234375
9 0.63046875 0.08515625 0.06328125 0.07734375
9 0.66015625 0.45703125 0.1015625 0.0640625
10 0.1203125 0.91328125 0.14140625 0.109375
9 0.0140625 0.52890625 0.028125 0.0796875
9 0.33046875 0.53046875 0.0921875 0.0828125
9 0.22109375 0.57265625 0.046875 0.0703125
0 0.12578125 0.70625 0.06640625 0.109375
0 0.39765625 0.8203125 0.084375 0.146875
9 0.7625 0.58515625 0.075 0.07421875
9 0.6515625 0.70859375 0.06875 0.06640625
0 0.8078125 0.82265625 0.075 0.06328125
0 0.675 0.86640625 0.146875 0.0953125