5 0.58671875 0.0375 0.1203125 0.075
5 0.3828125 0.43046875 0.065625 0.1328125
5 0.70625 0.078125 0.10625 0.15625
5 0.63125 0.22421875 0.12265625 0.1515625
5 0.746875 0.2109375 0.0875 0.11484375
5 0.5796875 0.30390625 0.178125 0.16953125
5 0.41796875 0.221875 0.08125 0.14140625
5 0.49609375 0.15625 0.06875 0.146875
5 0.85859375 0.19140625 0.13828125 0.13828125
11 0.3734375 0.59296875 0.046875 0.0484375
1 0.396875 0.684375 0.02890625 0.0484375
1 0.38046875 0.94453125 0.0609375 0.0859375
11 0.384375 0.984375 0.06875 0.03125
9 0.39140625 0.8265625 0.05546875 0.0515625
9 0.41953125 0.740625 0.0140625 0.0546875
11 0.6640625 0.5890625 0.05625 0.040625
0 0.62265625 0.81015625 0.084375 0.0734375
10 0.7359375 0.78046875 0.06953125 0.0640625
1 0.62421875 0.96796875 0.03515625 0.05390625
1 0.8109375 0.9765625 0.071875 0.046875
1 0.84765625 0.65390625 0.03984375 0.07109375
1 0.82265625 0.8703125 0.03203125 0.1078125
1 0.4671875 0.91484375 0.08203125 0.08359375