11 0.36640625 0.3953125 0.12421875 0.1390625
11 0.52109375 0.24609375 0.05 0.2265625
10 0.46796875 0.21875 0.05625 0.07890625
1 0.37890625 0.03359375 0.05 0.05625
0 0.8140625 0.49921875 0.109375 0.0203125
0 0.62578125 0.29921875 0.08671875 0.0921875
1 0.109375 0.89453125 0.07578125 0.12421875
8 0.01015625 0.6203125 0.0203125 0.05625
1 0.13203125 0.72734375 0.08828125 0.13828125
1 0.209375 0.7671875 0.075 0.1328125
1 0.2046875 0.5953125 0.075 0.171875
1 0.21015625 0.9125 0.115625 0.146875
1 0.26953125 0.75078125 0.0390625 0.1453125
1 0.0296875 0.9125 0.059375 0.14375
1 0.0375 0.73125 0.075 0.128125
1 0.0921875 0.5734375 0.11875 0.128125
1 0.26953125 0.5859375 0.0390625 0.15
1 0.36171875 0.68046875 0.07109375 0.0984375
1 0.37578125 0.61171875 0.034375 0.034375