9 0.6203125 0.63828125 0.06328125 0.084375
9 0.77421875 0.69609375 0.10859375 0.1390625
9 0.82890625 0.46171875 0.0546875 0.07890625
0 0.9203125 0.43984375 0.04375 0.0609375
0 0.859375 0.42109375 0.059375 0.0234375
0 0.8296875 0.52578125 0.1 0.08046875
0 0.85625 0.60703125 0.04765625 0.0421875
0 0.8734375 0.8078125 0.10546875 0.0484375
0 0.66015625 0.8125 0.040625 0.07421875
1 0.740625 0.52734375 0.02734375 0.04453125
1 0.7140625 0.59296875 0.02578125 0.05078125
1 0.69296875 0.49296875 0.0578125 0.05234375