9 0.44296875 0.12890625 0.0859375 0.1390625
10 0.51640625 0.26484375 0.07421875 0.10390625
1 0.55390625 0.03515625 0.0390625 0.0703125
1 0.525 0.37890625 0.06484375 0.08203125
0 0.63515625 0.31328125 0.1015625 0.15546875
0 0.84609375 0.19765625 0.09609375 0.1203125
1 0.82265625 0.021875 0.0578125 0.04375
0 0.95625 0.028125 0.0875 0.05625
1 0.35078125 0.87265625 0.07421875 0.0640625
0 0.25859375 0.64140625 0.1296875 0.1046875
0 0.04921875 0.70546875 0.0984375 0.1203125
0 0.1921875 0.8671875 0.10703125 0.08046875
11 0.9421875 0.8515625 0.1109375 0.10234375
0 0.76875 0.884375 0.14140625 0.078125
0 0.70703125 0.96640625 0.0859375 0.0671875