9 0.44296875 0.446875 0.03515625 0.0984375
10 0.50859375 0.50234375 0.0546875 0.0671875
10 0.53046875 0.38515625 0.0109375 0.0515625
0 0.2515625 0.4015625 0.0625 0.084375
0 0.23671875 0.61640625 0.075 0.02890625
4 0.68984375 0.38046875 0.0796875 0.0421875
0 0.6796875 0.48359375 0.0421875 0.0984375
11 0.346875 0.90625 0.3 0.1875
9 0.10234375 0.88203125 0.0515625 0.115625
10 0.634375 0.965625 0.046875 0.06875
1 0.65859375 0.99375 0.0328125 0.0125
9 0.97734375 0.57109375 0.0453125 0.0921875
1 0.92265625 0.44453125 0.0328125 0.046875