10 0.278125 0.15078125 0.034375 0.0484375
10 0.246875 0.18125 0.034375 0.04296875
11 0.11484375 0.3140625 0.0359375 0.07265625
11 0.0703125 0.2765625 0.059375 0.05390625
11 0.10078125 0.24296875 0.04921875 0.04921875
0 0.2984375 0.2921875 0.07265625 0.1109375
0 0.321875 0.21640625 0.0390625 0.0703125
0 0.22421875 0.2328125 0.09765625 0.08203125
0 0.05078125 0.0859375 0.06171875 0.10859375
0 0.09296875 0.15234375 0.11484375 0.11640625
9 0.0796875 0.20859375 0.0203125 0.03046875
9 0.08984375 0.05078125 0.0296875 0.04296875
9 0.15546875 0.253125 0.0359375 0.04375
1 0.4 0.34375 0.05625 0.0703125
1 0.64296875 0.26328125 0.071875 0.08125
9 0.67109375 0.16640625 0.0359375 0.0890625
1 0.57265625 0.26875 0.053125 0.08203125
10 0.56953125 0.625 0.053125 0.046875
0 0.628125 0.59921875 0.1125 0.1015625
9 0.603125 0.428125 0.0578125 0.04921875
0 0.403125 0.80390625 0.1109375 0.11328125
0 0.215625 0.7984375 0.05625 0.11171875
1 0.8453125 0.94375 0.028125 0.03828125
1 0.80859375 0.66796875 0.0390625 0.0359375