1 0.4671875 0.08125 0.04453125 0.0625
1 0.36875 0.08984375 0.04921875 0.0515625
1 0.3328125 0.0265625 0.0625 0.053125
1 0.4296875 0.015625 0.040625 0.03125
8 0.2 0.31796875 0.09921875 0.0765625
8 0.03671875 0.1703125 0.0734375 0.065625
8 0.09296875 0.1625 0.0671875 0.04765625
8 0.27265625 0.36484375 0.0265625 0.04921875
12 0.08984375 0.44375 0.1125 0.09609375
12 0.0265625 0.44765625 0.053125 0.1234375
12 0.23046875 0.41796875 0.11171875 0.0765625
1 0.59765625 0.09296875 0.1734375 0.1859375
1 0.56328125 0.28828125 0.1265625 0.1046875
1 0.559375 0.43125 0.11875 0.109375