1 0.840625 0.25 0.0765625 0.0890625
1 0.7625 0.23515625 0.0578125 0.07578125
1 0.759375 0.30546875 0.0625 0.07109375
11 0.71796875 0.42578125 0.0640625 0.084375
11 0.553125 0.14921875 0.0734375 0.09921875
11 0.64296875 0.346875 0.06484375 0.103125
11 0.67109375 0.16328125 0.04765625 0.0625
11 0.7921875 0.09453125 0.05625 0.07890625
11 0.62578125 0.06875 0.0765625 0.05390625
10 0.76953125 0.50703125 0.0578125 0.0234375
0 0.896875 0.34921875 0.0703125 0.0828125
0 0.75390625 0.37421875 0.1453125 0.12109375
0 0.7140625 0.1921875 0.0703125 0.09140625
1 0.6453125 0.2625 0.0359375 0.05390625
1 0.6515625 0.2 0.0515625 0.05546875
1 0.80078125 0.5 0.0390625 0.0375
6 0.1765625 0.94765625 0.0515625 0.1046875
1 0.33984375 0.86484375 0.05703125 0.13828125
0 0.28984375 0.6125 0.0828125 0.14765625
1 0.87265625 0.53125 0.0546875 0.025
1 0.74140625 0.5265625 0.0484375 0.015625
10 0.765625 0.6453125 0.03671875 0.06171875
10 0.7890625 0.7203125 0.02734375 0.0609375
10 0.7515625 0.8359375 0.0609375 0.059375
9 0.91796875 0.875 0.06953125 0.09921875
9 0.97421875 0.5703125 0.0421875 0.03359375