1 0.65234375 0.259375 0.0859375 0.078125
1 0.87109375 0.225 0.0734375 0.07734375
9 0.9578125 0.31875 0.084375 0.03125
10 0.9703125 0.11171875 0.059375 0.0609375
9 0.7203125 0.6015625 0.18125 0.075
9 0.6453125 0.54765625 0.06328125 0.0546875
9 0.7421875 0.56953125 0.0828125 0.053125
9 0.62265625 0.6046875 0.0265625 0.059375
10 0.95390625 0.496875 0.0921875 0.1
0 0.95390625 0.59609375 0.0921875 0.0859375
1 0.0640625 0.7671875 0.06015625 0.09140625
1 0.19765625 0.93125 0.07734375 0.08203125
1 0.32890625 0.92890625 0.059375 0.071875
9 0.903125 0.846875 0.04765625 0.05234375
9 0.93125 0.765625 0.03671875 0.06015625
9 0.88984375 0.97890625 0.0796875 0.0421875
10 0.95546875 0.95625 0.0640625 0.0875
1 0.83125 0.8265625 0.03359375 0.05078125
0 0.6859375 0.93984375 0.090625 0.1203125