4 0.940625 0.0390625 0.090625 0.078125
4 0.08515625 0.48203125 0.05234375 0.1171875
9 0.35234375 0.65703125 0.09921875 0.10859375
9 0.3046875 0.42734375 0.103125 0.0953125
9 0.21875 0.5296875 0.06640625 0.1203125
9 0.56875 0.58515625 0.0890625 0.12734375
11 0.47578125 0.6171875 0.13203125 0.1875
11 0.62265625 0.67578125 0.0734375 0.0703125
1 0.10703125 0.96015625 0.0515625 0.0796875
4 0.490625 0.9234375 0.103125 0.153125
9 0.21171875 0.86796875 0.0640625 0.1015625
0 0.36328125 0.76875 0.11796875 0.115625
1 0.84296875 0.65625 0.1125 0.109375
1 0.67265625 0.42890625 0.0265625 0.0515625
0 0.90625 0.4765625 0.1171875 0.10703125