1 0.640625 0.16328125 0.03125 0.05703125
1 0.4234375 0.19609375 0.028125 0.0859375
1 0.98359375 0.04296875 0.0328125 0.0421875
1 0.85234375 0.15703125 0.034375 0.059375
5 0.97265625 0.1375 0.0546875 0.09375
5 0.875 0.215625 0.06328125 0.04765625
11 0.653125 0.2703125 0.06328125 0.0609375
11 0.5046875 0.32734375 0.0515625 0.06328125
1 0.584375 0.25078125 0.0375 0.02265625
1 0.71328125 0.30234375 0.034375 0.06875
1 0.6875 0.36171875 0.0484375 0.04765625
1 0.74140625 0.40078125 0.04609375 0.06484375
9 0.5578125 0.38984375 0.03984375 0.06328125
0 0.9828125 0.425 0.034375 0.028125
9 0.3484375 0.8609375 0.08046875 0.10625
0 0.19609375 0.86015625 0.0921875 0.178125
10 0.66328125 0.4890625 0.07578125 0.05625
1 0.42890625 0.515625 0.0390625 0.059375
1 0.42890625 0.45078125 0.0390625 0.0234375
1 0.478125 0.48828125 0.06328125 0.0484375
1 0.5359375 0.5046875 0.04375 0.03359375
1 0.4625 0.578125 0.03359375 0.03671875
1 0.41796875 0.5859375 0.0171875 0.03125
7 0.7734375 0.4765625 0.0875 0.0515625
1 0.5203125 0.59375 0.03125 0.02421875
1 0.5546875 0.52734375 0.028125 0.02734375
1 0.57265625 0.5734375 0.03359375 0.03046875
1 0.60234375 0.5 0.03125 0.02734375
1 0.4578125 0.4515625 0.03125 0.025
1 0.58671875 0.46015625 0.03515625 0.02734375
0 0.96796875 0.55234375 0.0640625 0.1359375
11 0.63046875 0.99453125 0.0796875 0.0109375
11 0.7265625 0.9640625 0.078125 0.071875
11 0.634375 0.93046875 0.06171875 0.08046875
9 0.55546875 0.853125 0.07578125 0.03671875
9 0.478125 0.75546875 0.06171875 0.08046875
10 0.6 0.6375 0.05625 0.03359375
10 0.6015625 0.73359375 0.09140625 0.07578125
1 0.7671875 0.81875 0.0421875 0.05625
1 0.79921875 0.634375 0.03671875 0.02734375
1 0.55625 0.6796875 0.0578125 0.0609375
10 0.8234375 0.9765625 0.0125 0.046875
6 0.97109375 0.94921875 0.0578125 0.0390625