1 0.31484375 0.23671875 0.07265625 0.103125
1 0.23671875 0.2421875 0.07265625 0.0796875
1 0.6 0.29453125 0.0625 0.059375
1 0.70546875 0.225 0.0484375 0.04609375
1 0.85 0.3140625 0.0625 0.05
1 0.54609375 0.1953125 0.040625 0.06640625
1 0.415625 0.07734375 0.06875 0.06640625
1 0.44609375 0.33046875 0.0484375 0.0171875
9 0.89765625 0.09296875 0.0828125 0.07421875
1 0.1359375 0.74375 0.06171875 0.03984375
9 0.41015625 0.3796875 0.12421875 0.07109375
10 0.2296875 0.35078125 0.08125 0.0234375
10 0.41328125 0.446875 0.11171875 0.059375
11 0.40703125 0.66796875 0.078125 0.05625
11 0.46875 0.63203125 0.09140625 0.04921875
11 0.496875 0.671875 0.096875 0.04453125
1 0.47578125 0.3453125 0.0703125 0.0125
0 0.67734375 0.6046875 0.0875 0.04296875
0 0.321875 0.5375 0.07578125 0.03828125
0 0.55546875 0.56484375 0.08359375 0.03984375
0 0.48203125 0.49140625 0.0890625 0.04921875
0 0.371875 0.5640625 0.078125 0.03828125
0 0.278125 0.48515625 0.09453125 0.04765625
9 0.87578125 0.6546875 0.05234375 0.0578125
11 0.8609375 0.70625 0.12265625 0.0625
11 0.7765625 0.571875 0.05 0.0609375
10 0.75546875 0.64609375 0.02578125 0.0640625
10 0.94453125 0.346875 0.0515625 0.015625
1 0.815625 0.37109375 0.0390625 0.0546875
9 0.7640625 0.3859375 0.0421875 0.07890625
9 0.790625 0.52734375 0.0515625 0.0578125
9 0.95546875 0.6359375 0.046875 0.06953125
9 0.7484375 0.5921875 0.0109375 0.059375
9 0.84609375 0.42265625 0.0484375 0.0625
11 0.55078125 0.95234375 0.07265625 0.0828125
11 0.66015625 0.953125 0.1078125 0.09375
11 0.4625 0.921875 0.0890625 0.0890625
10 0.3703125 0.98984375 0.06875 0.0203125
10 0.584375 0.98203125 0.05625 0.0359375
9 0.85 0.75859375 0.05234375 0.04296875
9 0.853125 0.975 0.06875 0.05
10 0.88984375 0.92421875 0.0484375 0.0546875
10 0.7890625 0.95546875 0.04609375 0.05625
10 0.96796875 0.76796875 0.0640625 0.0609375
10 0.9875 0.84296875 0.025 0.0640625
10 0.75390625 0.7578125 0.02265625 0.04140625
11 0.74921875 0.88671875 0.01328125 0.1234375