10 0.6046875 0.5671875 0.03125 0.084375
9 0.79375 0.1578125 0.08984375 0.08828125
11 0.72265625 0.62109375 0.0796875 0.08828125
11 0.9828125 0.11875 0.034375 0.128125
1 0.90234375 0.5640625 0.05625 0.0765625
1 0.8328125 0.56328125 0.04296875 0.06953125
1 0.71640625 0.4671875 0.05859375 0.14609375
9 0.50234375 0.94140625 0.0703125 0.1171875
1 0.56640625 0.79765625 0.0453125 0.0828125
9 0.96796875 0.6921875 0.0640625 0.046875
5 0.6609375 0.98203125 0.1 0.0359375
5 0.80859375 0.9328125 0.08515625 0.06640625
5 0.878125 0.9609375 0.07421875 0.06953125
5 0.65078125 0.87890625 0.1234375 0.0953125
1 0.71796875 0.82734375 0.0953125 0.0125
0 0.95703125 0.9109375 0.0859375 0.178125