1 0.6421875 0.11015625 0.040625 0.06015625
11 0.7578125 0.11640625 0.08828125 0.11328125
1 0.17421875 0.65390625 0.0453125 0.06171875
10 0.64140625 0.446875 0.05 0.06875
1 0.6046875 0.45234375 0.0375 0.0546875
1 0.68984375 0.5171875 0.0375 0.0421875
1 0.77421875 0.5390625 0.03359375 0.04296875
1 0.73515625 0.51796875 0.0234375 0.04453125
9 0.56171875 0.478125 0.0234375 0.065625
10 0.88828125 0.5734375 0.03671875 0.0453125
10 0.8546875 0.59609375 0.02109375 0.0453125
10 0.88203125 0.490625 0.0453125 0.046875
11 0.98515625 0.525 0.0296875 0.071875
11 0.57734375 0.746875 0.03359375 0.03359375
10 0.5640625 0.7046875 0.028125 0.040625
10 0.5640625 0.81484375 0.02265625 0.02578125
10 0.55546875 0.84765625 0.0109375 0.0265625
7 0.68203125 0.69453125 0.05546875 0.0484375
7 0.62421875 0.6890625 0.0625 0.0359375
1 0.8046875 0.9625 0.02890625 0.05546875
1 0.7296875 0.99375 0.0375 0.0125