7 0.7203125 0.02421875 0.034375 0.0484375
7 0.659375 0.00859375 0.028125 0.0171875
7 0.83125 0.16015625 0.028125 0.040625
7 0.83828125 0.125 0.02265625 0.04140625
7 0.82265625 0.0953125 0.0234375 0.04296875
7 0.85 0.09140625 0.0296875 0.05
7 0.86171875 0.14921875 0.04140625 0.08125
7 0.8734375 0.084375 0.02890625 0.0578125
7 0.9359375 0.04296875 0.028125 0.065625
7 0.8859375 0.01640625 0.021875 0.0328125
7 0.85 0.02265625 0.053125 0.0453125
7 0.80859375 0.040625 0.03515625 0.05
7 0.76875 0.01875 0.040625 0.0375
7 0.90703125 0.009375 0.0296875 0.01875
1 0.8765625 0.51875 0.04140625 0.0265625
9 0.6765625 0.53671875 0.02578125 0.02265625
9 0.7296875 0.5453125 0.0375 0.028125
9 0.83828125 0.55390625 0.0359375 0.0109375
5 0.26171875 0.64375 0.2890625 0.16875
9 0.02265625 0.93125 0.0453125 0.084375
1 0.446875 0.80234375 0.0515625 0.08828125