3 0.12578125 0.33515625 0.0734375 0.1234375
10 0.02734375 0.45546875 0.0546875 0.0921875
0 0.1875 0.0203125 0.08125 0.040625
0 0.37421875 0.50859375 0.0546875 0.08359375
0 0.228125 0.34375 0.03359375 0.08359375
4 0.06328125 0.77578125 0.1265625 0.2484375
10 0.0140625 0.90078125 0.028125 0.0984375
10 0.54921875 0.815625 0.0203125 0.075
10 0.54765625 0.76640625 0.0234375 0.0796875
10 0.31171875 0.821875 0.05625 0.07890625
10 0.34296875 0.77109375 0.0609375 0.07734375
10 0.39453125 0.7328125 0.075 0.096875
10 0.4046875 0.64921875 0.05625 0.0609375
10 0.446875 0.653125 0.059375 0.06875
10 0.24453125 0.66875 0.06328125 0.08515625
10 0.55078125 0.68984375 0.0171875 0.0828125
10 0.22734375 0.94375 0.05078125 0.07109375
11 0.50703125 0.8359375 0.0625 0.08125
11 0.53984375 0.97890625 0.0390625 0.0234375
11 0.4734375 0.97109375 0.11328125 0.03984375
6 0.53984375 0.9046875 0.0390625 0.071875
9 0.37734375 0.96015625 0.06484375 0.0609375
10 0.35546875 0.85078125 0.0734375 0.090625
10 0.29296875 0.76328125 0.06484375 0.08671875
1 0.71484375 0.834375 0.1515625 0.33125
1 0.79296875 0.6578125 0.1265625 0.078125