10 0.59375 0.47578125 0.040625 0.0515625
3 0.53125 0.74765625 0.0453125 0.078125
9 0.06640625 0.92421875 0.03359375 0.06015625
1 0.08203125 0.76640625 0.03125 0.0625
1 0.04765625 0.66796875 0.02734375 0.0578125
1 0.01015625 0.66953125 0.0203125 0.0671875
1 0.5515625 0.56015625 0.0390625 0.0828125
1 0.23046875 0.9796875 0.0421875 0.040625
5 0.8890625 0.65078125 0.08125 0.05703125
5 0.9484375 0.61015625 0.0671875 0.05
5 0.965625 0.70625 0.04609375 0.04765625
10 0.7046875 0.99296875 0.05625 0.0140625
11 0.7546875 0.84921875 0.08359375 0.03203125
11 0.7703125 0.9765625 0.109375 0.046875