10 0.01640625 0.02890625 0.0328125 0.0578125
0 0.06484375 0.23671875 0.07265625 0.21953125
0 0.0890625 0.0890625 0.03984375 0.1359375
0 0.0203125 0.115625 0.040625 0.165625
4 0.46171875 0.16640625 0.10078125 0.17109375
11 0.27734375 0.015625 0.1203125 0.03125
10 0.290625 0.53125 0.065625 0.0375
11 0.35546875 0.5453125 0.0671875 0.009375
3 0.4328125 0.621875 0.184375 0.14375
3 0.31171875 0.57890625 0.0484375 0.0578125
0 0.415625 0.9125 0.184375 0.09765625
0 0.4234375 0.98203125 0.271875 0.0359375
0 0.43046875 0.8015625 0.153125 0.0921875
0 0.19140625 0.96953125 0.1203125 0.0609375
0 0.04765625 0.846875 0.0953125 0.140625
4 0.7796875 0.984375 0.065625 0.03125