1 0.69609375 0.07421875 0.09140625 0.06953125
1 0.6390625 0.16640625 0.1 0.0953125
1 0.75234375 0.165625 0.06953125 0.06171875
1 0.74140625 0.2203125 0.06796875 0.053125
1 0.6453125 0.3265625 0.103125 0.02578125
1 0.825 0.26484375 0.1046875 0.07890625
1 0.76171875 0.01171875 0.1234375 0.0234375
9 0.19765625 0.7046875 0.0453125 0.075
10 0.1234375 0.76171875 0.0578125 0.0421875
10 0.11484375 0.70625 0.04375 0.05078125
10 0.090625 0.67265625 0.0390625 0.0421875
9 0.19375 0.6234375 0.08984375 0.08671875
9 0.11484375 0.60078125 0.0453125 0.0578125
9 0.2734375 0.68359375 0.04609375 0.05234375
11 0.471875 0.57578125 0.125 0.05625
10 0.3921875 0.93359375 0.0171875 0.059375
9 0.21796875 0.79453125 0.05234375 0.021875
9 0.15234375 0.821875 0.03515625 0.0546875
1 0.56328125 0.80625 0.0515625 0.046875
10 0.60078125 0.98125 0.0234375 0.0375
3 0.80390625 0.503125 0.0640625 0.028125
9 0.703125 0.54921875 0.09921875 0.09765625
9 0.93515625 0.79921875 0.06953125 0.10703125
9 0.97109375 0.9171875 0.04609375 0.0734375
9 0.62109375 0.6703125 0.0640625 0.075
9 0.71796875 0.95234375 0.0890625 0.0953125
9 0.615625 0.8046875 0.053125 0.05
9 0.7328125 0.7828125 0.0671875 0.059375