4 0.140625 0.6640625 0.06015625 0.11015625
4 0.07734375 0.4640625 0.02421875 0.0765625
11 0.22421875 0.53125 0.0515625 0.11171875
0 0.2546875 0.20546875 0.03046875 0.096875
10 0.6265625 0.4484375 0.096875 0.1390625
10 0.4921875 0.41328125 0.10390625 0.13203125
10 0.40625 0.35625 0.096875 0.10703125
10 0.58828125 0.0921875 0.08515625 0.12734375
1 0.48671875 0.18984375 0.171875 0.1375
10 0.69375 0.78515625 0.06484375 0.08359375
10 0.640625 0.8375 0.05703125 0.08671875
10 0.47578125 0.7375 0.08125 0.03671875
10 0.5421875 0.8625 0.0625 0.06484375
1 0.4375 0.975 0.0453125 0.05
1 0.85078125 0.7609375 0.05703125 0.08359375
1 0.5546875 0.7984375 0.05703125 0.071875
4 0.390625 0.8875 0.05078125 0.053125
10 0.525 0.92734375 0.0703125 0.08515625