10 0.1984375 0.58359375 0.05625 0.0703125
9 0.13359375 0.02265625 0.0453125 0.0453125
1 0.94921875 0.11484375 0.02890625 0.053125
0 0.95234375 0.359375 0.07890625 0.096875
0 0.98984375 0.15078125 0.0203125 0.1015625
11 0.4875 0.853125 0.0625 0.11875
11 0.3765625 0.91875 0.14453125 0.090625
11 0.2859375 0.67890625 0.125 0.1203125
10 0.0578125 0.659375 0.09296875 0.08046875
0 0.259375 0.8640625 0.06015625 0.0453125
0 0.11484375 0.7640625 0.15625 0.08046875
9 0.97109375 0.92109375 0.0578125 0.1578125