10 0.5875 0.22734375 0.04375 0.1109375
10 0.00703125 0.06171875 0.0140625 0.0890625
11 0.17734375 0.49765625 0.0421875 0.1640625
11 0.27890625 0.45078125 0.1046875 0.09453125
11 0.23515625 0.34140625 0.084375 0.09140625
0 0.046875 0.20859375 0.09375 0.1421875
0 0.39921875 0.0609375 0.0828125 0.121875
0 0.290625 0.12578125 0.19453125 0.22109375
9 0.290625 0.27578125 0.0296875 0.06640625
9 0.12890625 0.31953125 0.05703125 0.09140625
1 0.92109375 0.2125 0.02578125 0.03515625
1 0.95703125 0.18359375 0.02890625 0.0359375
1 0.9921875 0.20625 0.015625 0.04375
1 0.85 0.3140625 0.028125 0.0265625
1 0.94296875 0.2515625 0.03125 0.03359375
1 0.99609375 0.25234375 0.0078125 0.0390625
1 0.9796875 0.26796875 0.02578125 0.03828125
9 0.35625 0.90078125 0.13359375 0.1640625
0 0.36640625 0.621875 0.0984375 0.084375