1 0.25078125 0.3171875 0.06484375 0.134375
1 0.2609375 0.55546875 0.0515625 0.13671875
10 0.31015625 0.25390625 0.0203125 0.1078125
10 0.6390625 0.29453125 0.034375 0.09453125
10 0.60859375 0.35234375 0.034375 0.08359375
11 0.47734375 0.60625 0.034375 0.14296875
11 0.434375 0.53203125 0.0578125 0.10546875
11 0.46484375 0.46796875 0.04921875 0.096875
7 0.3421875 0.02578125 0.040625 0.0515625
0 0.65703125 0.57265625 0.07265625 0.21953125
0 0.68125 0.425 0.03984375 0.1359375
0 0.58515625 0.45234375 0.0953125 0.16484375
0 0.4171875 0.159375 0.0625 0.21328125
0 0.4578125 0.2921875 0.1140625 0.22890625
9 0.44453125 0.40078125 0.01953125 0.05703125
9 0.45703125 0.0921875 0.03125 0.08359375
9 0.51796875 0.48984375 0.034375 0.0859375
1 0.98515625 0.02109375 0.0296875 0.0421875
11 0.8703125 0.303125 0.1203125 0.1296875
1 0.978125 0.84765625 0.04375 0.0171875
1 0.81484375 0.88359375 0.02890625 0.053125
1 0.92890625 0.9109375 0.02890625 0.08515625
0 0.86953125 0.9203125 0.04609375 0.10234375
0 0.978125 0.96015625 0.04375 0.0546875