9 0.4515625 0.4140625 0.03515625 0.04296875
9 0.44453125 0.3484375 0.03515625 0.0515625
9 0.4296875 0.175 0.03203125 0.03203125
9 0.4609375 0.1109375 0.06875 0.0375
1 0.3828125 0.115625 0.00625 0.025
1 0.53046875 0.15078125 0.02109375 0.03046875
1 0.45 0.290625 0.02109375 0.028125
1 0.49296875 0.3 0.03125 0.04453125
1 0.490625 0.44609375 0.03046875 0.0375
9 0.4171875 0.1484375 0.028125 0.03359375
5 0.809375 0.103125 0.071875 0.175
5 0.965625 0.3078125 0.06875 0.178125
9 0.26328125 0.73203125 0.040625 0.15234375
10 0.16015625 0.76875 0.0625 0.1609375