0 0.16015625 0.38671875 0.1015625 0.07265625
10 0.29921875 0.4140625 0.08359375 0.0625
1 0.159375 0.2296875 0.04140625 0.05234375
1 0.36171875 0.19765625 0.0359375 0.0796875
1 0.08359375 0.6109375 0.1671875 0.1625
1 0.15390625 0.76875 0.1703125 0.103125
1 0.346875 0.93046875 0.065625 0.1390625
1 0.2734375 0.6578125 0.1609375 0.15703125
1 0.42421875 0.534375 0.0421875 0.009375
8 0.53828125 0.553125 0.0484375 0.03984375
10 0.80703125 0.55 0.0359375 0.040625
1 0.3921875 0.784375 0.025 0.0625
1 0.4765625 0.746875 0.078125 0.03984375
10 0.9890625 0.95 0.021875 0.078125
9 0.96953125 0.83984375 0.04375 0.09765625