0 0.63984375 0.16796875 0.11875 0.09140625
0 0.57109375 0.29375 0.09609375 0.0765625
5 0.015625 0.48125 0.03125 0.1625
1 0.0671875 0.4015625 0.05 0.04375
1 0.0296875 0.40859375 0.040625 0.0578125
9 0.284375 0.9203125 0.0671875 0.07109375
9 0.31953125 0.93046875 0.0203125 0.0515625
10 0.32109375 0.65546875 0.0171875 0.0765625
0 0.690625 0.584375 0.075 0.19375
0 0.91875 0.61640625 0.07890625 0.13828125
1 0.55234375 0.4796875 0.03359375 0.059375
1 0.58359375 0.57421875 0.03671875 0.08125
1 0.940625 0.896875 0.0484375 0.07578125