5 0.08125 0.21953125 0.06796875 0.065625
5 0.02578125 0.2625 0.0515625 0.059375
5 0.02109375 0.1265625 0.0375 0.06015625
1 0.54921875 0.134375 0.0796875 0.1125
1 0.61875 0.175 0.04296875 0.04375
1 0.69140625 0.065625 0.03125 0.03671875
1 0.72109375 0.253125 0.03984375 0.0421875
1 0.65234375 0.23125 0.03515625 0.0453125
1 0.59375 0.07578125 0.009375 0.0328125
1 0.60625 0.08359375 0.01953125 0.04453125
1 0.6609375 0.11875 0.021875 0.03515625
6 0.40859375 0.528125 0.059375 0.09609375
1 0.2421875 0.909375 0.0359375 0.075
1 0.5796875 0.39375 0.01875 0.065625
9 0.565625 0.65234375 0.046875 0.0984375
9 0.5640625 0.503125 0.05 0.09375
3 0.50546875 0.68359375 0.0453125 0.0828125
1 0.20078125 0.92890625 0.03984375 0.06328125
1 0.2296875 0.7453125 0.0359375 0.09140625
10 0.2890625 0.8046875 0.07578125 0.05546875
10 0.2828125 0.696875 0.0640625 0.0828125