9 0.26484375 0.10546875 0.0296875 0.0890625
0 0.84296875 0.015625 0.1046875 0.03125
9 0.9828125 0.14296875 0.034375 0.1171875
1 0.0578125 0.55625 0.03359375 0.075
3 0.11171875 0.8953125 0.1046875 0.0921875
1 0.28515625 0.621875 0.0109375 0.03125
1 0.3140625 0.58046875 0.01640625 0.02734375
0 0.303125 0.4640625 0.040625 0.05
0 0.2890625 0.565625 0.01875 0.053125
11 0.93203125 0.646875 0.1359375 0.128125
11 0.934375 0.525 0.13125 0.1
4 0.7734375 0.57734375 0.1125 0.090625
1 0.665625 0.81796875 0.0828125 0.03046875
1 0.92734375 0.9171875 0.075 0.07578125