4 0.19375 0.25390625 0.146875 0.2515625
3 0.43125 0.184375 0.015625 0.128125
10 0.4546875 0.01015625 0.03125 0.0203125
10 0.7703125 0.05234375 0.0484375 0.0796875
6 0.60390625 0.1578125 0.059375 0.04296875
6 0.6421875 0.065625 0.06328125 0.0609375
10 0.89765625 0.1578125 0.0484375 0.059375
1 0.978125 0.303125 0.03671875 0.10546875
1 0.421875 0.60859375 0.034375 0.1265625
10 0.6875 0.80625 0.04375 0.06796875
10 0.72265625 0.89453125 0.0421875 0.06875
10 0.5515625 0.71484375 0.02890625 0.07734375
10 0.7265625 0.47265625 0.03828125 0.06875
10 0.7796875 0.59453125 0.04375 0.05
10 0.85 0.55625 0.04921875 0.05390625
10 0.97890625 0.59765625 0.0421875 0.0640625
9 0.928125 0.59296875 0.046875 0.06171875
9 0.878125 0.62109375 0.04140625 0.05703125
10 0.68046875 0.6078125 0.04296875 0.06171875