1 0.00859375 0.42890625 0.0171875 0.0578125
1 0.32734375 0.5140625 0.04140625 0.07265625
1 0.546875 0.575 0.065625 0.159375
1 0.1796875 0.4859375 0.04453125 0.09765625
1 0.1671875 0.83125 0.06015625 0.121875
1 0.01796875 0.86484375 0.0359375 0.0890625
1 0.40234375 0.465625 0.0296875 0.078125
1 0.3171875 0.64609375 0.0328125 0.0640625
1 0.06953125 0.42265625 0.0390625 0.0453125
1 0.090625 0.4640625 0.0515625 0.04921875
1 0.00546875 0.59453125 0.0109375 0.0765625
8 0.76875 0.4109375 0.121875 0.021875
8 0.6125 0.45078125 0.065625 0.1015625
8 0.8859375 0.4875 0.1140625 0.146875
8 0.890625 0.6234375 0.21328125 0.14453125
11 0.834375 0.8609375 0.08203125 0.0703125
1 0.92265625 0.8421875 0.0578125 0.03359375