1 0.078125 0.09296875 0.0421875 0.028125
8 0.19140625 0.1203125 0.0484375 0.03984375
1 0.02890625 0.3515625 0.0578125 0.0625
1 0.1296875 0.3140625 0.078125 0.03984375
11 0.42890625 0.34375 0.0984375 0.1375
11 0.72109375 0.10546875 0.0609375 0.0890625
11 0.83984375 0.403125 0.0609375 0.0546875
10 0.63046875 0.521875 0.05703125 0.0546875
10 0.95078125 0.4640625 0.0546875 0.0546875
0 0.771875 0.0171875 0.115625 0.034375
7 0.64609375 0.25234375 0.03359375 0.078125
7 0.57890625 0.34609375 0.04140625 0.0640625
3 0.3234375 0.5828125 0.065625 0.046875
3 0.04453125 0.6984375 0.0890625 0.134375
3 0.08359375 0.91640625 0.1015625 0.0921875
3 0.2375 0.63046875 0.08125 0.1421875
10 0.21484375 0.98671875 0.0515625 0.0265625
3 0.2328125 0.753125 0.1296875 0.096875