11 0.77109375 0.0546875 0.1390625 0.109375
10 0.6546875 0.26875 0.07421875 0.071875
7 0.53828125 0.03359375 0.0609375 0.0671875
7 0.6359375 0.0859375 0.06328125 0.075
8 0.9921875 0.3015625 0.015625 0.053125
12 0.9796875 0.0859375 0.040625 0.10625
12 0.94765625 0.13359375 0.065625 0.12890625
9 0.54453125 0.3984375 0.1109375 0.121875
4 0.59921875 0.41796875 0.0546875 0.06640625
0 0.6703125 0.35546875 0.05859375 0.05390625
1 0.925 0.35078125 0.03046875 0.03125
1 0.97265625 0.46328125 0.0328125 0.0328125
5 0.0265625 0.95234375 0.053125 0.0953125
5 0.38828125 0.77734375 0.084375 0.159375