10 0.0359375 0.0703125 0.03203125 0.04375
10 0.4359375 0.0078125 0.034375 0.015625
10 0.4046875 0.021875 0.034375 0.04296875
11 0.27265625 0.1546875 0.0359375 0.07265625
11 0.228125 0.1171875 0.059375 0.05390625
11 0.25859375 0.08359375 0.04921875 0.04921875
0 0.45625 0.1328125 0.07265625 0.1109375
0 0.4796875 0.05703125 0.0390625 0.0703125
0 0.38203125 0.0734375 0.09765625 0.08203125
0 0.25 0.025 0.115625 0.05
9 0.2375 0.04921875 0.0203125 0.03046875
9 0.31328125 0.09375 0.0359375 0.04375
1 0.5578125 0.184375 0.05625 0.0703125
1 0.7109375 0.10859375 0.015625 0.0828125
9 0.084375 0.50859375 0.02734375 0.04921875
9 0.00546875 0.54296875 0.0109375 0.0421875
9 0.02421875 0.51796875 0.0203125 0.03359375
9 0.04375 0.42578125 0.028125 0.0140625
9 0.003125 0.49375 0.00625 0.0375
9 0.02109375 0.44609375 0.0265625 0.0546875
9 0.00859375 0.43125 0.0171875 0.025
4 0.46484375 0.62109375 0.16640625 0.09375
10 0.421875 0.4546875 0.06328125 0.0703125
9 0.42734375 0.93515625 0.06015625 0.07421875
9 0.36875 0.75625 0.03984375 0.0625
1 0.5234375 0.99375 0.046875 0.0125
9 0.50625 0.896875 0.04921875 0.06640625