1 0.828125 0.340625 0.021875 0.040625
8 0.7140625 0.0359375 0.02421875 0.05078125
1 0.0390625 0.63203125 0.05546875 0.02734375
1 0.20625 0.65703125 0.0484375 0.0234375
1 0.17265625 0.6703125 0.0390625 0.0171875
1 0.1 0.6640625 0.04609375 0.025
1 0.053125 0.69375 0.05 0.021875
1 0.2484375 0.6890625 0.0421875 0.02734375
9 0.01015625 0.6609375 0.0203125 0.025
0 0.31640625 0.79375 0.0453125 0.10625
9 0.37578125 0.92421875 0.0734375 0.1328125
1 0.746875 0.62109375 0.0609375 0.0703125
1 0.39609375 0.59765625 0.0953125 0.0765625
0 0.76015625 0.92109375 0.1390625 0.1578125
0 0.60859375 0.6375 0.1140625 0.15625