1 0.659375 0.17578125 0.05390625 0.09609375
9 0.43125 0.3765625 0.04375 0.121875
9 0.7171875 0.28984375 0.05390625 0.08203125
0 0.96640625 0.0625 0.0671875 0.125
5 0.26953125 0.678125 0.053125 0.059375
5 0.18515625 0.5453125 0.09296875 0.03125
5 0.034375 0.52109375 0.06875 0.0625
1 0.05078125 0.66484375 0.071875 0.05546875
5 0.13828125 0.80625 0.24921875 0.109375
5 0.07109375 0.93203125 0.1421875 0.1359375
5 0.31796875 0.79375 0.0890625 0.08515625
5 0.24140625 0.97890625 0.1171875 0.0421875
5 0.16171875 0.98984375 0.0859375 0.0203125
1 0.39296875 0.859375 0.0328125 0.075