1 0.7171875 0.01796875 0.046875 0.0359375
1 0.6671875 0.1640625 0.02734375 0.03984375
1 0.55234375 0.51171875 0.04609375 0.0625
1 0.5734375 0.721875 0.046875 0.0515625
1 0.0375 0.5875 0.03359375 0.04609375
1 0.41796875 0.65703125 0.028125 0.046875
1 0.325 0.559375 0.02890625 0.0578125
1 0.40390625 0.9515625 0.02421875 0.0421875
1 0.5234375 0.875 0.02734375 0.03984375
1 0.93125 0.559375 0.06875 0.065625
1 0.95625 0.78515625 0.06875 0.06328125
1 0.7140625 0.7140625 0.04296875 0.03828125
1 0.7375 0.67421875 0.0328125 0.034375
1 0.70390625 0.99296875 0.0328125 0.0140625
1 0.8859375 0.93828125 0.04375 0.03671875
1 0.76484375 0.40703125 0.0515625 0.0359375
1 0.6078125 0.61875 0.015625 0.034375