1 0.13203125 0.01484375 0.0359375 0.0296875
1 0.2046875 0.00625 0.034375 0.0125
1 0.084375 0.02578125 0.025 0.0515625
4 0.0171875 0.45390625 0.034375 0.0984375
4 0.225 0.24375 0.05390625 0.11015625
11 0.10546875 0.23984375 0.0609375 0.0859375
0 0.48359375 0.48984375 0.0515625 0.1078125
7 0.41171875 0.15234375 0.1609375 0.1921875
10 0.34296875 0.70625 0.08515625 0.11015625
10 0.45 0.65625 0.084375 0.034375
10 0.4625 0.84453125 0.0515625 0.07265625
1 0.8859375 0.65703125 0.046875 0.0359375
1 0.91953125 0.90234375 0.05234375 0.10234375