11 0.6359375 0.55390625 0.115625 0.0296875
11 0.49375 0.71796875 0.0875 0.1578125
11 0.6296875 0.8421875 0.0796875 0.23125
10 0.58984375 0.8765625 0.0609375 0.0859375
0 0.7078125 0.77265625 0.08671875 0.1046875
10 0.965625 0.67578125 0.06875 0.0859375
10 0.85859375 0.70859375 0.04140625 0.06171875
10 0.82734375 0.7921875 0.0453125 0.0484375
4 0.940625 0.75625 0.08203125 0.07890625
1 0.9796875 0.89921875 0.040625 0.0890625
1 0.98359375 0.56484375 0.0328125 0.0515625
10 0.82578125 0.753125 0.0453125 0.053125