9 0.1359375 0.090625 0.05859375 0.1796875
10 0.2546875 0.44296875 0.02578125 0.0375
0 0.1703125 0.365625 0.03515625 0.065625
0 0.1234375 0.503125 0.0765625 0.04609375
9 0.21640625 0.7 0.0296875 0.06484375
10 0.26640625 0.9328125 0.0046875 0.040625
1 0.2484375 0.78359375 0.01640625 0.04375
1 0.62890625 0.38359375 0.0640625 0.08046875
1 0.51484375 0.475 0.06015625 0.07109375
1 0.52265625 0.3375 0.0484375 0.0375
1 0.453125 0.38359375 0.053125 0.07109375
1 0.359375 0.4265625 0.05546875 0.06171875
1 0.31171875 0.37734375 0.0703125 0.07578125
1 0.4015625 0.3375 0.046875 0.0375
0 0.55234375 0.41171875 0.05703125 0.09140625
11 0.48046875 0.88359375 0.08203125 0.14375
11 0.60859375 0.9390625 0.0953125 0.121875
11 0.53671875 0.62734375 0.0859375 0.125
4 0.84375 0.8953125 0.225 0.209375
4 0.90859375 0.7109375 0.18203125 0.23203125