0 0.03203125 0.01953125 0.0640625 0.0390625
9 0.08203125 0.01796875 0.0421875 0.0359375
9 0.63359375 0.14375 0.04296875 0.05546875
9 0.5171875 0.1390625 0.08046875 0.04609375
1 0.5546875 0.08671875 0.04296875 0.03046875
1 0.6546875 0.09140625 0.06015625 0.03203125
8 0.18828125 0.48515625 0.05859375 0.071875
8 0.14375 0.5515625 0.03359375 0.04140625
8 0.12421875 0.5 0.03671875 0.0375
8 0.06953125 0.4953125 0.015625 0.02421875
8 0.1 0.41171875 0.03515625 0.04609375
8 0.02265625 0.3640625 0.0375 0.0515625
8 0.0171875 0.4703125 0.034375 0.04375
8 0.00703125 0.43359375 0.0140625 0.0265625
8 0.04375 0.41328125 0.02265625 0.02265625
8 0.0984375 0.36328125 0.0546875 0.04375
1 0.55 0.45234375 0.1640625 0.0671875
5 0.63515625 0.5859375 0.1296875 0.065625
1 0.93359375 0.3609375 0.05078125 0.0796875
1 0.99296875 0.41328125 0.0140625 0.0796875
1 0.7921875 0.5 0.0484375 0.10234375
1 0.7328125 0.35625 0.05078125 0.165625
1 0.83046875 0.08046875 0.04453125 0.065625
0 0.91953125 0.0953125 0.053125 0.07578125
9 0.30859375 0.70078125 0.03203125 0.05703125
9 0.10078125 0.76328125 0.03515625 0.05703125
9 0.2453125 0.7765625 0.02734375 0.046875
9 0.2609375 0.74140625 0.021875 0.04140625
9 0.25703125 0.6390625 0.0296875 0.040625
9 0.2 0.7859375 0.02734375 0.046875
9 0.2296875 0.73515625 0.03046875 0.046875
9 0.2453125 0.675 0.03203125 0.065625
9 0.215625 0.6359375 0.034375 0.034375
9 0.20625 0.7546875 0.02890625 0.05
9 0.24140625 0.81484375 0.03515625 0.059375
9 0.1078125 0.67734375 0.02578125 0.04140625
9 0.134375 0.675 0.021875 0.04140625
9 0.15859375 0.65546875 0.02890625 0.05
9 0.025 0.76640625 0.02890625 0.05390625
9 0.06796875 0.79140625 0.02890625 0.05
9 0.075 0.73671875 0.021875 0.04140625
9 0.09375 0.73359375 0.02578125 0.04453125
9 0.225 0.6671875 0.03359375 0.05390625
1 0.4828125 0.90546875 0.05390625 0.02109375
1 0.62578125 0.88125 0.0453125 0.06953125