9 0.00625 0.284375 0.0125 0.028125
9 0.028125 0.234375 0.04609375 0.034375
9 0.03671875 0.1765625 0.05625 0.04296875
9 0.19921875 0.240625 0.07265625 0.09375
4 0.11015625 0.91484375 0.11015625 0.1671875
1 0.06171875 0.78203125 0.04609375 0.0765625
0 0.13515625 0.73359375 0.0421875 0.1125
10 0.41953125 0.7484375 0.0390625 0.090625
10 0.46015625 0.5765625 0.03671875 0.0578125
10 0.56640625 0.5453125 0.0453125 0.09765625
6 0.47578125 0.3828125 0.0484375 0.028125
6 0.47890625 0.48359375 0.053125 0.078125
6 0.54296875 0.721875 0.04765625 0.1
0 0.94453125 0.45625 0.1109375 0.175
5 0.50390625 0.9375 0.096875 0.084375
10 0.6890625 0.8890625 0.03671875 0.015625
1 0.9765625 0.9765625 0.04375 0.046875