10 0.3921875 0.30859375 0.0703125 0.05078125
1 0.5765625 0.1796875 0.08125 0.0578125
1 0.75546875 0.053125 0.0484375 0.03203125
1 0.72109375 0.090625 0.05078125 0.02734375
0 0.56015625 0.09375 0.084375 0.05625
1 0.9 0.3609375 0.07421875 0.0609375
5 0.38359375 0.45390625 0.1078125 0.0921875
9 0.99140625 0.459375 0.0171875 0.075
9 0.9828125 0.4046875 0.034375 0.028125
9 0.9390625 0.47109375 0.065625 0.0578125
1 0.8453125 0.73828125 0.1578125 0.2375
1 0.61640625 0.70703125 0.0921875 0.134375
1 0.9828125 0.65703125 0.034375 0.1796875