9 0.51015625 0.08125 0.0609375 0.078125
1 0.6421875 0.04140625 0.04375 0.0828125
11 0.87109375 0.253125 0.0375 0.065625
0 0.91875 0.1140625 0.04921875 0.05703125
10 0.8578125 0.11171875 0.04140625 0.04921875
1 0.934375 0.0203125 0.02265625 0.03671875
1 0.7875 0.165625 0.0265625 0.0484375
1 0.82265625 0.0421875 0.02578125 0.06875
1 0.99140625 0.08046875 0.0171875 0.0640625
10 0.6640625 0.4625 0.04375 0.034375
10 0.40703125 0.48984375 0.0734375 0.0203125
1 0.1234375 0.59140625 0.0640625 0.06796875
1 0.15703125 0.52109375 0.0484375 0.05703125
11 0.02890625 0.58828125 0.0578125 0.0734375
6 0.3359375 0.75625 0.07578125 0.0765625
6 0.29296875 0.85078125 0.05703125 0.05546875
6 0.20546875 0.84921875 0.07578125 0.090625
6 0.37578125 0.75859375 0.05078125 0.07265625
1 0.11328125 0.85 0.05546875 0.05