1 0.10390625 0.2703125 0.05078125 0.0796875
1 0.18359375 0.32265625 0.053125 0.0796875
1 0.3265625 0.28359375 0.053125 0.065625
1 0.26875 0.4515625 0.0375 0.05625
1 0.359375 0.4328125 0.04296875 0.071875
1 0.46015625 0.4375 0.0390625 0.05625
0 0.26875 0.33671875 0.0390625 0.10390625
0 0.0890625 0.02109375 0.053125 0.0421875
3 0.02890625 0.6890625 0.0578125 0.1375
3 0.41953125 0.7484375 0.0609375 0.0546875
10 0.21015625 0.8671875 0.05703125 0.0546875
7 0.22578125 0.59765625 0.03359375 0.078125
7 0.15859375 0.69140625 0.04140625 0.0640625
1 0.69140625 0.60625 0.08359375 0.071875