1 0.28984375 0.45625 0.06484375 0.08046875
1 0.19609375 0.42578125 0.0578125 0.09375
9 0.01171875 0.58359375 0.0234375 0.0484375
9 0.0609375 0.61328125 0.0234375 0.075
1 0.003125 0.85390625 0.00625 0.0515625
1 0.06953125 0.83515625 0.01953125 0.05625
1 0.084375 0.7703125 0.0234375 0.04921875
12 0.52890625 0.765625 0.059375 0.1625
12 0.35 0.75859375 0.14296875 0.13984375
12 0.375 0.903125 0.05859375 0.06484375
8 0.28046875 0.740625 0.02890625 0.05078125
8 0.2734375 0.57734375 0.0375 0.0359375
9 0.4734375 0.83359375 0.0328125 0.065625
12 0.41328125 0.85 0.05546875 0.07890625
12 0.55546875 0.6203125 0.046875 0.06328125
12 0.57578125 0.64453125 0.075 0.090625
12 0.62109375 0.60546875 0.0765625 0.0921875
12 0.56171875 0.80546875 0.0671875 0.0828125
12 0.35078125 0.7078125 0.06875 0.07890625