1 0.28125 0.26953125 0.215625 0.3984375
1 0.07578125 0.415625 0.05703125 0.1046875
1 0.7078125 0.40078125 0.07578125 0.12421875
8 0.58828125 0.12734375 0.0609375 0.05703125
8 0.56328125 0.28125 0.040625 0.11015625
1 0.73046875 0.23359375 0.08828125 0.13828125
1 0.8078125 0.2734375 0.075 0.1328125
1 0.80390625 0.10078125 0.075 0.17578125
1 0.91640625 0.4015625 0.0890625 0.134375
1 0.8078125 0.40703125 0.115625 0.1234375
1 0.8984375 0.25703125 0.1 0.1453125
1 0.9796875 0.41875 0.040625 0.1
1 0.609375 0.4078125 0.096875 0.121875
1 0.6359375 0.23828125 0.07734375 0.12890625
1 0.69140625 0.075 0.11875 0.13828125
1 0.57421875 0.021875 0.1140625 0.04375
1 0.90546875 0.0921875 0.11328125 0.15
1 0.98046875 0.2734375 0.0390625 0.165625
10 0.02890625 0.51953125 0.0578125 0.0734375
10 0.03203125 0.68359375 0.04296875 0.0484375
10 0.1546875 0.75390625 0.0484375 0.0796875
6 0.00859375 0.85859375 0.0171875 0.0421875
6 0.02890625 0.76640625 0.0578125 0.0609375
6 0.18203125 0.59921875 0.0515625 0.08515625
10 0.28203125 0.859375 0.0484375 0.059375
1 0.36171875 0.97578125 0.0359375 0.0484375
6 0.96640625 0.5703125 0.0671875 0.0625
6 0.77890625 0.8203125 0.10546875 0.06796875
6 0.9515625 0.49296875 0.096875 0.0484375
6 0.6546875 0.6921875 0.05546875 0.08515625
6 0.64140625 0.78984375 0.0859375 0.07734375
6 0.87890625 0.68984375 0.08359375 0.05
6 0.91640625 0.734375 0.0703125 0.046875
7 0.9484375 0.809375 0.103125 0.128125
4 0.85625 0.5953125 0.07578125 0.096875