1 0.11875 0.1578125 0.2375 0.309375
9 0.84375 0.36953125 0.1078125 0.12109375
9 0.38515625 0.59375 0.0515625 0.090625
0 0.82578125 0.16640625 0.1703125 0.16484375
1 0.59296875 0.209375 0.0796875 0.0765625
1 0.715625 0.44921875 0.04765625 0.06015625
1 0.01875 0.653125 0.0375 0.028125
0 0.2296875 0.65390625 0.075 0.0296875
1 0.09921875 0.8671875 0.0484375 0.0765625
1 0.02734375 0.8203125 0.0328125 0.05625
1 0.26171875 0.88046875 0.05546875 0.1078125
1 0.22109375 0.6953125 0.0375 0.053125
1 0.44375 0.89375 0.05390625 0.0796875
11 0.3765625 0.815625 0.034375 0.1
11 0.6125 0.8375 0.08203125 0.1078125
10 0.41953125 0.67578125 0.0640625 0.0734375
0 0.69921875 0.73125 0.07734375 0.065625
0 0.6625 0.90703125 0.075 0.0546875
10 0.77421875 0.653125 0.0484375 0.028125
1 0.65390625 0.9609375 0.0375 0.053125