1 0.096875 0.08828125 0.065625 0.06328125
1 0.02578125 0.053125 0.0515625 0.0875
1 0.01875 0.1515625 0.0375 0.059375
0 0.48984375 0.109375 0.09453125 0.10703125
9 0.5546875 0.1984375 0.009375 0.05625
9 0.4265625 0.13046875 0.05 0.071875
9 0.03359375 0.4875 0.0671875 0.096875
9 0.05703125 0.434375 0.08359375 0.03203125
9 0.15234375 0.5859375 0.0796875 0.028125
10 0.5671875 0.30234375 0.015625 0.1296875
0 0.79375 0.05625 0.096875 0.1125
11 0.65703125 0.4171875 0.1234375 0.1796875
9 0.59453125 0.8609375 0.0375 0.09375
9 0.675 0.6921875 0.03125 0.10390625
11 0.64375 0.7921875 0.0390625 0.2234375
11 0.71640625 0.7765625 0.02734375 0.1171875