1 0.025 0.04765625 0.05 0.0765625
1 0.13359375 0.03125 0.1546875 0.0625
10 0.5203125 0.06640625 0.05234375 0.04921875
12 0.0578125 0.21171875 0.06796875 0.10390625
12 0.01015625 0.29296875 0.0203125 0.0953125
1 0.396875 0.4453125 0.05 0.11171875
1 0.38984375 0.6015625 0.0515625 0.05625
1 0.50859375 0.61875 0.0703125 0.021875
1 0.47421875 0.30234375 0.06015625 0.09453125
1 0.38203125 0.3078125 0.07265625 0.11796875
1 0.44609375 0.478125 0.040625 0.08671875
12 0.453125 0.1609375 0.0515625 0.12734375
5 0.78671875 0.303125 0.18125 0.3140625
5 0.93671875 0.140625 0.1265625 0.28125
5 0.9015625 0.4453125 0.196875 0.36875
1 0.6046875 0.734375 0.109375 0.121875
1 0.646875 0.91953125 0.04140625 0.0609375
1 0.72109375 0.97265625 0.1234375 0.0546875
1 0.7203125 0.83515625 0.12578125 0.12109375
1 0.60625 0.8390625 0.1078125 0.12109375
1 0.8375 0.94765625 0.10625 0.1046875