1 0.5703125 0.0609375 0.01875 0.0625
1 0.13984375 0.00625 0.0140625 0.0125
1 0.02421875 0.00234375 0.0109375 0.0046875
1 0.09296875 0.06796875 0.021875 0.0265625
1 0.15234375 0.1359375 0.01328125 0.028125
1 0.103125 0.02109375 0.0171875 0.0296875
1 0.003125 0.175 0.00625 0.021875
1 0.05234375 0.2125 0.01484375 0.03046875
1 0.1046875 0.22734375 0.015625 0.0234375
1 0.2078125 0.09140625 0.0125 0.0234375
1 0.17109375 0.03515625 0.01640625 0.02109375
1 0.17265625 0.15390625 0.0140625 0.02734375
1 0.0578125 0.0515625 0.0109375 0.025
9 0.65390625 0.0953125 0.08046875 0.0765625
0 0.684375 0.2328125 0.08359375 0.071875
0 0.965625 0.05234375 0.06875 0.0953125
0 0.7125 0.03515625 0.11875 0.0703125
5 0.23046875 0.40078125 0.09296875 0.1625
5 0.16953125 0.3046875 0.0703125 0.05
5 0.2203125 0.8640625 0.06796875 0.02109375
5 0.0359375 0.7828125 0.071875 0.128125
1 0.3125 0.3109375 0.05 0.0625
1 0.275 0.31796875 0.040625 0.0765625
9 0.5296875 0.8390625 0.0671875 0.07109375
9 0.5671875 0.84921875 0.025 0.0515625
10 0.56875 0.57421875 0.021875 0.0765625