1 0.10703125 0.025 0.0765625 0.05
1 0.28515625 0.29921875 0.05390625 0.053125
9 0.784375 0.47890625 0.071875 0.0203125
9 0.56640625 0.37109375 0.05703125 0.0390625
9 0.790625 0.22734375 0.08515625 0.04453125
10 0.65234375 0.39296875 0.0671875 0.02578125
10 0.65390625 0.3640625 0.0515625 0.02734375
10 0.67734375 0.346875 0.046875 0.0234375
9 0.56796875 0.4703125 0.053125 0.02890625
9 0.50703125 0.45234375 0.08515625 0.040625
9 0.559375 0.33125 0.10703125 0.05078125
9 0.63203125 0.46640625 0.05390625 0.03203125
9 0.87265625 0.45703125 0.096875 0.04453125
9 0.6421875 0.31328125 0.05390625 0.03203125
9 0.7375 0.42109375 0.071875 0.04921875
9 0.409375 0.43984375 0.059375 0.0515625
9 0.48203125 0.36640625 0.05703125 0.02890625
9 0.10078125 0.515625 0.0953125 0.053125
9 0.29375 0.98515625 0.115625 0.0296875
9 0.4015625 0.75859375 0.04375 0.0953125
1 0.40703125 0.58828125 0.03671875 0.0640625
1 0.44296875 0.5609375 0.02421875 0.05703125
1 0.46015625 0.6953125 0.01640625 0.05390625
1 0.4390625 0.69765625 0.02421875 0.03984375
11 0.684375 0.53125 0.0578125 0.046875
11 0.8171875 0.53359375 0.2375 0.0890625
11 0.93359375 0.5625 0.1328125 0.078125
1 0.665625 0.5859375 0.04453125 0.02890625
1 0.72734375 0.7109375 0.059375 0.0328125
1 0.79453125 0.6890625 0.04609375 0.01875
1 0.75234375 0.66953125 0.03515625 0.0296875
1 0.86875 0.7296875 0.0421875 0.0359375
1 0.984375 0.521875 0.03125 0.0375
11 0.4390625 0.853125 0.05234375 0.065625
11 0.51484375 0.9515625 0.0359375 0.096875
1 0.39453125 0.9609375 0.0296875 0.04375
5 0.74921875 0.97109375 0.0640625 0.0578125
1 0.71328125 0.8640625 0.034375 0.08125
1 0.63515625 0.82734375 0.04765625 0.04140625