1 0.01875 0.16171875 0.0375 0.0796875
1 0.1546875 0.12265625 0.053125 0.065625
1 0.09765625 0.30234375 0.0375 0.078125
1 0.1875 0.271875 0.04296875 0.071875
1 0.29453125 0.27734375 0.04921875 0.05625
1 0.3265625 0.36640625 0.0640625 0.065625
1 0.221875 0.36640625 0.04140625 0.05
0 0.096875 0.17578125 0.0390625 0.10390625
0 0.98515625 0.0453125 0.0296875 0.090625
0 0.90078125 0.0515625 0.1046875 0.103125
10 0.41484375 0.85859375 0.0890625 0.1703125
10 0.1859375 0.74296875 0.103125 0.17421875
10 0.159375 0.97421875 0.09375 0.0515625
10 0.9359375 0.89140625 0.0875 0.15234375