1 0.1421875 0.021875 0.059375 0.04375
1 0.0109375 0.03828125 0.021875 0.0765625
1 0.34375 0.5890625 0.065625 0.08125
1 0.3046875 0.03125 0.0375 0.0625
1 0.359375 0.01171875 0.034375 0.0234375
1 0.2203125 0.26171875 0.04140625 0.0734375
1 0.23828125 0.4140625 0.02890625 0.04609375
1 0.37421875 0.06171875 0.02421875 0.05703125
1 0.79765625 0.60703125 0.0578125 0.0453125
9 0.39921875 0.953125 0.03671875 0.06953125
9 0.446875 0.9625 0.025 0.075
10 0.39609375 0.7453125 0.04296875 0.09140625
1 0.5671875 0.8984375 0.215625 0.203125
1 0.853125 0.6453125 0.096875 0.03125
1 0.77890625 0.7625 0.0734375 0.10703125