1 0.3890625 0.465625 0.0375 0.046875
1 0.29140625 0.45 0.0421875 0.04609375
1 0.2609375 0.35625 0.0453125 0.03515625
1 0.2484375 0.4375 0.04453125 0.04921875
7 0.73828125 0.140625 0.03515625 0.06875
7 0.7515625 0.1828125 0.034375 0.06875
7 0.69140625 0.15078125 0.028125 0.0703125
7 0.8625 0.32890625 0.028125 0.040625
7 0.86953125 0.29375 0.02265625 0.04140625
7 0.85390625 0.2640625 0.0234375 0.04296875
7 0.88125 0.26015625 0.0296875 0.05
7 0.89296875 0.31796875 0.04140625 0.08125
7 0.9046875 0.253125 0.02890625 0.0578125
7 0.9671875 0.21171875 0.028125 0.065625
7 0.91796875 0.18203125 0.02109375 0.040625
7 0.88203125 0.17109375 0.05234375 0.0875
7 0.83984375 0.209375 0.03515625 0.05
7 0.80078125 0.17265625 0.04140625 0.06875
7 0.7890625 0.1015625 0.01953125 0.034375
7 0.75 0.071875 0.0296875 0.0421875
7 0.67890625 0.08125 0.025 0.04375
7 0.93828125 0.1640625 0.0296875 0.0484375
7 0.77734375 0.04375 0.04296875 0.0578125
11 0.10078125 0.78984375 0.0734375 0.1234375
10 0.01484375 0.91015625 0.0296875 0.0921875
0 0.34921875 0.96015625 0.0546875 0.0796875
0 0.203125 0.7984375 0.03359375 0.08359375
8 0.66953125 0.8640625 0.0203125 0.159375