1 0.36875 0.096875 0.05859375 0.0734375
1 0.3875 0.01171875 0.04375 0.0234375
1 0.35 0.02265625 0.075 0.0453125
1 0.19140625 0.01015625 0.0609375 0.0203125
4 0.20703125 0.24921875 0.0515625 0.0609375
4 0.284375 0.16953125 0.0484375 0.071875
10 0.41796875 0.25625 0.0234375 0.046875
10 0.5875 0.10546875 0.046875 0.0625
6 0.68046875 0.015625 0.0671875 0.03125
11 0.65 0.22734375 0.071875 0.0875
12 0.9203125 0.109375 0.159375 0.21875
7 0.14921875 0.69453125 0.18671875 0.184375
5 0.59765625 0.746875 0.13125 0.4046875