1 0.3203125 0.03046875 0.040625 0.0609375
1 0.39453125 0.109375 0.12265625 0.1046875
1 0.103125 0.02734375 0.121875 0.0546875
1 0.02734375 0.07265625 0.0546875 0.1453125
1 0.51171875 0.0703125 0.1046875 0.1265625
10 0.71796875 0.278125 0.065625 0.04765625
3 0.971875 0.29296875 0.05625 0.0484375
9 0.88828125 0.3203125 0.0890625 0.096875
6 0.078125 0.56484375 0.025 0.05078125
9 0.19375 0.3890625 0.025 0.040625
9 0.5390625 0.37890625 0.05 0.0203125
9 0.5390625 0.5671875 0.0390625 0.05859375
10 0.41953125 0.94453125 0.0515625 0.0609375
1 0.759375 0.39140625 0.053125 0.0453125
1 0.85859375 0.38671875 0.0328125 0.0359375
4 0.69140625 0.825 0.071875 0.14921875
3 0.91328125 0.70625 0.1046875 0.0921875