1 0.1421875 0.2703125 0.078125 0.103125
1 0.01328125 0.0328125 0.0265625 0.065625
1 0.240625 0.52109375 0.0421875 0.078125
1 0.29140625 0.31328125 0.05078125 0.08125
1 0.38515625 0.31953125 0.0296875 0.0609375
1 0.01875 0.59609375 0.0375 0.0265625
1 0.06640625 0.30234375 0.059375 0.0671875
1 0.27734375 0.05625 0.06640625 0.08359375
11 0.0265625 0.6734375 0.053125 0.128125
11 0.059375 0.61640625 0.11875 0.0140625
0 0.0546875 0.9359375 0.109375 0.1125
10 0.35 0.79296875 0.09765625 0.09375
1 0.23046875 0.83203125 0.09375 0.11015625
9 0.17109375 0.8578125 0.09765625 0.10859375
9 0.265625 0.7328125 0.09375 0.08046875
9 0.68671875 0.81328125 0.078125 0.06640625
1 0.5625 0.634375 0.13125 0.05
1 0.67578125 0.68984375 0.05078125 0.0421875
1 0.4125 0.7890625 0.025 0.0375
9 0.5546875 0.884375 0.04453125 0.03359375
9 0.60703125 0.7234375 0.04453125 0.03515625
9 0.54140625 0.7796875 0.05859375 0.0453125
9 0.54765625 0.809375 0.05234375 0.0421875
9 0.41796875 0.7484375 0.0359375 0.040625
9 0.76875 0.70078125 0.03671875 0.0390625
9 0.50390625 0.69296875 0.05859375 0.0421875
4 0.95546875 0.7734375 0.0890625 0.153125
1 0.9046875 0.69140625 0.071875 0.0546875
0 0.98359375 0.6890625 0.0328125 0.053125
9 0.934375 0.634375 0.075 0.05