1 0.284375 0.3015625 0.03125 0.034375
1 0.5921875 0.03046875 0.040625 0.0609375
1 0.62734375 0.01796875 0.0296875 0.0359375
1 0.7359375 0.02578125 0.046875 0.0515625
0 0.7515625 0.25390625 0.06875 0.0453125
0 0.64140625 0.215625 0.090625 0.03125
0 0.8921875 0.259375 0.05625 0.0390625
1 0.83984375 0.31171875 0.0640625 0.0140625
1 0.39453125 0.6546875 0.1125 0.109375
1 0.165625 0.34453125 0.06875 0.0515625
1 0.203125 0.428125 0.07109375 0.05234375
0 0.4578125 0.475 0.1171875 0.10703125
10 0.584375 0.340625 0.109375 0.04375
1 0.828125 0.40078125 0.0375 0.0859375
1 0.62578125 0.41640625 0.0609375 0.05078125
1 0.55546875 0.51171875 0.0515625 0.0609375
1 0.84140625 0.846875 0.0109375 0.08125
1 0.81484375 0.92890625 0.059375 0.08828125
10 0.6375 0.82890625 0.0609375 0.0640625
10 0.8921875 0.74453125 0.0453125 0.05234375
9 0.96015625 0.88515625 0.0609375 0.0609375