1 0.13515625 0.46875 0.02421875 0.040625
1 0.0671875 0.534375 0.03125 0.03125
1 0.034375 0.45078125 0.03203125 0.0328125
0 0.43828125 0.1796875 0.0390625 0.090625
0 0.62421875 0.13828125 0.13515625 0.2046875
0 0.5390625 0.146875 0.1 0.10234375
5 0.940625 0.03671875 0.11875 0.0734375
1 0.9875 0.4734375 0.025 0.08125
1 0.91875 0.45859375 0.06953125 0.090625
10 0.065625 0.98046875 0.03125 0.0390625
9 0.10703125 0.83984375 0.03359375 0.06015625
1 0.12265625 0.68203125 0.03125 0.0625
1 0.08828125 0.58359375 0.02734375 0.0578125
1 0.0484375 0.5859375 0.025 0.0671875
1 0.0125 0.58984375 0.025 0.0671875
1 0.01015625 0.80078125 0.0203125 0.0546875
1 0.20390625 0.97890625 0.0453125 0.0421875
1 0.0140625 0.89375 0.028125 0.0625
1 0.271875 0.9140625 0.0421875 0.07578125
10 0.9703125 0.55703125 0.046875 0.0140625
8 0.98984375 0.5765625 0.0203125 0.05
4 0.4875 0.92265625 0.0875 0.1546875
1 0.57421875 0.88359375 0.08515625 0.0859375
9 0.99375 0.91171875 0.0125 0.0515625
9 0.98984375 0.71875 0.0203125 0.0625
4 0.98828125 0.78671875 0.0234375 0.0578125