1 0.428125 0.02734375 0.10625 0.0546875
1 0.484375 0.05 0.06875 0.1
1 0.45390625 0.15078125 0.07265625 0.09296875
1 0.4984375 0.14375 0.040625 0.121875
1 0.35703125 0.165625 0.12109375 0.165625
1 0.24453125 0.26484375 0.1265625 0.15
9 0.89296875 0.0921875 0.1046875 0.078125
9 0.96171875 0.19375 0.053125 0.078125
9 0.803125 0.17109375 0.121875 0.10703125
1 0.9171875 0.26328125 0.096875 0.12578125
1 0.73046875 0.11484375 0.06875 0.075
3 0.33671875 0.971875 0.0671875 0.05625
0 0.28203125 0.74453125 0.1015625 0.07265625
10 0.42109375 0.771875 0.08359375 0.0625
1 0.28125 0.5875 0.04140625 0.05234375
1 0.4921875 0.55546875 0.053125 0.0796875
1 0.5125 0.6796875 0.0125 0.10625
1 0.08671875 0.64375 0.1078125 0.0828125
1 0.759375 0.6046875 0.48125 0.490625