1 0.0609375 0.3359375 0.1140625 0.13203125
9 0.80390625 0.31484375 0.0390625 0.0671875
1 0.81171875 0.1640625 0.0515625 0.0515625
1 0.828125 0.45625 0.0359375 0.053125
1 0.76796875 0.48515625 0.01875 0.04765625
1 0.940625 0.4515625 0.0203125 0.053125
1 0.76953125 0.38203125 0.03125 0.03359375
1 0.715625 0.42734375 0.0265625 0.05703125
1 0.6546875 0.48046875 0.0359375 0.04140625
1 0.76015625 0.171875 0.04375 0.05703125
9 0.14921875 0.85234375 0.0734375 0.11640625
9 0.25 0.73828125 0.05625 0.09296875
9 0.21875 0.98125 0.04375 0.0375
9 0.2109375 0.9046875 0.0375 0.06328125
9 0.8765625 0.73828125 0.0953125 0.128125
4 0.5671875 0.8796875 0.05625 0.10625
0 0.68359375 0.796875 0.15 0.1359375
0 0.73203125 0.971875 0.0484375 0.05625
8 0.98515625 0.6796875 0.0296875 0.0609375