1 0.30390625 0.04140625 0.1734375 0.0828125
1 0.25078125 0.1859375 0.16640625 0.10546875
1 0.1984375 0.32890625 0.25390625 0.10859375
1 0.2171875 0.57734375 0.1 0.0234375
10 0.646875 0.078125 0.0875 0.15625
10 0.77890625 0.0453125 0.0890625 0.090625
10 0.65 0.48203125 0.0703125 0.1296875
0 0.903125 0.20703125 0.096875 0.1703125
11 0.76640625 0.54765625 0.1234375 0.0828125
1 0.19453125 0.69375 0.05078125 0.0796875
1 0.27421875 0.74609375 0.053125 0.0796875
1 0.4171875 0.70703125 0.053125 0.065625
1 0.36015625 0.88671875 0.0375 0.078125
1 0.44375 0.85625 0.03125 0.071875
1 0.053125 0.8328125 0.0484375 0.10234375
1 0.009375 0.6890625 0.01875 0.165625
1 0.2265625 0.971875 0.05 0.05625
0 0.359375 0.76015625 0.0390625 0.10390625
0 0.4890625 0.8734375 0.03359375 0.08359375