1 0.24296875 0.08125 0.03046875 0.04609375
1 0.26640625 0.21171875 0.02890625 0.05078125
1 0.3796875 0.2375 0.0265625 0.02734375
1 0.29375 0.23828125 0.01328125 0.040625
1 0.24609375 0.5234375 0.03125 0.04453125
1 0.7125 0.18828125 0.06875 0.06640625
1 0.671875 0.025 0.071875 0.05
0 0.79453125 0.3578125 0.10546875 0.0734375
0 0.8234375 0.16875 0.0953125 0.0734375
0 0.65546875 0.34296875 0.10390625 0.0703125
0 0.92421875 0.08125 0.1015625 0.05703125
0 0.95703125 0.23828125 0.07421875 0.06015625
0 0.60078125 0.246875 0.08828125 0.0703125
11 0.5078125 0.40703125 0.0671875 0.11875
11 0.67890625 0.58046875 0.1421875 0.1171875
3 0.2515625 0.65703125 0.146875 0.0359375
3 0.3625 0.9703125 0.09375 0.059375
1 0.08671875 0.9171875 0.0984375 0.0390625
1 0.23046875 0.921875 0.05546875 0.0515625
10 0.02421875 0.6890625 0.0484375 0.1
9 0.865625 0.96875 0.125 0.0625