1 0.084375 0.20234375 0.0828125 0.1234375
1 0.2125 0.23984375 0.065625 0.06328125
1 0.1328125 0.20546875 0.06953125 0.08828125
1 0.11953125 0.30390625 0.0671875 0.06015625
1 0.06015625 0.31015625 0.0578125 0.1
0 0.60390625 0.26015625 0.0921875 0.1078125
9 0.5421875 0.28203125 0.05 0.071875
9 0.1421875 0.6046875 0.08125 0.028125
9 0.17265625 0.5859375 0.08359375 0.03203125
5 0.96328125 0.04921875 0.0734375 0.0984375
5 0.78984375 0.05078125 0.0921875 0.1015625
5 0.71328125 0.08828125 0.1265625 0.1765625
9 0.7109375 0.53515625 0.08828125 0.096875
9 0.74375 0.45703125 0.090625 0.08125
9 0.77734375 0.36015625 0.109375 0.07734375
1 0.259375 0.7453125 0.51875 0.253125
1 0.58828125 0.65546875 0.1171875 0.0734375
1 0.971875 0.6875 0.05625 0.1375
11 0.7703125 0.97109375 0.115625 0.0578125
1 0.825 0.8734375 0.04375 0.06484375