1 0.0421875 0.20078125 0.084375 0.1140625
1 0.121875 0.24453125 0.1359375 0.12109375
1 0.05625 0.35546875 0.071875 0.09296875
1 0.1765625 0.42890625 0.04140625 0.0609375
1 0.2515625 0.50703125 0.1234375 0.10390625
1 0.25 0.34453125 0.12578125 0.12109375
1 0.1359375 0.3484375 0.1078125 0.12109375
1 0.36796875 0.46953125 0.10546875 0.12890625
11 0.79609375 0.0390625 0.1640625 0.078125
0 0.68125 0.25625 0.14609375 0.13359375
0 0.6546875 0.334375 0.1875 0.11875
0 0.73046875 0.15625 0.125 0.12109375
0 0.55546875 0.278125 0.0328125 0.128125
1 0.9796875 0.36328125 0.040625 0.0609375
10 0.965625 0.18671875 0.06875 0.1046875
1 0.7515625 0.525 0.09140625 0.05234375
1 0.73984375 0.56484375 0.0765625 0.0296875
1 0.565625 0.40546875 0.053125 0.0234375
0 0.6265625 0.428125 0.1390625 0.0671875
0 0.6484375 0.55078125 0.084375 0.0578125
11 0.96875 0.4109375 0.0625 0.034375
0 0.2265625 0.65390625 0.1109375 0.140625
7 0.4375 0.73515625 0.203125 0.2734375