1 0.0671875 0.096875 0.071875 0.1625
8 0.55546875 0.159375 0.18984375 0.15703125
8 0.86796875 0.06328125 0.2640625 0.1140625
1 0.0375 0.45703125 0.0484375 0.1140625
1 0.12890625 0.62734375 0.03984375 0.06484375
1 0.22421875 0.5703125 0.07109375 0.08515625
11 0.2140625 0.6359375 0.10703125 0.0828125
9 0.23984375 0.4515625 0.05546875 0.0515625
9 0.26796875 0.3859375 0.0140625 0.0125
0 0.4390625 0.43515625 0.021875 0.0734375
1 0.315625 0.53984375 0.08203125 0.08359375
7 0.40703125 0.9859375 0.0859375 0.028125