1 0.175 0.17421875 0.0703125 0.08125
1 0.43359375 0.17421875 0.07265625 0.109375
1 0.4796875 0.0703125 0.0703125 0.0828125
1 0.6390625 0.01328125 0.059375 0.0265625
0 0.69296875 0.2625 0.1671875 0.128125
0 0.009375 0.609375 0.01875 0.05625
10 0.55 0.5703125 0.11875 0.14375
9 0.10234375 0.83671875 0.05546875 0.075
1 0.10625 0.92265625 0.0296875 0.04765625
1 0.13125 0.975 0.021875 0.05
9 0.0125 0.89140625 0.025 0.0796875
1 0.58828125 0.75 0.0421875 0.015625
1 0.24140625 0.98515625 0.0484375 0.0296875
9 0.65 0.5203125 0.08125 0.121875
9 0.909375 0.9265625 0.109375 0.146875