1 0.31171875 0.47421875 0.01640625 0.0234375
1 0.24765625 0.37265625 0.0171875 0.034375
9 0.353125 0.90625 0.1375 0.1484375
1 0.41796875 0.8984375 0.04453125 0.0625
1 0.4625 0.8734375 0.04609375 0.05625
1 0.49921875 0.81953125 0.0609375 0.0953125
0 0.30703125 0.61875 0.2109375 0.2
0 0.47890625 0.69140625 0.1015625 0.1609375
9 0.775 0.5765625 0.05 0.04765625
9 0.7796875 0.52421875 0.040625 0.0109375
9 0.95390625 0.96640625 0.0640625 0.0671875
9 0.62890625 0.85859375 0.046875 0.05703125
9 0.815625 0.72109375 0.0921875 0.140625
10 0.85390625 0.62421875 0.06875 0.078125
1 0.7046875 0.60390625 0.03671875 0.04453125
0 0.9734375 0.85703125 0.053125 0.1484375
0 0.89140625 0.92421875 0.09609375 0.09453125
0 0.60859375 0.78203125 0.103125 0.1390625