1 0.26953125 0.43828125 0.04296875 0.07421875
1 0.34453125 0.44765625 0.0109375 0.0703125
1 0.34453125 0.346875 0.0109375 0.04375
1 0.30078125 0.459375 0.03359375 0.0671875
9 0.42421875 0.06796875 0.1296875 0.12890625
9 0.946875 0.025 0.096875 0.05
10 0.60625 0.31015625 0.07734375 0.109375
10 0.86953125 0.39296875 0.07578125 0.09140625
1 0.58359375 0.50390625 0.0515625 0.0109375
1 0.68125 0.49453125 0.053125 0.0296875
1 0.621875 0.071875 0.06328125 0.09140625
1 0.709375 0.015625 0.065625 0.03125
0 0.8171875 0.22890625 0.071875 0.08984375
0 0.7578125 0.2453125 0.08359375 0.125
0 0.77578125 0.425 0.13125 0.14453125
0 0.653125 0.16796875 0.171875 0.1640625
0 0.9828125 0.08984375 0.034375 0.1796875
0 0.9390625 0.31484375 0.121875 0.1734375
1 0.628125 0.98203125 0.05625 0.0359375
11 0.5890625 0.80703125 0.0796875 0.08203125
0 0.503125 0.5921875 0.03984375 0.05703125
0 0.42890625 0.6828125 0.0515625 0.090625
0 0.60703125 0.715625 0.06640625 0.0796875