5 0.2328125 0.0078125 0.053125 0.015625
5 0.0875 0.0375 0.0484375 0.0328125
7 0.35625 0.525 0.325 0.228125
7 0.275 0.38203125 0.12734375 0.103125
7 0.43515625 0.3375 0.1671875 0.1375
7 0.3453125 0.29140625 0.19453125 0.128125
7 0.1703125 0.2890625 0.16640625 0.10703125
7 0.078125 0.48125 0.090625 0.0796875
7 0.20234375 0.125 0.06484375 0.1125
7 0.25703125 0.1828125 0.1359375 0.1125
7 0.30078125 0.22734375 0.10625 0.09921875
7 0.1484375 0.3859375 0.10390625 0.07421875
1 0.75 0.240625 0.05546875 0.07421875
1 0.9015625 0.60078125 0.0515625 0.06953125
10 0.203125 0.70859375 0.1328125 0.1171875
4 0.54375 0.85078125 0.05 0.0796875
10 0.53828125 0.675 0.0390625 0.0625