1 0.40859375 0.0703125 0.0640625 0.140625
1 0.11796875 0.190625 0.078125 0.103125
1 0.103125 0.3546875 0.071875 0.128125
1 0.175 0.040625 0.0625 0.08125
10 0.1015625 0.4890625 0.065625 0.06875
10 0.228125 0.95625 0.04921875 0.06015625
10 0.0625 0.95546875 0.04609375 0.03125
11 0.02109375 0.92734375 0.0421875 0.0859375
11 0.06171875 0.9921875 0.0609375 0.015625
9 0.3234375 0.709375 0.05 0.06171875
9 0.2859375 0.6359375 0.0546875 0.05078125
9 0.246875 0.7328125 0.02578125 0.04609375
9 0.33359375 0.84921875 0.0796875 0.08671875
9 0.2265625 0.6953125 0.03671875 0.0421875