1 0.109375 0.0171875 0.075 0.034375
1 0.20546875 0.0359375 0.0328125 0.071875
1 0.31171875 0.01015625 0.0359375 0.0203125
1 0.240625 0.33046875 0.040625 0.07421875
1 0.17109375 0.4765625 0.0421875 0.06015625
1 0.3953125 0.4859375 0.028125 0.065625
1 0.059375 0.3484375 0.02890625 0.07109375
8 0.46640625 0.19140625 0.015625 0.0296875
10 0.45234375 0.04296875 0.0046875 0.0578125
12 0.684375 0.04375 0.053125 0.0875
1 0.6140625 0.37421875 0.0421875 0.04296875
1 0.63671875 0.396875 0.025 0.03359375
1 0.471875 0.48359375 0.04375 0.0390625
1 0.51796875 0.4578125 0.034375 0.04140625
1 0.4578125 0.3140625 0.015625 0.03125
1 0.62421875 0.4484375 0.03671875 0.059375
10 0.6515625 0.409375 0.0140625 0.03984375
10 0.4953125 0.42109375 0.03046875 0.0296875
10 0.5484375 0.296875 0.03125 0.03203125
10 0.4578125 0.390625 0.015625 0.040625
0 0.50703125 0.33203125 0.05234375 0.03984375
9 0.553125 0.43984375 0.0328125 0.03515625
7 0.846875 0.39453125 0.30625 0.2484375
9 0.37421875 0.690625 0.0984375 0.1328125
9 0.43046875 0.86328125 0.0390625 0.1796875
9 0.03515625 0.6171875 0.0703125 0.153125
11 0.115625 0.57890625 0.09375 0.1203125
9 0.54296875 0.98828125 0.0671875 0.0234375
9 0.73046875 0.65234375 0.05234375 0.0890625
9 0.86328125 0.79375 0.05703125 0.09921875
9 0.821875 0.9609375 0.046875 0.078125