1 0.02734375 0.62109375 0.0546875 0.0921875
1 0.40859375 0.14609375 0.05234375 0.08359375
8 0.6703125 0.02890625 0.190625 0.0484375
11 0.734375 0.54140625 0.16953125 0.1375
1 0.53515625 0.6046875 0.0546875 0.06953125
1 0.98203125 0.278125 0.0359375 0.08125
0 0.98828125 0.41796875 0.0234375 0.0859375
0 0.9953125 0.54453125 0.009375 0.0765625
3 0.1265625 0.76328125 0.06875 0.1671875
10 0.07890625 0.94296875 0.0703125 0.1140625
9 0.4734375 0.7296875 0.03125 0.084375
9 0.378125 0.921875 0.07890625 0.115625
9 0.28203125 0.8515625 0.07578125 0.11796875
3 0.95703125 0.97109375 0.0859375 0.0578125
9 0.92109375 0.81953125 0.08203125 0.1015625
1 0.7296875 0.75 0.0375 0.07265625
1 0.834375 0.825 0.05078125 0.07734375
1 0.8421875 0.97890625 0.065625 0.0421875
1 0.58359375 0.7875 0.0546875 0.06015625
1 0.5671875 0.86953125 0.0640625 0.06328125
1 0.65 0.959375 0.05 0.08125