1 0.26796875 0.03046875 0.1078125 0.0609375
4 0.49609375 0.08046875 0.0734375 0.1609375
0 0.759375 0.25 0.18125 0.23515625
10 0.3875 0.76015625 0.1328125 0.1171875
4 0.04609375 0.82734375 0.0921875 0.1296875
1 0.57578125 0.50078125 0.05078125 0.0515625
1 0.4890625 0.5171875 0.059375 0.0625
1 0.59921875 0.69609375 0.084375 0.046875
1 0.671875 0.634375 0.071875 0.08359375
1 0.67734375 0.49609375 0.053125 0.0578125
1 0.475 0.6046875 0.03125 0.06875
1 0.775 0.79609375 0.07578125 0.078125
1 0.659375 0.82109375 0.07734375 0.04140625
1 0.6109375 0.64765625 0.05 0.06171875
4 0.57890625 0.975 0.0703125 0.05