1 0.1359375 0.05078125 0.03125 0.1015625
1 0.503125 0.19140625 0.04140625 0.08515625
1 0.2625 0.30390625 0.02109375 0.0984375
1 0.1703125 0.35390625 0.02421875 0.07109375
1 0.12421875 0.503125 0.025 0.059375
1 0.20078125 0.52109375 0.0234375 0.0578125
1 0.4 0.30546875 0.03203125 0.07265625
1 0.49140625 0.44453125 0.0234375 0.07265625
1 0.4828125 0.53984375 0.01875 0.0203125
1 0.25078125 0.44296875 0.028125 0.06875
1 0.209375 0.3953125 0.02578125 0.09296875
1 0.21328125 0.30546875 0.0171875 0.07265625
1 0.125 0.25 0.028125 0.04765625
1 0.159375 0.6578125 0.05625 0.08671875
1 0.13125 0.87109375 0.0375 0.06796875
1 0.00625 0.7265625 0.0125 0.04375
5 0.84921875 0.68515625 0.3015625 0.2703125