10 0.04609375 0.14609375 0.0453125 0.06953125
10 0.1125 0.0375 0.04921875 0.05703125
10 0.17734375 0.0875 0.0546875 0.06171875
10 0.315625 0.0703125 0.05703125 0.071875
11 0.375 0.10078125 0.1125 0.16015625
9 0.259375 0.0640625 0.053125 0.06953125
9 0.2125 0.0296875 0.046875 0.059375
10 0.01953125 0.0203125 0.0390625 0.040625
1 0.659375 0.0125 0.01875 0.025
1 0.7234375 0.15 0.021875 0.04921875
11 0.1 0.32578125 0.0625 0.07578125
11 0.44765625 0.371875 0.0734375 0.015625
10 0.32421875 0.365625 0.0328125 0.028125
5 0.6859375 0.34921875 0.06171875 0.04921875
5 0.6375 0.3484375 0.04375 0.0625
5 0.6859375 0.3 0.0734375 0.05703125
5 0.72265625 0.2796875 0.0328125 0.06875
5 0.625 0.20703125 0.09921875 0.05234375
5 0.7234375 0.2078125 0.03125 0.053125
7 0.93203125 0.21171875 0.1359375 0.1078125
7 0.9734375 0.05234375 0.053125 0.1046875
7 0.98359375 0.10625 0.0328125 0.1125
7 0.9265625 0.309375 0.10390625 0.07421875
1 0.03984375 0.45390625 0.0796875 0.0953125
1 0.0609375 0.68125 0.08828125 0.08515625
1 0.015625 0.7484375 0.03125 0.05
1 0.04765625 0.8828125 0.07734375 0.02734375
10 0.4734375 0.66484375 0.06875 0.08515625
10 0.4140625 0.5484375 0.06484375 0.0703125
11 0.3359375 0.63515625 0.04765625 0.0890625
1 0.45234375 0.4515625 0.05625 0.07109375
1 0.3890625 0.46796875 0.06171875 0.08515625
1 0.46796875 0.51875 0.0375 0.05078125
1 0.5046875 0.44765625 0.034375 0.06015625
1 0.54609375 0.70703125 0.03515625 0.0578125
1 0.47421875 0.6 0.04765625 0.07578125
1 0.35625 0.73125 0.0578125 0.08828125
1 0.29375 0.69453125 0.04140625 0.07578125
0 0.5671875 0.7921875 0.05078125 0.0890625
0 0.6109375 0.81171875 0.04921875 0.0671875
0 0.5125 0.81015625 0.04765625 0.078125
9 0.15625 0.9703125 0.05625 0.04140625
9 0.02421875 0.95078125 0.0484375 0.0484375
10 0.61796875 0.9484375 0.1078125 0.103125
5 0.89765625 0.6984375 0.2046875 0.603125