11 0.0859375 0.33359375 0.1390625 0.13671875
11 0.39765625 0.09453125 0.0609375 0.0890625
11 0.51640625 0.3921875 0.0609375 0.0546875
10 0.30703125 0.5109375 0.05703125 0.0546875
0 0.4484375 0.01171875 0.115625 0.0234375
7 0.32265625 0.24140625 0.03359375 0.078125
7 0.25546875 0.33515625 0.04140625 0.0640625
7 0.8953125 0.18125 0.209375 0.2125
4 0.62421875 0.9296875 0.0296875 0.134375
4 0.87890625 0.97109375 0.0484375 0.0578125
4 0.7765625 0.7609375 0.04375 0.078125
4 0.971875 0.7640625 0.02734375 0.08203125