0 0.046875 0.0265625 0.09375 0.053125
0 0.0453125 0.1890625 0.090625 0.146875
1 0.53203125 0.01875 0.0171875 0.0375
1 0.509375 0.01875 0.01875 0.0375
1 0.496875 0.29296875 0.01171875 0.05
9 0.42265625 0.05546875 0.0203125 0.03984375
9 0.38359375 0.1296875 0.01875 0.0625
1 0.53359375 0.3171875 0.015625 0.0625
1 0.4703125 0.28125 0.0171875 0.04140625
1 0.403125 0.33203125 0.015625 0.04609375
1 0.38203125 0.2890625 0.02109375 0.03515625
1 0.71484375 0.246875 0.0703125 0.10625
10 0.690625 0.34609375 0.021875 0.0453125
8 0.965625 0.23359375 0.03046875 0.03359375
8 0.9 0.27421875 0.02421875 0.0296875
8 0.95390625 0.359375 0.0265625 0.01875
1 0.07421875 0.4015625 0.1296875 0.065625
1 0.11875 0.52734375 0.2140625 0.16015625
9 0.29921875 0.5953125 0.040625 0.07734375
4 0.29609375 0.47421875 0.03515625 0.09375
1 0.646875 0.80703125 0.04921875 0.04765625
8 0.5625 0.71953125 0.06015625 0.06484375
7 0.83984375 0.76796875 0.3203125 0.4546875
7 0.959375 0.45078125 0.08125 0.1640625