10 0.27265625 0.1953125 0.03046875 0.034375
10 0.15859375 0.09375 0.028125 0.0515625
1 0.196875 0.04140625 0.0296875 0.05
11 0.190625 0.159375 0.04296875 0.05390625
0 0.15390625 0.275 0.03359375 0.04296875
0 0.3046875 0.2453125 0.04609375 0.0390625
1 0.234375 0.2859375 0.0359375 0.03984375
0 0.21484375 0.434375 0.1015625 0.06875
1 0.8515625 0.10078125 0.07890625 0.07265625
1 0.6984375 0.11796875 0.1109375 0.08359375
1 0.875 0.3890625 0.1359375 0.0609375
1 0.97109375 0.3046875 0.0578125 0.115625
1 0.98828125 0.103125 0.0234375 0.08125
1 0.6 0.2421875 0.20390625 0.08984375
1 0.8984375 0.31875 0.07734375 0.0859375
3 0.11328125 0.734375 0.2265625 0.16875
4 0.3875 0.7453125 0.0703125 0.10234375
7 0.84921875 0.81796875 0.225 0.275
7 0.5609375 0.7625 0.1109375 0.2125