3 0.6671875 0.21171875 0.125 0.1515625
3 0.296875 0.83125 0.1 0.015625
3 0.5765625 0.1671875 0.0484375 0.07109375
0 0.65859375 0.50546875 0.1421875 0.0984375
0 0.640625 0.5921875 0.178125 0.06875
0 0.6734375 0.39453125 0.1125 0.0921875
0 0.225 0.6296875 0.14375 0.10234375
0 0.45546875 0.5859375 0.1203125 0.10625
0 0.2703125 0.44140625 0.18046875 0.13984375
4 0.88828125 0.04921875 0.2015625 0.0984375
4 0.9765625 0.1171875 0.046875 0.215625
1 0.98203125 0.73984375 0.0359375 0.0578125
1 0.8734375 0.771875 0.040625 0.05625
4 0.0921875 0.9109375 0.06015625 0.11015625
10 0.4265625 0.9828125 0.08125 0.034375