3 0.18046875 0.4875 0.14921875 0.16640625
4 0.34453125 0.38671875 0.0453125 0.0890625
4 0.365625 0.4828125 0.0484375 0.09140625
9 0.88515625 0.23046875 0.0875 0.13046875
1 0.84453125 0.065625 0.05234375 0.09375
1 0.8671875 0.534375 0.05546875 0.0546875
0 0.928125 0.390625 0.0671875 0.1109375
4 0.47734375 0.83828125 0.09140625 0.13046875
0 0.646875 0.76953125 0.115625 0.1328125
0 0.64453125 0.8484375 0.1109375 0.11875
0 0.68203125 0.6703125 0.125 0.12109375
1 0.946875 0.87734375 0.07109375 0.0609375
10 0.928125 0.7015625 0.0890625 0.10390625
0 0.61796875 0.94140625 0.0578125 0.0671875
11 0.93828125 0.92578125 0.09609375 0.03515625