5 0.28046875 0.18125 0.1984375 0.165625
5 0.3109375 0.04609375 0.1375 0.0921875
9 0.8953125 0.0609375 0.1015625 0.09140625
1 0.2953125 0.5484375 0.05625 0.08671875
1 0.2671875 0.76171875 0.0375 0.06796875
1 0.06484375 0.878125 0.0390625 0.0671875
1 0.07734375 0.4875 0.0359375 0.05
1 0.13359375 0.61796875 0.0296875 0.04296875
1 0.2390625 0.28828125 0.01875 0.0390625
8 0.8421875 0.31953125 0.246875 0.1015625
8 0.86328125 0.4484375 0.22109375 0.10078125
8 0.97421875 0.41953125 0.0515625 0.1015625
8 0.9625 0.6421875 0.075 0.109375
11 0.46328125 0.96875 0.0671875 0.0625
10 0.57578125 0.846875 0.0546875 0.1
1 0.39140625 0.8125 0.0234375 0.0375
8 0.95703125 0.83515625 0.0859375 0.1546875
8 0.8609375 0.81484375 0.078125 0.09921875
8 0.88203125 0.91484375 0.046875 0.0640625
8 0.96484375 0.971875 0.0390625 0.05625
8 0.99140625 0.9375 0.0171875 0.08125
8 0.84375 0.93515625 0.03828125 0.0640625
8 0.7921875 0.8359375 0.03125 0.0546875
8 0.76328125 0.8796875 0.02890625 0.046875
8 0.80078125 0.90546875 0.04375 0.071875
8 0.7515625 0.95859375 0.028125 0.05078125
8 0.86796875 0.87578125 0.034375 0.0453125
8 0.89609375 0.86953125 0.02578125 0.046875
8 0.9734375 0.89375 0.0453125 0.07109375