4 0.38125 0.48125 0.08828125 0.134375
11 0.24375 0.04375 0.090625 0.0875
11 0.15625 0.23125 0.13984375 0.2140625
11 0.321875 0.3296875 0.08203125 0.10703125
1 0.6015625 0.24609375 0.303125 0.4921875
1 0.82265625 0.27109375 0.1171875 0.0828125
4 0.27890625 0.90703125 0.16640625 0.09375
10 0.2359375 0.740625 0.06328125 0.0703125
10 0.1890625 0.6609375 0.05859375 0.06640625
11 0.36875 0.62421875 0.1625 0.1296875
10 0.51015625 0.89921875 0.0484375 0.11328125
9 0.9640625 0.62734375 0.06875 0.1359375
9 0.89453125 0.84765625 0.0421875 0.12421875