10 0.49609375 0.0109375 0.0546875 0.021875
10 0.33359375 0.4453125 0.065625 0.04765625
11 0.5890625 0.46015625 0.059375 0.0484375
9 0.16015625 0.403125 0.11171875 0.1046875
9 0.5046875 0.49296875 0.0890625 0.10625
1 0.7625 0.06953125 0.0578125 0.05859375
9 0.56484375 0.765625 0.096875 0.115625
9 0.41953125 0.87421875 0.07734375 0.1109375
9 0.03828125 0.7609375 0.0765625 0.134375
10 0.46015625 0.971875 0.1203125 0.05625
0 0.96484375 0.70859375 0.0703125 0.1390625
7 0.79921875 0.7484375 0.115625 0.1640625