11 0.19921875 0.10703125 0.0609375 0.0890625
11 0.31796875 0.4046875 0.0609375 0.0546875
10 0.10859375 0.5234375 0.05703125 0.0546875
10 0.42890625 0.465625 0.0546875 0.0546875
0 0.25 0.01796875 0.115625 0.0359375
7 0.12421875 0.25390625 0.03359375 0.078125
7 0.05703125 0.34765625 0.04140625 0.0640625
9 0.55546875 0.19609375 0.0921875 0.1265625
8 0.8453125 0.35 0.29375 0.5
8 0.89140625 0.0265625 0.0671875 0.053125
3 0.2015625 0.946875 0.0484375 0.0875
3 0.465625 0.84296875 0.04921875 0.075
3 0.32890625 0.7484375 0.07265625 0.1046875
1 0.53203125 0.65078125 0.0453125 0.0890625
0 0.5734375 0.75078125 0.0703125 0.0828125