11 0.08671875 0.0484375 0.1734375 0.096875
10 0.553125 0.065625 0.046875 0.06015625
1 0.2109375 0.28046875 0.0375 0.11796875
9 0.484375 0.246875 0.1 0.12734375
1 0.31484375 0.1234375 0.05078125 0.053125
1 0.39921875 0.21953125 0.06484375 0.09375
1 0.371875 0.3484375 0.078125 0.021875
4 0.8234375 0.0546875 0.07109375 0.06640625
4 0.88984375 0.05 0.0671875 0.06875
4 0.82109375 0.01640625 0.0640625 0.0328125
4 0.7703125 0.0078125 0.046875 0.015625
11 0.8359375 0.1046875 0.075 0.05625
9 0.9671875 0.02109375 0.05 0.0421875
7 0.73515625 0.32578125 0.1703125 0.0671875
11 0.25546875 0.74140625 0.0734375 0.1234375
10 0.14140625 0.8625 0.0875 0.09140625
0 0.3171875 0.403125 0.08125 0.0875
0 0.50390625 0.91484375 0.0546875 0.08359375
0 0.3578125 0.75 0.03359375 0.08359375
1 0.48125 0.37109375 0.040625 0.0234375