9 0.503125 0.009375 0.053125 0.01875
9 0.36484375 0.090625 0.040625 0.05
9 0.18984375 0.3375 0.06953125 0.05
1 0.70234375 0.03828125 0.1359375 0.0765625
1 0.64140625 0.1265625 0.0640625 0.09375
1 0.7578125 0.20078125 0.040625 0.06171875
1 0.83203125 0.2796875 0.12265625 0.1046875
1 0.83125 0.11640625 0.125 0.12109375
1 0.71640625 0.1203125 0.10703125 0.121875
1 0.9484375 0.23984375 0.103125 0.1265625
3 0.21484375 0.9125 0.0421875 0.175
3 0.31640625 0.86015625 0.1046875 0.09453125
3 0.27265625 0.75078125 0.084375 0.09140625
0 0.065625 0.6640625 0.13125 0.05
9 0.328125 0.68515625 0.0296875 0.06640625
9 0.16640625 0.72890625 0.05703125 0.09140625