10 0.28046875 0.1109375 0.034375 0.059375
10 0.253125 0.03828125 0.02421875 0.059375
9 0.07734375 0.234375 0.0375 0.08828125
9 0.3203125 0.3203125 0.08046875 0.1453125
11 0.084375 0.621875 0.07109375 0.16015625
11 0.0296875 0.5765625 0.059375 0.175
11 0.07109375 0.54375 0.003125 0.00703125
11 0.053125 0.52578125 0.05625 0.0734375
11 0.0375 0.715625 0.075 0.175
10 0.50546875 0.76015625 0.0671875 0.0921875
9 0.3453125 0.61484375 0.0578125 0.075
9 0.38046875 0.553125 0.0453125 0.06171875
9 0.525 0.53828125 0.028125 0.0515625
0 0.49453125 0.6375 0.065625 0.078125
9 0.63984375 0.8375 0.040625 0.07734375
10 0.8265625 0.53203125 0.096875 0.0859375
4 0.63671875 0.71640625 0.03515625 0.09375
8 0.903125 0.96171875 0.06015625 0.06484375