10 0.33671875 0.09140625 0.0265625 0.0828125
9 0.1046875 0.44765625 0.11640625 0.0859375
10 0.41171875 0.084375 0.059375 0.11015625
10 0.49765625 0.0890625 0.0609375 0.0609375
0 0.57421875 0.02109375 0.0640625 0.0421875
6 0.78046875 0.01875 0.0671875 0.0375
9 0.58203125 0.5140625 0.0390625 0.009375
9 0.72109375 0.49453125 0.0578125 0.02734375
9 0.765625 0.44375 0.04609375 0.034375
9 0.70703125 0.425 0.06171875 0.05078125
9 0.77421875 0.3859375 0.05625 0.04296875
9 0.640625 0.48359375 0.0546875 0.03203125
9 0.66875 0.4484375 0.02734375 0.03359375
9 0.58515625 0.4359375 0.07578125 0.03203125
0 0.4640625 0.3765625 0.05390625 0.0375
9 0.93671875 0.45 0.07265625 0.09375
1 0.03125 0.66875 0.04296875 0.04375
1 0.10390625 0.559375 0.03125 0.03671875
1 0.13359375 0.746875 0.03984375 0.0421875
1 0.06484375 0.725 0.03515625 0.0453125
1 0.00546875 0.56953125 0.0109375 0.0328125
1 0.01875 0.57734375 0.01953125 0.04453125
1 0.0734375 0.6125 0.021875 0.03515625
9 0.75859375 0.6578125 0.1 0.11484375
4 0.896875 0.553125 0.125 0.06875
0 0.91796875 0.634375 0.14296875 0.128125
0 0.8765625 0.7125 0.11015625 0.0828125
0 0.65546875 0.57578125 0.07890625 0.09765625
1 0.8515625 0.8421875 0.16796875 0.10546875
1 0.75859375 0.921875 0.1328125 0.06015625
1 0.6875 0.96875 0.184375 0.0625