7 0.51484375 0.4765625 0.1296875 0.446875
7 0.3703125 0.525 0.14375 0.35
7 0.2265625 0.4265625 0.0671875 0.1953125
7 0.20625 0.6328125 0.08125 0.134375
7 0.27421875 0.67734375 0.0953125 0.0453125
8 0.63046875 0.52109375 0.1015625 0.1578125
8 0.88359375 0.42578125 0.2328125 0.1140625
10 0.08046875 0.884375 0.1328125 0.14140625
11 0.3890625 0.7640625 0.134375 0.128125
11 0.39140625 0.97109375 0.0890625 0.0578125
11 0.234375 0.73984375 0.084375 0.0796875
1 0.9234375 0.72734375 0.040625 0.0546875
1 0.65625 0.7234375 0.028125 0.046875
1 0.77109375 0.7484375 0.02890625 0.08515625
9 0.821875 0.97265625 0.065625 0.0546875
0 0.659375 0.95859375 0.078125 0.0828125
0 0.71171875 0.7578125 0.04609375 0.10234375
0 0.83046875 0.7984375 0.0640625 0.05546875