0 0.0328125 0.21640625 0.065625 0.1546875
11 0.453125 0.34375 0.028125 0.07109375
11 0.34140625 0.41328125 0.03828125 0.0734375
11 0.4890625 0.36015625 0.021875 0.0453125
11 0.3546875 0.52109375 0.040625 0.0359375
11 0.41875 0.37109375 0.034375 0.1078125
1 0.29140625 0.3203125 0.02734375 0.07265625
1 0.33515625 0.175 0.021875 0.0609375
1 0.36796875 0.1875 0.0265625 0.0640625
1 0.2921875 0.44453125 0.021875 0.0734375
10 0.46171875 0.23203125 0.02265625 0.0453125
11 0.41484375 0.45 0.05234375 0.05625
9 0.18984375 0.8703125 0.16875 0.23046875