11 0.2125 0.31875 0.0859375 0.11796875
4 0.4109375 0.046875 0.09375 0.09375
11 0.06328125 0.78203125 0.06328125 0.059375
4 0.05546875 0.6796875 0.053125 0.04921875
4 0.0296875 0.6078125 0.059375 0.078125
9 0.2953125 0.6546875 0.040625 0.08203125
1 0.24296875 0.95859375 0.1359375 0.0828125
11 0.60078125 0.47578125 0.06328125 0.059375
10 0.51796875 0.39453125 0.0484375 0.0109375
9 0.69296875 0.83671875 0.0390625 0.1109375
9 0.58046875 0.7484375 0.078125 0.0953125
1 0.78125 0.69921875 0.1359375 0.17421875
1 0.8515625 0.88515625 0.109375 0.2296875