3 0.49375 0.05390625 0.03125 0.1078125
3 0.325 0.20078125 0.003125 0.00703125
3 0.3328125 0.14921875 0.01171875 0.00546875
7 0.31953125 0.59296875 0.3796875 0.3859375
12 0.69765625 0.73828125 0.0359375 0.040625
12 0.69921875 0.68359375 0.0640625 0.03828125
12 0.646875 0.7640625 0.03359375 0.03203125
12 0.64140625 0.7109375 0.05 0.05625
12 0.73203125 0.7609375 0.01796875 0.0234375
12 0.6921875 0.6421875 0.05546875 0.04921875
9 0.98359375 0.8171875 0.0328125 0.13125
1 0.8625 0.759375 0.05703125 0.0984375
1 0.8109375 0.890625 0.0421875 0.0625
9 0.85703125 0.93515625 0.0578125 0.09609375