10 0.2078125 0.0078125 0.040625 0.015625
10 0.31015625 0.203125 0.03046875 0.034375
10 0.19609375 0.1015625 0.028125 0.0515625
1 0.234375 0.04921875 0.0296875 0.05
11 0.228125 0.1671875 0.04296875 0.05390625
0 0.19140625 0.2828125 0.03359375 0.04296875
0 0.3421875 0.253125 0.04609375 0.0390625
1 0.271875 0.29375 0.0359375 0.03984375
0 0.25234375 0.475 0.1015625 0.13359375
10 0.1890625 0.69296875 0.0703125 0.1296875
11 0.30546875 0.8078125 0.1234375 0.1796875
9 0.35625 0.62109375 0.065625 0.0640625
9 0.06796875 0.82109375 0.05546875 0.0859375
6 0.81015625 0.96875 0.1078125 0.0625
6 0.915625 0.85625 0.10234375 0.07578125