10 0.32265625 0.02265625 0.1328125 0.0453125
4 0.32734375 0.37578125 0.2640625 0.0859375
9 0.85078125 0.02578125 0.0890625 0.0515625
1 0.7296875 0.11484375 0.0578125 0.02109375
1 0.9875 0.03515625 0.025 0.0703125
1 0.41171875 0.7109375 0.21328125 0.16484375
1 0.615625 0.54296875 0.028125 0.2484375
1 0.5765625 0.73515625 0.0734375 0.16171875
1 0.33828125 0.57421875 0.1765625 0.09140625
1 0.46796875 0.47890625 0.05234375 0.0484375
1 0.4015625 0.43359375 0.053125 0.0296875
1 0.33203125 0.48671875 0.10546875 0.08828125
1 0.23515625 0.428125 0.1078125 0.01875
10 0.459375 0.98515625 0.046875 0.0296875
10 0.48203125 0.92265625 0.05 0.08515625
9 0.56953125 0.9765625 0.0515625 0.046875