1 0.07734375 0.0359375 0.0484375 0.071875
1 0.16953125 0.18515625 0.03984375 0.06484375
1 0.26484375 0.128125 0.07109375 0.08515625
11 0.2546875 0.19375 0.10703125 0.0828125
9 0.2796875 0.0171875 0.05625 0.034375
1 0.35625 0.09765625 0.08203125 0.08359375
4 0.49296875 0.34296875 0.1421875 0.2140625
9 0.59296875 0.05390625 0.0734375 0.1078125
9 0.98125 0.20625 0.0375 0.165625
3 0.365625 0.61953125 0.06875 0.1234375
0 0.17734375 0.59140625 0.06640625 0.065625
10 0.37734375 0.7375 0.0453125 0.059375