0 0.640625 0.3453125 0.01875 0.065625
0 0.3296875 0.05859375 0.084375 0.1171875
0 0.83125 0.1265625 0.10703125 0.09140625
0 0.68984375 0.2328125 0.0796875 0.05625
4 0.06328125 0.965625 0.0609375 0.06875
4 0.00625 0.78671875 0.0125 0.0765625
11 0.14765625 0.8546875 0.0515625 0.11171875
0 0.178125 0.52890625 0.03046875 0.096875
10 0.55 0.771875 0.096875 0.1390625
10 0.415625 0.73671875 0.10390625 0.13203125
10 0.3296875 0.6796875 0.096875 0.10703125
10 0.5109375 0.42890625 0.084375 0.0984375
1 0.41015625 0.51328125 0.171875 0.1375