11 0.0734375 0.0671875 0.121875 0.12265625
0 0.13828125 0.1546875 0.09296875 0.11328125
9 0.50859375 0.0421875 0.0546875 0.084375
1 0.640625 0.4796875 0.04375 0.078125
4 0.92109375 0.46640625 0.1046875 0.1046875
1 0.76796875 0.35546875 0.0859375 0.090625
7 0.165625 0.578125 0.05546875 0.090625
7 0.20859375 0.5453125 0.0515625 0.053125
7 0.07421875 0.54375 0.0359375 0.05
7 0.3765625 0.56640625 0.025 0.0546875
7 0.30390625 0.58671875 0.07109375 0.08515625
7 0.25234375 0.68359375 0.03203125 0.04296875
7 0.1625 0.69296875 0.05390625 0.04765625
7 0.0234375 0.61328125 0.04140625 0.05546875
7 0.20625 0.76171875 0.08125 0.0609375
7 0.05390625 0.8171875 0.04375 0.04296875
7 0.62265625 0.7109375 0.4671875 0.384375