10 0.1140625 0.22734375 0.15546875 0.1421875
1 0.5265625 0.09453125 0.0484375 0.07578125
10 0.9828125 0.103125 0.03359375 0.04296875
10 0.99296875 0.30625 0.01328125 0.03359375
9 0.59765625 0.18671875 0.0578125 0.059375
11 0.4328125 0.36953125 0.04609375 0.0796875
11 0.4796875 0.65078125 0.0390625 0.0796875
11 0.32734375 0.36484375 0.04765625 0.0703125
11 0.3828125 0.396875 0.04609375 0.10546875
10 0.36796875 0.803125 0.040625 0.08359375
6 0.52890625 0.70625 0.0296875 0.07734375
6 0.1078125 0.80078125 0.03125 0.07421875
1 0.19921875 0.73203125 0.03671875 0.09609375
9 0.16171875 0.94765625 0.05 0.0890625
8 0.35234375 0.88046875 0.03125 0.06328125
0 0.1640625 0.5671875 0.05 0.10546875
1 0.6671875 0.58125 0.02578125 0.12734375
1 0.58671875 0.6984375 0.03359375 0.1796875
1 0.659375 0.87265625 0.0671875 0.14765625
1 0.79140625 0.92421875 0.13359375 0.1515625
1 0.93671875 0.56875 0.05390625 0.1078125
1 0.7671875 0.67890625 0.0375 0.140625
1 0.92890625 0.70234375 0.04296875 0.08359375
1 0.89921875 0.8140625 0.03359375 0.07578125
1 0.87109375 0.4015625 0.03671875 0.1078125