11 0.0484375 0.19375 0.07109375 0.16015625
11 0.01171875 0.11796875 0.0234375 0.2359375
11 0.03515625 0.115625 0.003125 0.00703125
11 0.02265625 0.0671875 0.0453125 0.134375
11 0.01953125 0.2875 0.0390625 0.175
11 0.03359375 0.0078125 0.0359375 0.015625
10 0.49375 0.3328125 0.115625 0.09296875
9 0.309375 0.18671875 0.0578125 0.075
9 0.34453125 0.125 0.0453125 0.06171875
9 0.540625 0.05859375 0.0375 0.0765625
9 0.496875 0.1109375 0.04375 0.05078125
9 0.52890625 0.0265625 0.0609375 0.053125
0 0.45859375 0.209375 0.065625 0.078125
0 0.534375 0.51015625 0.05 0.0578125
11 0.24140625 0.77890625 0.0734375 0.1234375
10 0.12734375 0.9 0.0875 0.09140625
0 0.48984375 0.95234375 0.0546875 0.08359375
0 0.34375 0.7875 0.03359375 0.08359375
11 0.6296875 0.79140625 0.140625 0.3140625
10 0.71796875 0.5890625 0.05078125 0.0859375
10 0.71875 0.6609375 0.01484375 0.0484375
9 0.87265625 0.57578125 0.0609375 0.0734375
10 0.8296875 0.8109375 0.0640625 0.0890625
0 0.86953125 0.6875 0.0625 0.07578125
0 0.9203125 0.5609375 0.0875 0.04375
1 0.840625 0.97421875 0.05 0.0515625