10 0.07890625 0.16953125 0.05703125 0.09921875
10 0.10859375 0.04140625 0.03828125 0.07578125
11 0.05859375 0.0875 0.05703125 0.13359375
11 0.3984375 0.2234375 0.08203125 0.06640625
11 0.26171875 0.23359375 0.1 0.04609375
8 0.03359375 0.33828125 0.0671875 0.1359375
8 0.01875 0.425 0.0375 0.109375
8 0.08671875 0.421875 0.084375 0.109375
8 0.10625 0.5046875 0.0453125 0.0515625
1 0.890625 0.1421875 0.05625 0.08671875
1 0.8625 0.35546875 0.0375 0.06796875
1 0.66015625 0.471875 0.0390625 0.0671875
1 0.67265625 0.08125 0.0359375 0.05
1 0.72890625 0.21171875 0.0296875 0.04296875
11 0.253125 0.6953125 0.09296875 0.134375
11 0.30078125 0.91640625 0.1015625 0.0921875
11 0.446875 0.62578125 0.065625 0.1515625
1 0.125 0.5734375 0.065625 0.046875
1 0.1359375 0.76796875 0.0515625 0.13671875
10 0.43203125 0.98671875 0.0515625 0.0265625
11 0.43203125 0.75234375 0.0953125 0.0984375
9 0.15390625 0.8859375 0.04765625 0.06328125
9 0.21015625 0.90703125 0.046875 0.0578125
9 0.43359375 0.85390625 0.04375 0.05078125
9 0.38046875 0.8859375 0.05078125 0.07265625
0 0.325 0.71875 0.05 0.08125
0 0.32890625 0.828125 0.06796875 0.08828125
7 0.90703125 0.59609375 0.1859375 0.0921875
7 0.525 0.928125 0.090625 0.14375