10 0.4359375 0.053125 0.084375 0.10625
9 0.0734375 0.15859375 0.09140625 0.15703125
10 0.4234375 0.378125 0.05234375 0.10390625
10 0.26640625 0.09453125 0.09140625 0.1625
4 0.1953125 0.35703125 0.17265625 0.16875
9 0.48359375 0.259375 0.0328125 0.109375
7 0.89609375 0.06796875 0.2078125 0.1359375
8 0.39609375 0.52734375 0.2078125 0.1015625
10 0.11640625 0.9265625 0.0546875 0.1
8 0.47734375 0.91484375 0.0453125 0.1546875
8 0.4015625 0.89453125 0.078125 0.09921875
8 0.421875 0.98125 0.046875 0.0375
8 0.38359375 0.99140625 0.0390625 0.0171875
8 0.3328125 0.915625 0.03125 0.0546875
8 0.30390625 0.959375 0.02890625 0.046875
8 0.340625 0.97421875 0.04375 0.0515625
8 0.40859375 0.95546875 0.034375 0.0453125
8 0.43671875 0.94921875 0.02578125 0.046875
12 0.7578125 0.57578125 0.2375 0.2515625
12 0.9296875 0.565625 0.140625 0.23125
12 0.61015625 0.53828125 0.06796875 0.13828125
12 0.56640625 0.64921875 0.05234375 0.1546875
7 0.78046875 0.9546875 0.4109375 0.090625