1 0.365625 0.4265625 0.0390625 0.034375
1 0.346875 0.40234375 0.03125 0.04765625
1 0.40625 0.43515625 0.0328125 0.034375
1 0.45703125 0.453125 0.0328125 0.03125
1 0.5125 0.42578125 0.02109375 0.02734375
1 0.44453125 0.4 0.0234375 0.04296875
9 0.43125 0.28515625 0.04609375 0.04296875
0 0.5296875 0.31171875 0.05625 0.0546875
0 0.48125 0.403125 0.0375 0.053125
0 0.41171875 0.37109375 0.04375 0.034375
1 0.08203125 0.59921875 0.1078125 0.1203125
1 0.05078125 0.75703125 0.1015625 0.1515625
1 0.1890625 0.55546875 0.0625 0.0328125
1 0.0125 0.8171875 0.025 0.075
1 0.01171875 0.5953125 0.0234375 0.1
5 0.0390625 0.97421875 0.05 0.0515625
1 0.46875 0.60703125 0.071875 0.09296875
1 0.5890625 0.68046875 0.04140625 0.0609375
1 0.6640625 0.75859375 0.1234375 0.10390625
1 0.66171875 0.59765625 0.1265625 0.1171875
1 0.5484375 0.6 0.1078125 0.12109375
1 0.37265625 0.62109375 0.1203125 0.1640625
1 0.78046875 0.72109375 0.10546875 0.12890625