0 0.22890625 0.046875 0.04296875 0.04765625
0 0.053125 0.03046875 0.0421875 0.0453125
0 0.190625 0.02421875 0.03984375 0.0453125
0 0.15703125 0.1546875 0.04296875 0.059375
11 0.128125 0.09453125 0.05859375 0.065625
9 0.18671875 0.2390625 0.07578125 0.0796875
3 0.94765625 0.26015625 0.06015625 0.1109375
3 0.7640625 0.40859375 0.003125 0.00703125
3 0.771875 0.35703125 0.01171875 0.00546875
10 0.99296875 0.146875 0.0140625 0.071875
1 0.3109375 0.940625 0.05625 0.08671875
1 0.09296875 0.8796875 0.0359375 0.05
1 0.14921875 0.99375 0.0296875 0.0125
1 0.2546875 0.67890625 0.01875 0.04453125