11 0.16796875 0.06484375 0.05625 0.09609375
0 0.12578125 0.31328125 0.084375 0.0734375
10 0.2390625 0.28359375 0.06953125 0.0640625
1 0.12734375 0.47109375 0.03515625 0.05390625
1 0.3140625 0.4828125 0.071875 0.053125
1 0.35078125 0.15703125 0.03984375 0.07109375
1 0.32578125 0.3734375 0.03203125 0.1078125
8 0.76015625 0.16015625 0.06484375 0.1203125
8 0.859375 0.27734375 0.05859375 0.0796875
8 0.8734375 0.096875 0.04921875 0.0609375
8 0.91171875 0.1578125 0.0421875 0.0734375
5 0.93828125 0.26328125 0.08984375 0.09921875
10 0.1640625 0.975 0.034375 0.05
10 0.1609375 0.7078125 0.02578125 0.04375
10 0.20546875 0.88046875 0.025 0.0609375
1 0.16484375 0.90703125 0.02578125 0.0578125
11 0.2046875 0.79375 0.0359375 0.0671875
0 0.26328125 0.7015625 0.028125 0.053125
0 0.15546875 0.63984375 0.03671875 0.05078125
1 0.2140625 0.640625 0.0296875 0.05
5 0.8234375 0.653125 0.13125 0.2875