9 0.21015625 0.38046875 0.0671875 0.0578125
10 0.6828125 0.15390625 0.05625 0.0640625
10 0.390625 0.14765625 0.021875 0.0578125
1 0.70546875 0.2453125 0.04921875 0.02265625
1 0.72109375 0.29140625 0.03359375 0.053125
1 0.75 0.3359375 0.0359375 0.05859375
1 0.79609375 0.38125 0.0375 0.04765625
1 0.653125 0.3265625 0.03046875 0.0390625
1 0.51171875 0.2171875 0.03046875 0.07265625
1 0.40234375 0.0515625 0.0375 0.05078125
1 0.99375 0.2078125 0.0125 0.090625
1 0.91640625 0.27421875 0.05859375 0.07578125
1 0.94453125 0.02421875 0.0734375 0.0484375
9 0.78359375 0.01875 0.0765625 0.0375
9 0.5 0.0296875 0.053125 0.059375
9 0.57265625 0.0296875 0.0234375 0.059375
9 0.44921875 0.15546875 0.04921875 0.06171875
9 0.66484375 0.065625 0.046875 0.05625
9 0.60703125 0.0953125 0.05078125 0.08671875
9 0.5328125 0.16796875 0.04375 0.0640625
9 0.40078125 0.015625 0.0421875 0.03125
9 0.58515625 0.19765625 0.04921875 0.05625
9 0.73125 0.19296875 0.0734375 0.07578125
9 0.890625 0.19296875 0.053125 0.05859375
1 0.234375 0.6859375 0.0296875 0.040625
1 0.11015625 0.83671875 0.025 0.04296875
1 0.36171875 0.99140625 0.0296875 0.0171875
1 0.30859375 0.93203125 0.0234375 0.04453125
1 0.21015625 0.9859375 0.0171875 0.028125
1 0.0875 0.96796875 0.0296875 0.040625