10 0.4078125 0.1828125 0.0609375 0.0796875
10 0.4515625 0.28046875 0.05546875 0.075
3 0.25078125 0.33828125 0.1921875 0.1984375
4 0.02890625 0.51328125 0.0578125 0.1453125
1 0.85234375 0.29921875 0.09375 0.05625
9 0.98671875 0.51796875 0.0265625 0.0671875
9 0.884375 0.11015625 0.08515625 0.07890625
9 0.7359375 0.15390625 0.11953125 0.09140625
9 0.6484375 0.38125 0.08046875 0.05703125
9 0.51171875 0.13828125 0.0234375 0.0578125
9 0.5375 0.378125 0.075 0.103125
11 0.634375 0.646875 0.04765625 0.053125
11 0.82421875 0.64921875 0.06328125 0.059375
10 0.68125 0.634375 0.034375 0.03125
9 0.91640625 0.97734375 0.0390625 0.0453125
9 0.80390625 0.921875 0.078125 0.0953125
1 0.96796875 0.871875 0.0640625 0.175