11 0.1578125 0.01328125 0.065625 0.0265625
0 0.0734375 0.1296875 0.053125 0.0484375
10 0.378125 0.0578125 0.0484375 0.05
10 0.4546875 0.17578125 0.06640625 0.04375
8 0.5453125 0.2609375 0.071875 0.215625
0 0.9359375 0.115625 0.0953125 0.09609375
0 0.95546875 0.203125 0.07109375 0.0515625
9 0.87890625 0.3546875 0.0859375 0.028125
11 0.090625 0.51171875 0.18125 0.2859375
10 0.19921875 0.3796875 0.0140625 0.021875
4 0.009375 0.39453125 0.01875 0.0515625
10 0.3109375 0.5171875 0.0640625 0.0890625
0 0.35 0.4 0.0625 0.0625
1 0.21875 0.83828125 0.0375 0.11796875
11 0.47578125 0.96015625 0.0671875 0.0796875
9 0.47578125 0.80390625 0.0671875 0.1265625
1 0.428125 0.99140625 0.053125 0.0171875
1 0.32265625 0.68125 0.05078125 0.053125
1 0.40703125 0.77734375 0.06484375 0.09375
1 0.38046875 0.94375 0.078125 0.0953125
0 0.60546875 0.94453125 0.0828125 0.1109375
9 0.8609375 0.8703125 0.08671875 0.096875