4 0.01875 0.0171875 0.0375 0.034375
4 0.040625 0.1078125 0.02578125 0.04375
4 0.0234375 0.05078125 0.03828125 0.059375
4 0.05078125 0.05390625 0.028125 0.046875
10 0.003125 0.1296875 0.00625 0.0375
10 0.0734375 0.134375 0.02265625 0.0359375
11 0.0484375 0.14453125 0.028125 0.0390625
0 0.1765625 0.4375 0.04296875 0.09140625
0 0.12265625 0.61328125 0.0421875 0.0328125
0 0.171875 0.5421875 0.04296875 0.07109375
1 0.13671875 0.4421875 0.0359375 0.05703125
10 0.121875 0.4078125 0.02265625 0.0375
11 0.0578125 0.45078125 0.03671875 0.05078125
11 0.009375 0.4375 0.01875 0.06875
7 0.76875 0.31484375 0.4625 0.6296875
4 0.29453125 0.9375 0.2640625 0.125
1 0.84296875 0.65078125 0.1015625 0.0421875
1 0.71328125 0.678125 0.06328125 0.06796875
9 0.475 0.87421875 0.071875 0.1078125
9 0.71484375 0.96953125 0.0578125 0.0609375
0 0.703125 0.7890625 0.10625 0.0703125