1 0.21796875 0.0046875 0.0453125 0.009375
11 0.7375 0.06015625 0.071875 0.0875
7 0.26171875 0.4828125 0.05078125 0.04609375
7 0.2625 0.54453125 0.0375 0.05390625
7 0.21953125 0.57421875 0.03984375 0.05546875
7 0.271875 0.60546875 0.05078125 0.0609375
7 0.31875 0.528125 0.0640625 0.109375
7 0.3171875 0.6375 0.04453125 0.07734375
7 0.42578125 0.75859375 0.0390625 0.09375
7 0.31484375 0.75859375 0.0328125 0.0546875
7 0.2390625 0.7421875 0.08984375 0.1078125
7 0.16953125 0.6453125 0.06484375 0.0546875
7 0.07578125 0.66484375 0.07109375 0.08515625
7 0.02421875 0.76171875 0.03203125 0.04296875
7 0.34921875 0.8046875 0.0515625 0.059375
7 0.009375 0.83984375 0.01875 0.0609375
1 0.81015625 0.384375 0.08671875 0.125
1 0.7484375 0.22578125 0.10234375 0.1453125
1 0.9140625 0.4234375 0.05078125 0.07265625
1 0.6828125 0.1640625 0.075 0.090625
1 0.63125 0.16640625 0.025 0.0953125
1 0.7234375 0.4015625 0.0640625 0.09609375
5 0.8953125 0.7765625 0.10078125 0.1890625
5 0.7984375 0.84375 0.1109375 0.19609375
5 0.84453125 0.68671875 0.12109375 0.22109375