12 0.12890625 0.0421875 0.0609375 0.084375
12 0.15625 0.1203125 0.02890625 0.0875
1 0.24296875 0.03984375 0.0546875 0.0796875
1 0.36484375 0.02421875 0.0578125 0.0484375
1 0.40078125 0.13203125 0.0359375 0.0640625
1 0.46796875 0.12109375 0.0640625 0.0671875
12 0.2390625 0.33203125 0.1375 0.3359375
12 0.46484375 0.22109375 0.0703125 0.1140625
1 0.103125 0.98125 0.10625 0.0375
1 0.30078125 0.7859375 0.078125 0.103125
1 0.2859375 0.94296875 0.071875 0.1140625
1 0.35859375 0.59609375 0.06171875 0.1625
9 0.7484375 0.74296875 0.06640625 0.09375
10 0.93359375 0.8765625 0.0390625 0.08203125