0 0.16328125 0.1640625 0.0859375 0.11484375
0 0.1796875 0.07890625 0.1203125 0.0953125
0 0.1453125 0.271875 0.05 0.10625
0 0.4171875 0.08671875 0.04375 0.1171875
0 0.2953125 0.1078125 0.09375 0.1171875
0 0.38046875 0.25703125 0.1171875 0.1328125
5 0.42265625 0.478125 0.0234375 0.021875
5 0.64453125 0.10234375 0.1140625 0.2046875
5 0.7578125 0.19375 0.1265625 0.2265625
5 0.71171875 0.05703125 0.1359375 0.1140625
10 0.03515625 0.96875 0.0359375 0.0625
4 0.0609375 0.74453125 0.084375 0.12265625
4 0.12578125 0.88125 0.0453125 0.0828125
1 0.4765625 0.97265625 0.034375 0.0546875
1 0.584375 0.859375 0.025 0.03359375
1 0.72109375 0.69140625 0.02421875 0.028125
1 0.7484375 0.915625 0.01953125 0.03125
1 0.453125 0.84609375 0.0265625 0.0453125