5 0.4640625 0.3625 0.1390625 0.13984375
5 0.50234375 0.2609375 0.1390625 0.11328125
5 0.33671875 0.259375 0.12265625 0.078125
5 0.19140625 0.3984375 0.14140625 0.11640625
5 0.3296875 0.3625 0.125 0.11015625
9 0.79765625 0.02734375 0.14765625 0.0546875
9 0.6984375 0.37265625 0.0765625 0.25859375
0 0.1046875 0.95 0.05859375 0.1
0 0.171875 0.71171875 0.08125 0.11171875
0 0.43203125 0.815625 0.03515625 0.0703125
9 0.25625 0.88359375 0.0890625 0.11015625
9 0.3578125 0.87890625 0.08125 0.1046875
9 0.1953125 0.92578125 0.0734375 0.10703125
11 0.7953125 0.91484375 0.0625 0.15
9 0.8015625 0.75546875 0.05390625 0.0734375
10 0.67890625 0.92109375 0.0375 0.078125
9 0.88125 0.75234375 0.05625 0.06640625