5 0.09765625 0.03359375 0.0828125 0.0671875
7 0.65078125 0.196875 0.0359375 0.184375
7 0.57734375 0.09453125 0.05625 0.12890625
7 0.50234375 0.24609375 0.1828125 0.21875
4 0.965625 0.29140625 0.06875 0.2515625
10 0.0703125 0.984375 0.140625 0.03125
8 0.99296875 0.44921875 0.0140625 0.0546875
5 0.8015625 0.45078125 0.059375 0.0640625
5 0.70390625 0.43828125 0.0609375 0.0390625
5 0.83359375 0.93359375 0.0953125 0.1328125
5 0.91171875 0.8484375 0.10625 0.1578125
5 0.896875 0.95078125 0.115625 0.0984375