4 0.24375 0.2546875 0.1515625 0.2375
4 0.29765625 0.44609375 0.12265625 0.1984375
8 0.9359375 0.02109375 0.0625 0.0421875
8 0.8984375 0.19765625 0.1015625 0.1265625
8 0.87421875 0.09453125 0.06875 0.0546875
12 0.96484375 0.0953125 0.0703125 0.078125
0 0.084375 0.9015625 0.06953125 0.10390625
0 0.31328125 0.90234375 0.05859375 0.09453125
8 0.4828125 0.86640625 0.0484375 0.12109375
5 0.4390625 0.615625 0.08125 0.07734375
5 0.34375 0.57578125 0.059375 0.0328125
5 0.36328125 0.74140625 0.065625 0.12109375
5 0.45 0.7203125 0.0453125 0.096875
4 0.54140625 0.81328125 0.0234375 0.1546875
3 0.92734375 0.83671875 0.1453125 0.1984375
4 0.70078125 0.96953125 0.1140625 0.0609375