5 0.17578125 0.08671875 0.0828125 0.1734375
7 0.64765625 0.2 0.0421875 0.128125
7 0.57890625 0.3515625 0.1796875 0.21875
7 0.5421875 0.05078125 0.178125 0.1015625
1 0.3828125 0.98828125 0.078125 0.0234375
1 0.465625 0.96953125 0.065625 0.0609375
11 0.51484375 0.865625 0.06640625 0.084375
11 0.58515625 0.946875 0.06875 0.1015625
10 0.46875 0.7515625 0.06015625 0.0859375
0 0.33125 0.92109375 0.07109375 0.08203125
0 0.475 0.9109375 0.14609375 0.12578125
1 0.43515625 0.7796875 0.03984375 0.0484375
7 0.90234375 0.5390625 0.1953125 0.140625
9 0.853125 0.79375 0.025 0.05546875
9 0.7609375 0.83046875 0.0375 0.03359375
9 0.72890625 0.8875 0.0296875 0.040625
9 0.765625 0.91484375 0.040625 0.059375
9 0.71953125 0.959375 0.03671875 0.05234375
9 0.8125 0.8484375 0.03515625 0.0390625
9 0.7921875 0.8890625 0.01796875 0.03984375
9 0.8453125 0.909375 0.04921875 0.0375
0 0.91875 0.98203125 0.034375 0.0359375