5 0.1671875 0.315625 0.13046875 0.15
5 0.1640625 0.203125 0.13046875 0.125
5 0.30625 0.26484375 0.11484375 0.0859375
5 0.38828125 0.44921875 0.134375 0.1265625
5 0.2828125 0.365625 0.11640625 0.11875
1 0.7703125 0.33984375 0.05390625 0.0859375
1 0.7484375 0.2046875 0.0515625 0.1
1 0.79375 0.07421875 0.12890625 0.1484375
1 0.90859375 0.09375 0.09140625 0.1328125
1 0.9578125 0.253125 0.0734375 0.1328125
1 0.84453125 0.56640625 0.1 0.0859375
9 0.859375 0.35859375 0.06953125 0.1234375
1 0.25390625 0.68828125 0.0515625 0.046875
1 0.20234375 0.63671875 0.046875 0.0484375
10 0.62734375 0.66015625 0.05546875 0.1015625
9 0.61875 0.978125 0.0390625 0.04296875
9 0.821875 0.6234375 0.10234375 0.02734375
0 0.828125 0.79609375 0.1109375 0.1625