5 0.0296875 0.06953125 0.059375 0.1015625
5 0.0265625 0.021875 0.053125 0.04375
5 0.06875 0.01484375 0.059375 0.0296875
8 0.21640625 0.02265625 0.0390625 0.0453125
5 0.2734375 0.0671875 0.03125 0.06875
5 0.340625 0.05625 0.025 0.04765625
10 0.84765625 0.12578125 0.06875 0.05234375
11 0.5828125 0.128125 0.078125 0.053125
9 0.67421875 0.08984375 0.09609375 0.1125
10 0.521875 0.70078125 0.034375 0.1171875
4 0.17421875 0.76875 0.20703125 0.1296875
1 0.97578125 0.47265625 0.0484375 0.0453125
1 0.86953125 0.546875 0.06015625 0.07109375
1 0.8078125 0.4703125 0.053125 0.040625
1 0.7140625 0.4984375 0.05546875 0.06171875
1 0.66640625 0.46796875 0.0703125 0.0359375
0 0.90625 0.4890625 0.05625 0.078125
11 0.834375 0.94140625 0.08125 0.1171875
11 0.9578125 0.975 0.084375 0.05
11 0.89140625 0.69921875 0.0859375 0.125