1 0.00390625 0.0890625 0.0078125 0.028125
1 0.0046875 0.053125 0.009375 0.046875
1 0.0125 0.0203125 0.025 0.040625
1 0.1140625 0.371875 0.03515625 0.04765625
1 0.015625 0.384375 0.03125 0.078125
1 0.19453125 0.04140625 0.0421875 0.07421875
1 0.12421875 0.02578125 0.0453125 0.0515625
1 0.1796875 0.36796875 0.03515625 0.06171875
1 0.15078125 0.41640625 0.02109375 0.0296875
1 0.16796875 0.1890625 0.05390625 0.0578125
9 0.0578125 0.30625 0.0484375 0.05390625
9 0.065625 0.234375 0.0546875 0.05625
0 0.29921875 0.290625 0.0390625 0.084375
9 0.0203125 0.11953125 0.040625 0.0703125
9 0.11640625 0.08125 0.03984375 0.05390625
9 0.2796875 0.39921875 0.04375 0.0640625
9 0.2609375 0.33828125 0.04765625 0.07421875
11 0.31015625 0.68828125 0.0171875 0.1234375
10 0.17578125 0.72734375 0.0546875 0.0453125
10 0.72890625 0.21796875 0.04921875 0.08203125
10 0.6265625 0.63203125 0.0375 0.0546875
10 0.76640625 0.41015625 0.0296875 0.0875
1 0.703125 0.33125 0.03359375 0.08203125
3 0.734375 0.540625 0.05234375 0.0859375
0 0.80625 0.725 0.040625 0.05
0 0.59140625 0.72578125 0.0609375 0.0484375
5 0.45078125 0.77421875 0.1609375 0.0484375
5 0.5625 0.9578125 0.140625 0.084375
5 0.84765625 0.80078125 0.1234375 0.1015625
5 0.96015625 0.784375 0.0796875 0.06875
5 0.796875 0.85546875 0.178125 0.16953125
5 0.634375 0.796875 0.08125 0.09375
5 0.7125 0.765625 0.06875 0.03125