5 0.12421875 0.02421875 0.1203125 0.0484375
5 0.08203125 0.13515625 0.07421875 0.1140625
5 0.03046875 0.0609375 0.0609375 0.121875
1 0.33046875 0.16640625 0.07421875 0.0515625
11 0.2515625 0.05234375 0.125 0.1046875
9 0.215625 0.1453125 0.05234375 0.09296875
10 0.1078125 0.36171875 0.01875 0.0359375
4 0.04296875 0.32265625 0.0578125 0.1140625
8 0.43671875 0.24921875 0.1234375 0.1140625
8 0.27109375 0.309375 0.05078125 0.0671875
8 0.3390625 0.34609375 0.059375 0.0671875
1 0.8265625 0.25546875 0.0828125 0.05
5 0.0953125 0.796875 0.190625 0.159375
5 0.05625 0.59375 0.1125 0.1125
1 0.46875 0.56015625 0.0625 0.1109375
1 0.34765625 0.5765625 0.075 0.059375
1 0.434375 0.5578125 0.0796875 0.0796875
1 0.43984375 0.640625 0.07578125 0.05625
1 0.48359375 0.6515625 0.0328125 0.0875
0 0.3796875 0.9734375 0.1 0.053125
1 0.47109375 0.9828125 0.0578125 0.034375
10 0.6734375 0.51015625 0.17109375 0.11875