5 0.1 0.046875 0.134375 0.09375
5 0.0109375 0.01875 0.021875 0.0375
10 0.42421875 0.0125 0.0265625 0.025
0 0.29375 0.0671875 0.0765625 0.04609375
7 0.10234375 0.17890625 0.2046875 0.1203125
8 0.7875 0.05078125 0.1875 0.1015625
8 0.75390625 0.07890625 0.06875 0.078125
8 0.78515625 0.14375 0.04453125 0.0703125
8 0.74609375 0.1890625 0.0765625 0.1
8 0.84140625 0.18125 0.0671875 0.115625
8 0.93125 0.025 0.034375 0.05
8 0.9640625 0.03046875 0.03125 0.0609375
8 0.93125 0.128125 0.028125 0.05859375
8 0.8953125 0.08671875 0.03125 0.071875