5 0.325 0.16640625 0.0859375 0.08984375
5 0.2765625 0.23671875 0.0734375 0.08125
5 0.2375 0.1203125 0.0546875 0.0734375
1 0.2890625 0.4703125 0.08125 0.08515625
0 0.42265625 0.4796875 0.1625 0.10390625
0 0.81171875 0.271875 0.0859375 0.11484375
0 0.828125 0.18671875 0.1203125 0.0953125
0 0.79375 0.3796875 0.05 0.10625
0 0.94375 0.215625 0.09375 0.1171875
0 0.98515625 0.36484375 0.0296875 0.1328125
4 0.634375 0.578125 0.05 0.121875
1 0.23359375 0.82421875 0.13359375 0.059375
1 0.34453125 0.728125 0.06640625 0.08515625
1 0.028125 0.94375 0.0484375 0.05390625
1 0.06875 0.9765625 0.04375 0.046875
1 0.5625 0.97734375 0.065625 0.0453125
1 0.58984375 0.6671875 0.0390625 0.05625
10 0.2625 0.6625 0.0625 0.046875
10 0.12890625 0.65 0.0640625 0.021875
9 0.41796875 0.66640625 0.0671875 0.0546875