0 0.1390625 0.24375 0.06953125 0.10390625
0 0.36796875 0.24453125 0.05859375 0.09453125
0 0.4625 0.38125 0.0609375 0.08359375
8 0.5375 0.20859375 0.0484375 0.12109375
5 0.41796875 0.08359375 0.065625 0.12109375
5 0.5046875 0.0625 0.0453125 0.096875
5 0.0421875 0.03984375 0.040625 0.0796875
5 0.38125 0.484375 0.059375 0.1
5 0.27109375 0.425 0.05859375 0.125
5 0.44609375 0.54765625 0.06484375 0.071875
1 0.678125 0.1171875 0.046875 0.065625
1 0.85390625 0.56484375 0.0546875 0.0484375
1 0.86953125 0.35625 0.03515625 0.0484375
10 0.415625 0.6359375 0.090625 0.09375
10 0.47421875 0.8296875 0.134375 0.153125
10 0.23828125 0.7453125 0.06875 0.12578125
10 0.23515625 0.93125 0.0578125 0.1375
9 0.45546875 0.95859375 0.0765625 0.0828125
10 0.7125 0.93203125 0.03828125 0.06875
10 0.83515625 0.99375 0.0484375 0.0125