8 0.3421875 0.18515625 0.03203125 0.03984375
5 0.253125 0.1953125 0.03046875 0.05859375
5 0.23984375 0.07890625 0.0203125 0.0859375
5 0.4 0.06328125 0.02421875 0.07890625
5 0.30625 0.18828125 0.02109375 0.04375
7 0.6453125 0.13046875 0.175 0.19296875
7 0.875 0.08515625 0.140625 0.1703125
12 0.309375 0.34921875 0.159375 0.1015625
12 0.2984375 0.3046875 0.1375 0.040625
5 0.86171875 0.325 0.0953125 0.08125
4 0.11796875 0.940625 0.0671875 0.11875
9 0.1671875 0.7953125 0.034375 0.07421875
7 0.72109375 0.77109375 0.5578125 0.4578125