6 0.046875 0.1921875 0.05078125 0.115625
10 0.43515625 0.13046875 0.04609375 0.08515625
10 0.40078125 0.0140625 0.0390625 0.028125
10 0.37109375 0.23984375 0.0515625 0.071875
1 0.21875 0.1015625 0.0421875 0.0953125
1 0.290625 0.26484375 0.059375 0.0703125
4 0.34765625 0.021875 0.0546875 0.04375
10 0.275 0.02734375 0.046875 0.0546875
10 0.28125 0.10390625 0.053125 0.06328125
10 0.33046875 0.17421875 0.05859375 0.08359375
1 0.828125 0.2796875 0.34375 0.559375
1 0.5921875 0.34453125 0.146875 0.4296875
0 0.36953125 0.6640625 0.1546875 0.209375
0 0.46640625 0.65625 0.0984375 0.1203125
0 0.49140625 0.871875 0.0546875 0.103125
1 0.9390625 0.93046875 0.05703125 0.05859375
1 0.9734375 0.96484375 0.040625 0.0703125
1 0.87109375 0.928125 0.04375 0.06484375
1 0.7859375 0.91015625 0.04609375 0.05859375
1 0.70625 0.9796875 0.028125 0.040625
1 0.8203125 0.98515625 0.028125 0.0296875
0 0.7609375 0.9859375 0.046875 0.028125