10 0.1484375 0.34453125 0.0546875 0.09140625
10 0.059375 0.36640625 0.03828125 0.0625
10 0.19609375 0.171875 0.03671875 0.0578125
10 0.06015625 0.08515625 0.03984375 0.06875
10 0.30234375 0.140625 0.0453125 0.09765625
6 0.21484375 0.07890625 0.053125 0.078125
6 0.27890625 0.3171875 0.04765625 0.1
5 0.009375 0.51640625 0.01875 0.0796875
5 0.2390625 0.525 0.096875 0.06875
10 0.425 0.484375 0.03671875 0.015625
9 0.63125 0.12734375 0.11015625 0.1703125
1 0.30703125 0.62265625 0.078125 0.0765625
1 0.3125 0.740625 0.06796875 0.0796875
1 0.10859375 0.7265625 0.10390625 0.14921875
1 0.1109375 0.87578125 0.09609375 0.096875
1 0.1859375 0.97734375 0.128125 0.0453125
1 0.4609375 0.82421875 0.05625 0.1765625
1 0.41953125 0.9171875 0.1390625 0.11875
1 0.33828125 0.99375 0.0921875 0.0125
1 0.30234375 0.86640625 0.06796875 0.06953125
1 0.19765625 0.8296875 0.05625 0.07421875
7 0.559375 0.7671875 0.140625 0.159375
7 0.7125 0.86796875 0.159375 0.13359375