11 0.03515625 0.14765625 0.0703125 0.2046875
4 0.134375 0.0265625 0.05625 0.053125
4 0.15625 0.08984375 0.034375 0.10390625
1 0.309375 0.3875 0.01796875 0.053125
1 0.3234375 0.37734375 0.01484375 0.04375
1 0.19453125 0.28359375 0.02109375 0.04609375
9 0.27109375 0.2 0.02734375 0.06484375
9 0.30546875 0.4484375 0.01484375 0.034375
9 0.4859375 0.321875 0.0125 0.05625
1 0.93203125 0.0796875 0.078125 0.01953125
1 0.93359375 0.16171875 0.078125 0.0765625
1 0.9390625 0.2796875 0.06796875 0.0796875
1 0.73515625 0.265625 0.10390625 0.14921875
1 0.7375 0.41484375 0.09609375 0.096875
1 0.92890625 0.40546875 0.06796875 0.06953125
1 0.82421875 0.36875 0.05625 0.07421875
0 0.2390625 0.92421875 0.1109375 0.11328125
0 0.46015625 0.69296875 0.0390625 0.0984375
0 0.38203125 0.69609375 0.05078125 0.09375
0 0.1671875 0.67734375 0.11640625 0.21171875
0 0.0515625 0.91875 0.05625 0.11171875
0 0.2609375 0.6984375 0.08203125 0.09765625
0 0.3625 0.5109375 0.115625 0.0625
0 0.53671875 0.65078125 0.05859375 0.09453125
0 0.63125 0.7875 0.0609375 0.08359375
8 0.70625 0.61484375 0.0484375 0.12109375
5 0.85 0.52265625 0.078125 0.05703125
5 0.5859375 0.51484375 0.065625 0.0703125
5 0.67265625 0.4984375 0.0453125 0.0375
5 0.55 0.890625 0.059375 0.1
5 0.61484375 0.95390625 0.06484375 0.071875