10 0.1375 0.2953125 0.046875 0.08359375
10 0.21171875 0.15390625 0.03203125 0.05390625
10 0.2109375 0.19765625 0.03125 0.05078125
11 0.07109375 0.50625 0.0546875 0.046875
11 0.04296875 0.2921875 0.0515625 0.115625
0 0.090625 0.4609375 0.04765625 0.08671875
0 0.1 0.28984375 0.04375 0.0796875
0 0.2546875 0.0796875 0.05859375 0.06328125
0 0.17890625 0.40546875 0.04609375 0.0671875
0 0.18125 0.06328125 0.03671875 0.03046875
0 0.01796875 0.1671875 0.02734375 0.05625
0 0.015625 0.384375 0.03125 0.071875
11 0.51328125 0.6359375 0.0328125 0.128125
4 0.40625 0.5703125 0.1125 0.08125
1 0.2984375 0.80703125 0.0828125 0.03046875