6 0.3578125 0.06015625 0.06640625 0.02734375
6 0.04453125 0.0625 0.0765625 0.0375
6 0.43828125 0.06875 0.06640625 0.0328125
6 0.40625 0.025 0.04140625 0.0171875
9 0.146875 0.09765625 0.0875 0.0328125
9 0.1328125 0.00703125 0.071875 0.0140625
9 0.04609375 0.103125 0.0703125 0.02734375
9 0.5109375 0.08203125 0.04453125 0.103125
10 0.02109375 0.35234375 0.0421875 0.0703125
10 0.1984375 0.4953125 0.046875 0.09765625
11 0.140625 0.3875 0.06796875 0.1078125
0 0.165625 0.178125 0.053125 0.0625
1 0.053125 0.18125 0.05625 0.06875
4 0.61171875 0.47578125 0.1171875 0.1484375
7 0.95 0.35234375 0.0921875 0.1796875
0 0.74140625 0.0734375 0.0453125 0.146875
1 0.9734375 0.72578125 0.053125 0.0953125
1 0.7453125 0.65390625 0.053125 0.0921875