4 0.40625 0.21796875 0.1125 0.1015625
9 0.49140625 0.01953125 0.0734375 0.0390625
9 0.90703125 0.13828125 0.090625 0.16640625
10 0.0546875 0.39609375 0.0484375 0.09140625
9 0.22265625 0.44375 0.05390625 0.1015625
10 0.1328125 0.4171875 0.05390625 0.1046875
4 0.3265625 0.43984375 0.046875 0.1171875
4 0.18515625 0.3234375 0.0890625 0.109375
9 0.0453125 0.2859375 0.0375 0.034375
1 0.33828125 0.92265625 0.0234375 0.0890625
1 0.26796875 0.9765625 0.0578125 0.046875
1 0.0984375 0.78984375 0.04296875 0.0546875
1 0.096875 0.7234375 0.046875 0.07265625
1 0.18125 0.9625 0.05 0.075
1 0.1796875 0.88828125 0.05 0.0703125
1 0.03984375 0.98125 0.0484375 0.0375
1 0.0625 0.87890625 0.05078125 0.06875
1 0.03671875 0.77734375 0.05 0.0640625
1 0.1125 0.9109375 0.05 0.0671875
1 0.2171875 0.9796875 0.05 0.040625
1 0.1265625 0.9796875 0.071875 0.040625
6 0.6296875 0.87578125 0.053125 0.1453125
6 0.47734375 0.7734375 0.09140625 0.21953125
1 0.8671875 0.63515625 0.265625 0.7296875