9 0.946875 0.05625 0.0484375 0.05
9 0.74765625 0.021875 0.0453125 0.04375
9 0.8609375 0.06484375 0.03984375 0.0640625
9 0.74453125 0.0796875 0.05859375 0.0359375
1 0.54453125 0.21484375 0.034375 0.06796875
1 0.48984375 0.23515625 0.03125 0.04765625
1 0.3703125 0.18359375 0.034375 0.06796875
1 0.5578125 0.4109375 0.046875 0.015625
9 0.53984375 0.31953125 0.06015625 0.06796875
9 0.5109375 0.11015625 0.04296875 0.0265625
9 0.5421875 0.1671875 0.04140625 0.0515625
1 0.4296875 0.11875 0.04296875 0.04296875
1 0.58515625 0.23515625 0.03125 0.04765625
9 0.990625 0.1609375 0.01875 0.0375
9 0.97578125 0.3015625 0.0484375 0.04375
9 0.93984375 0.26875 0.03125 0.0375
9 0.96875 0.19921875 0.0328125 0.040625
9 0.88671875 0.33046875 0.05 0.0234375
9 0.97109375 0.353125 0.0578125 0.040625
1 0.73671875 0.375 0.04140625 0.03359375
1 0.90703125 0.35859375 0.0453125 0.028125
0 0.87421875 0.18984375 0.053125 0.03046875
0 0.85078125 0.38671875 0.1046875 0.0640625
0 0.8625 0.28984375 0.11953125 0.0625
1 0.79375 0.24765625 0.06953125 0.04765625
1 0.9828125 0.38515625 0.034375 0.0296875
1 0.98984375 0.190625 0.0203125 0.04375
1 0.19375 0.80703125 0.03359375 0.1015625
1 0.14375 0.9171875 0.07578125 0.1015625
0 0.01796875 0.7171875 0.0359375 0.103125
0 0.05078125 0.70234375 0.0984375 0.09765625
0 0.1421875 0.7390625 0.1375 0.17109375
9 0.29375 0.8625 0.05 0.084375