10 0.69375 0.06015625 0.0921875 0.02421875
1 0.63046875 0.06015625 0.0609375 0.02421875
10 0.86171875 0.12578125 0.0734375 0.0640625
10 0.74921875 0.2390625 0.078125 0.08359375
1 0.9625 0.09765625 0.04140625 0.05078125
9 0.39765625 0.64375 0.13125 0.1328125
9 0.065625 0.5390625 0.12421875 0.16328125
1 0.51484375 0.71484375 0.0296875 0.0640625
1 0.4 0.89921875 0.084375 0.08515625
1 0.31171875 0.94921875 0.05390625 0.0765625
1 0.24296875 0.7609375 0.0328125 0.0765625
1 0.296875 0.75 0.05625 0.0515625
1 0.509375 0.78828125 0.040625 0.0796875