1 0.47734375 0.1046875 0.03828125 0.11953125
1 0.87734375 0.09375 0.0546875 0.10234375
1 0.5984375 0.35390625 0.059375 0.07265625
1 0.4515625 0.3796875 0.0546875 0.08671875
1 0.3890625 0.6109375 0.0453125 0.065625
1 0.8 0.946875 0.065625 0.10625
1 0.7609375 0.3703125 0.0375 0.07578125
1 0.6546875 0.26875 0.04375 0.01875
1 0.815625 0.3296875 0.034375 0.078125
1 0.6765625 0.60703125 0.04140625 0.0734375
1 0.38203125 0.52734375 0.0390625 0.05703125
1 0.69453125 0.759375 0.02890625 0.04609375
1 0.83046875 0.40703125 0.02421875 0.05703125
1 0.8484375 0.321875 0.03125 0.04609375