5 0.46875 0.1609375 0.11875 0.203125
5 0.45078125 0.33828125 0.0828125 0.1609375
5 0.646875 0.2984375 0.17421875 0.10078125
5 0.83515625 0.0578125 0.1984375 0.115625
5 0.63671875 0.128125 0.1703125 0.15625
1 0.05390625 0.825 0.07109375 0.08515625
11 0.0484375 0.88984375 0.096875 0.0828125
9 0.06953125 0.70625 0.05546875 0.0515625
0 0.3 0.703125 0.084375 0.046875
1 0.30234375 0.84765625 0.03515625 0.05390625
1 0.1453125 0.79453125 0.08203125 0.08359375
5 0.775 0.83984375 0.3375 0.3203125
5 0.54140625 0.81640625 0.2484375 0.2734375