3 0.98046875 0.25859375 0.0390625 0.0609375
1 0.61953125 0.2046875 0.0390625 0.075
10 0.85546875 0.24296875 0.0609375 0.0921875
10 0.95625 0.1625 0.0875 0.1125
3 0.440625 0.6796875 0.0671875 0.16015625
0 0.2765625 0.71640625 0.1109375 0.11328125
0 0.515625 0.4859375 0.075 0.09765625
0 0.41953125 0.48828125 0.05078125 0.09375
0 0.2046875 0.46953125 0.11640625 0.21171875
0 0.0890625 0.7109375 0.05625 0.11171875
0 0.2984375 0.490625 0.08203125 0.09765625
0 0.4 0.31171875 0.115625 0.0453125
0 0.55625 0.34921875 0.075 0.1203125
0 0.69921875 0.515625 0.0859375 0.11484375
0 0.715625 0.43046875 0.1203125 0.0953125
0 0.68125 0.6234375 0.05 0.10625
0 0.965625 0.43828125 0.06875 0.1171875
0 0.83125 0.459375 0.09375 0.1171875
0 0.9265625 0.609375 0.1359375 0.13359375
8 0.9921875 0.784375 0.015625 0.046875
5 0.95859375 0.84765625 0.0234375 0.05625
5 0.9015625 0.86171875 0.0203125 0.0390625