0 0.34140625 0.46328125 0.0828125 0.0515625
11 0.959375 0.38671875 0.08125 0.1921875
11 0.8671875 0.25703125 0.171875 0.18359375
11 0.74609375 0.36484375 0.1828125 0.19375
1 0.87578125 0.4640625 0.0796875 0.05
2 0.03359375 0.75234375 0.05 0.2265625
0 0.13828125 0.80546875 0.08671875 0.0921875
1 0.89453125 0.50859375 0.046875 0.025
5 0.71015625 0.5046875 0.0640625 0.03125
11 0.4890625 0.5515625 0.06328125 0.0609375
11 0.340625 0.60859375 0.0515625 0.06328125
1 0.4203125 0.53203125 0.0375 0.02265625
1 0.54921875 0.58359375 0.034375 0.06875
1 0.5234375 0.64296875 0.0484375 0.04765625
1 0.57734375 0.68203125 0.04609375 0.06484375
1 0.5203125 0.73515625 0.04296875 0.03828125
9 0.5375 0.89375 0.04609375 0.05
9 0.39375 0.67109375 0.03984375 0.06328125
10 0.5078125 0.9546875 0.0515625 0.0765625
9 0.796875 0.88515625 0.06328125 0.1125
0 0.825 0.728125 0.046875 0.07109375
1 0.875 0.6375 0.046875 0.05703125