1 0.5515625 0.04609375 0.0484375 0.07578125
10 0.9953125 0.05390625 0.009375 0.0421875
9 0.62265625 0.13828125 0.0578125 0.059375
11 0.459375 0.32109375 0.040625 0.0796875
1 0.9609375 0.47734375 0.053125 0.0234375
1 0.89609375 0.353125 0.03671875 0.1078125
1 0.425 0.71953125 0.028125 0.0390625
1 0.40078125 0.621875 0.0421875 0.04609375
1 0.3703125 0.528125 0.0453125 0.03515625
1 0.41640625 0.8109375 0.0453125 0.040625
1 0.3578125 0.609375 0.04453125 0.04921875
1 0.3265625 0.73515625 0.04609375 0.04453125