0 0.20625 0.35078125 0.046875 0.0234375
0 0.4203125 0.37578125 0.05 0.0734375
0 0.21875 0.41953125 0.04921875 0.05078125
11 0.46328125 0.946875 0.0515625 0.10625
1 0.4 0.86953125 0.128125 0.13203125
1 0.4515625 0.75546875 0.075 0.1265625
1 0.384375 0.66015625 0.1453125 0.04765625
1 0.125 0.71484375 0.06796875 0.12890625
1 0.296875 0.77109375 0.1359375 0.12890625
1 0.32265625 0.9921875 0.0953125 0.015625
1 0.29609375 0.94375 0.06171875 0.08125
1 0.11015625 0.83359375 0.03828125 0.10546875
10 0.203125 0.9265625 0.07578125 0.07109375
1 0.20546875 0.65625 0.08671875 0.0390625
1 0.49296875 0.54765625 0.0078125 0.0578125
5 0.871875 0.6390625 0.1625 0.31953125
5 0.71328125 0.80390625 0.1921875 0.2578125
5 0.72421875 0.50625 0.1453125 0.2421875
5 0.9125 0.87421875 0.175 0.1171875
5 0.971875 0.82890625 0.05625 0.1171875
5 0.965625 0.4546875 0.06875 0.096875
5 0.771875 0.6625 0.0984375 0.13515625