7 0.1546875 0.315625 0.05546875 0.090625
7 0.1984375 0.26328125 0.05234375 0.09296875
7 0.0640625 0.25625 0.03671875 0.10234375
7 0.47890625 0.1421875 0.05078125 0.04609375
7 0.4796875 0.20390625 0.0375 0.05390625
7 0.43671875 0.23359375 0.03984375 0.05546875
7 0.4890625 0.26484375 0.05078125 0.0609375
7 0.52109375 0.1875 0.0359375 0.109375
7 0.525 0.29609375 0.028125 0.0765625
7 0.52734375 0.41484375 0.0234375 0.0484375
7 0.45546875 0.39296875 0.0890625 0.0921875
7 0.38671875 0.3046875 0.06484375 0.0546875
7 0.29296875 0.32421875 0.07109375 0.08515625
7 0.240625 0.41875 0.03125 0.040625
7 0.15078125 0.42265625 0.0546875 0.0328125
7 0.01640625 0.35 0.0328125 0.05625
7 0.84609375 0.15390625 0.18671875 0.184375
10 0.825 0.4796875 0.115625 0.08125
9 0.98125 0.49765625 0.0375 0.0734375
0 0.87734375 0.6546875 0.0734375 0.06015625
8 0.7265625 0.740625 0.040625 0.06953125
8 0.69765625 0.8390625 0.01796875 0.04140625
8 0.659375 0.8984375 0.0265625 0.05078125
5 0.96640625 0.825 0.0671875 0.14375
5 0.9875 0.91640625 0.025 0.0734375
5 0.915625 0.9125 0.07421875 0.1015625
12 0.984375 0.71328125 0.03125 0.0578125