7 0.19375 0.3875 0.290625 0.14375
11 0.57890625 0.053125 0.1390625 0.10625
10 0.4625 0.265625 0.07421875 0.071875
7 0.3578125 0.03203125 0.0375 0.0640625
7 0.44375 0.0828125 0.06328125 0.075
8 0.865625 0.11796875 0.05 0.08828125
8 0.81875 0.29921875 0.0515625 0.053125
8 0.846875 0.28671875 0.03515625 0.05859375
8 0.89765625 0.03515625 0.03515625 0.05703125
12 0.79765625 0.08359375 0.05859375 0.10625
12 0.75546875 0.13046875 0.065625 0.12890625
12 0.8609375 0.03671875 0.05625 0.0734375
9 0.3734375 0.3953125 0.06875 0.121875
4 0.40703125 0.41484375 0.0546875 0.06640625
0 0.478125 0.35234375 0.05859375 0.05390625
1 0.7328125 0.34765625 0.03046875 0.03125
1 0.78046875 0.4515625 0.0328125 0.015625
11 0.2328125 0.5296875 0.090625 0.0875
1 0.1171875 0.65078125 0.0484375 0.1140625
1 0.20859375 0.82109375 0.03984375 0.06484375
1 0.32421875 0.50234375 0.0296875 0.0484375
1 0.303125 0.76328125 0.071875 0.0859375
11 0.2890625 0.82890625 0.1 0.0828125
9 0.31484375 0.64453125 0.0484375 0.0515625
10 0.47421875 0.6375 0.034375 0.059375
10 0.446875 0.56484375 0.02421875 0.059375
10 0.47734375 0.46640625 0.0578125 0.0140625
9 0.5140625 0.846875 0.08046875 0.1453125