7 0.1125 0.06953125 0.225 0.1390625
4 0.1609375 0.134375 0.109375 0.1203125
1 0.25234375 0.07265625 0.03046875 0.03359375
1 0.31484375 0.09765625 0.0296875 0.0328125
1 0.240625 0.13515625 0.03125 0.0375
4 0.2390625 0.025 0.03125 0.05
9 0.071875 0.46015625 0.14375 0.1734375
4 0.14375 0.50234375 0.07109375 0.1
1 0.1171875 0.25546875 0.08359375 0.0171875
0 0.1921875 0.303125 0.065625 0.1125
0 0.06484375 0.3171875 0.08046875 0.08828125
10 0.425 0.1921875 0.0203125 0.07109375
10 0.3375 0.41640625 0.015625 0.0578125
10 0.34765625 0.47265625 0.01953125 0.06875
10 0.346875 0.31875 0.01875 0.06328125
9 0.371875 0.4 0.0203125 0.0765625
1 0.34375 0.17421875 0.015625 0.0421875
11 0.4 0.22265625 0.021875 0.12421875
0 0.4109375 0.434375 0.025 0.06796875
0 0.375 0.321875 0.0390625 0.08984375
12 0.7296875 0.22734375 0.065625 0.134375
12 0.9484375 0.13203125 0.0453125 0.0734375
8 0.965625 0.20390625 0.01953125 0.04296875
9 0.10390625 0.7046875 0.08046875 0.096875
1 0.06640625 0.925 0.07109375 0.08046875
1 0.20078125 0.9609375 0.03515625 0.06796875
1 0.1859375 0.803125 0.06484375 0.0484375
1 0.30625 0.86328125 0.046875 0.0859375
10 0.80546875 0.79609375 0.08203125 0.134375
10 0.44765625 0.821875 0.05390625 0.12578125
10 0.98515625 0.6828125 0.0296875 0.078125
10 0.40625 0.6640625 0.053125 0.109375
11 0.34921875 0.74609375 0.0390625 0.2515625
11 0.60703125 0.703125 0.0796875 0.1875
0 0.72890625 0.7484375 0.07578125 0.12890625
0 0.51171875 0.84375 0.05390625 0.12265625