7 0.146875 0.14609375 0.06953125 0.0484375
1 0.2390625 0.20703125 0.115625 0.07421875
1 0.44765625 0.546875 0.0640625 0.065625
10 0.23203125 0.37265625 0.0734375 0.07109375
10 0.36953125 0.37890625 0.078125 0.0921875
0 0.3046875 0.55546875 0.13125 0.0484375
9 0.59609375 0.0859375 0.08046875 0.096875
1 0.56171875 0.30546875 0.0640625 0.0796875
1 0.69296875 0.3421875 0.03515625 0.06796875
1 0.678125 0.184375 0.06484375 0.0484375
1 0.80078125 0.2453125 0.0515625 0.08671875
1 0.93828125 0.31796875 0.07421875 0.0578125
7 0.37890625 0.74453125 0.17890625 0.171875
7 0.15234375 0.79140625 0.1453125 0.07890625
9 0.2015625 0.99375 0.05625 0.0125
1 0.1375 0.97421875 0.04921875 0.04140625
12 0.7328125 0.7953125 0.17421875 0.15625
1 0.971875 0.825 0.053125 0.05859375
1 0.91875 0.88359375 0.04453125 0.06328125