7 0.03125 0.26171875 0.0625 0.1546875
6 0.321875 0.1890625 0.0703125 0.1921875
1 0.70703125 0.11171875 0.13359375 0.059375
1 0.8171875 0.02890625 0.065625 0.0578125
1 0.5015625 0.23125 0.0484375 0.05390625
1 0.54296875 0.27890625 0.04296875 0.07421875
7 0.0453125 0.8515625 0.090625 0.103125
7 0.0796875 0.665625 0.159375 0.29375
1 0.24375 0.58125 0.04140625 0.04765625
0 0.3125 0.4109375 0.10078125 0.09765625
0 0.2234375 0.534375 0.0328125 0.08828125
7 0.84140625 0.37578125 0.0828125 0.0734375
7 0.96953125 0.36328125 0.0578125 0.0484375