8 0.1171875 0.27734375 0.06953125 0.0609375
5 0.02265625 0.31875 0.0453125 0.0625
1 0.15859375 0.903125 0.0546875 0.06015625
1 0.14140625 0.9765625 0.0640625 0.046875
10 0.7859375 0.84765625 0.14140625 0.10234375
10 0.91875 0.734375 0.0859375 0.10390625
3 0.37109375 0.87734375 0.11875 0.175
3 0.453125 0.6125 0.08359375 0.10234375
3 0.55546875 0.9359375 0.08515625 0.07890625
3 0.5984375 0.57421875 0.0609375 0.08359375
3 0.9578125 0.8484375 0.084375 0.115625
0 0.83984375 0.553125 0.1578125 0.06875