7 0.0921875 0.09140625 0.184375 0.1828125
7 0.1078125 0.165625 0.16015625 0.1265625
7 0.07890625 0.234375 0.1578125 0.090625
7 0.24921875 0.22265625 0.2046875 0.1140625
7 0.32578125 0.03359375 0.1140625 0.0671875
7 0.25859375 0.13203125 0.128125 0.09375
9 0.44453125 0.14140625 0.05 0.07734375
1 0.4359375 0.053125 0.03359375 0.0796875
1 0.471875 0.0953125 0.0703125 0.09140625
9 0.63125 0.18359375 0.1578125 0.18359375
1 0.91015625 0.178125 0.07890625 0.10859375
1 0.98515625 0.25078125 0.0296875 0.0453125
1 0.96484375 0.02890625 0.0546875 0.0578125
1 0.3578125 0.9828125 0.065625 0.034375
11 0.40703125 0.8921875 0.06640625 0.084375
11 0.4765625 0.9609375 0.06875 0.078125
10 0.3609375 0.778125 0.06015625 0.0859375
0 0.2234375 0.94765625 0.07109375 0.08203125
0 0.36640625 0.93671875 0.1453125 0.1265625
1 0.32734375 0.80625 0.03984375 0.0484375
7 0.76953125 0.340625 0.0828125 0.121875
7 0.96796875 0.29921875 0.0640625 0.0390625
7 0.89765625 0.3328125 0.0578125 0.08984375