7 0.42421875 0.034375 0.3890625 0.06875
5 0.7890625 0.19453125 0.340625 0.3703125
11 0.11796875 0.62265625 0.08828125 0.1140625
11 0.02578125 0.590625 0.0515625 0.078125
11 0.04765625 0.4984375 0.059375 0.06875
10 0.375 0.878125 0.0515625 0.03125
0 0.2109375 0.85859375 0.075 0.0703125
0 0.35390625 0.496875 0.053125 0.09296875
11 0.51640625 0.5578125 0.1921875 0.35625
9 0.278125 0.946875 0.0546875 0.08828125
9 0.1546875 0.98046875 0.059375 0.0390625
1 0.028125 0.915625 0.0421875 0.04375
1 0.1125 0.90546875 0.0421875 0.02421875
10 0.690625 0.56640625 0.14375 0.1421875
11 0.990625 0.70859375 0.01875 0.0796875
11 0.89921875 0.70390625 0.04765625 0.0703125
11 0.9546875 0.7359375 0.04609375 0.10546875
0 0.7359375 0.90625 0.05 0.10546875