11 0.5125 0.34765625 0.065625 0.1421875
11 0.553125 0.4171875 0.0609375 0.10390625
8 0.8765625 0.2296875 0.040625 0.06953125
8 0.84765625 0.328125 0.01796875 0.04140625
8 0.809375 0.3875 0.0265625 0.05078125
11 0.05 0.50078125 0.040625 0.0421875
10 0.47578125 0.64296875 0.0078125 0.0359375
10 0.1984375 0.5734375 0.0484375 0.05
11 0.4625 0.81171875 0.034375 0.1609375
10 0.275 0.69140625 0.06640625 0.04375
7 0.3109375 0.94765625 0.046875 0.08203125
7 0.359375 0.84375 0.053125 0.0703125
8 0.7296875 0.896875 0.2859375 0.11328125