4 0.09453125 0.13125 0.090625 0.11015625
4 0.22421875 0.25390625 0.1515625 0.0921875
1 0.0171875 0.21171875 0.034375 0.0859375
9 0.3875 0.2171875 0.025 0.08125
10 0.12734375 0.6421875 0.065625 0.04765625
11 0.3765625 0.65703125 0.046875 0.0484375
9 0.19921875 0.9703125 0.0734375 0.059375
9 0.35625 0.928125 0.0875 0.10625
9 0.2984375 0.68984375 0.0890625 0.10625
5 0.48671875 0.38515625 0.1140625 0.1703125
5 0.6 0.459375 0.1265625 0.2265625
5 0.55390625 0.33984375 0.1359375 0.0796875
9 0.46796875 0.90859375 0.075 0.05703125
9 0.540625 0.89296875 0.04140625 0.040625
11 0.55 0.959375 0.07421875 0.078125
9 0.8671875 0.9203125 0.03203125 0.04140625
10 0.98515625 0.85546875 0.0296875 0.0359375