7 0.23984375 0.32109375 0.4796875 0.3765625
7 0.30625 0.0625 0.2375 0.125
7 0.50234375 0.2796875 0.06796875 0.18203125
7 0.6203125 0.115625 0.1375 0.23125
5 0.959375 0.0515625 0.08125 0.09375
5 0.89765625 0.04453125 0.0578125 0.05546875
8 0.80390625 0.41875 0.1390625 0.18125
8 0.71328125 0.346875 0.0484375 0.184375
5 0.25390625 0.86328125 0.13515625 0.2265625
1 0.971875 0.55546875 0.05625 0.0921875
1 0.75 0.9296875 0.121875 0.140625
1 0.92578125 0.71328125 0.1203125 0.1640625
1 0.81328125 0.81328125 0.12578125 0.15