4 0.03828125 0.32109375 0.0765625 0.0578125
5 0.58125 0.02890625 0.13125 0.0578125
8 0.33828125 0.2484375 0.04296875 0.06640625
5 0.6328125 0.14765625 0.153125 0.1140625
5 0.60078125 0.07734375 0.1625 0.09140625
5 0.3796875 0.1578125 0.05546875 0.0453125
5 0.4640625 0.08828125 0.11875 0.09296875
5 0.50703125 0.1890625 0.1125 0.10078125
5 0.68515625 0.1921875 0.0484375 0.08125
5 0.66015625 0.09921875 0.0984375 0.1203125
7 0.975 0.04609375 0.05 0.0921875
7 0.16171875 0.57109375 0.17890625 0.171875
10 0.45859375 0.6015625 0.03671875 0.03671875
10 0.553125 0.54453125 0.03515625 0.03984375
10 0.378125 0.44140625 0.02734375 0.03046875
1 0.60546875 0.48203125 0.03125 0.0390625
1 0.540625 0.43125 0.02890625 0.03125
1 0.51640625 0.3859375 0.0234375 0.03125
9 0.515625 0.46328125 0.02890625 0.03125
9 0.42421875 0.371875 0.0359375 0.04375
9 0.47890625 0.53203125 0.028125 0.040625
9 0.4078125 0.440625 0.02421875 0.03671875
11 0.109375 0.93671875 0.165625 0.1265625
9 0.10078125 0.94609375 0.071875 0.071875
9 0.02265625 0.98359375 0.0453125 0.0328125
9 0.00625 0.8421875 0.0125 0.05625
1 0.04375 0.946875 0.0375 0.04375
1 0.01015625 0.88359375 0.0203125 0.0453125
10 0.44140625 0.90234375 0.03203125 0.05703125
10 0.58046875 0.703125 0.03125 0.071875
1 0.428125 0.97890625 0.034375 0.0421875
1 0.55625 0.8234375 0.02265625 0.040625
1 0.53046875 0.7609375 0.02734375 0.06015625
1 0.49609375 0.878125 0.025 0.0640625
1 0.4859375 0.94921875 0.0359375 0.08125
1 0.66171875 0.990625 0.0265625 0.01875
1 0.59296875 0.78671875 0.02265625 0.0515625
1 0.56640625 0.7640625 0.01484375 0.0390625
1 0.6203125 0.921875 0.034375 0.04921875
9 0.5359375 0.90546875 0.03203125 0.0453125
9 0.5546875 0.953125 0.03515625 0.046875
9 0.46875 0.98984375 0.015625 0.0203125
0 0.68515625 0.753125 0.0484375 0.071875
9 0.509375 0.99375 0.021875 0.0125
9 0.64296875 0.7015625 0.028125 0.05703125
9 0.64453125 0.75859375 0.03125 0.06171875
12 0.734375 0.76953125 0.05 0.2703125
9 0.98125 0.68125 0.025 0.05546875
9 0.8890625 0.71796875 0.0375 0.03359375
9 0.85703125 0.775 0.0296875 0.040625
9 0.89375 0.80234375 0.040625 0.059375
9 0.84765625 0.846875 0.03671875 0.05234375
9 0.940625 0.7359375 0.03515625 0.0390625
9 0.9203125 0.7765625 0.01796875 0.03984375
9 0.9734375 0.796875 0.04921875 0.0375