8 0.12578125 0.17109375 0.06484375 0.1203125
8 0.225 0.28828125 0.05859375 0.0796875
8 0.2390625 0.1078125 0.04921875 0.0609375
8 0.27734375 0.16875 0.0421875 0.0734375
5 0.30390625 0.27421875 0.08984375 0.09921875
5 0.42578125 0.1375 0.071875 0.115625
10 0.778125 0.3015625 0.0515625 0.03125
0 0.6140625 0.28203125 0.075 0.0703125
11 0.91171875 0.0796875 0.1765625 0.159375
9 0.68125 0.3703125 0.0546875 0.08828125
9 0.56875 0.42109375 0.0375 0.0734375
1 0.02421875 0.7203125 0.0484375 0.09375
1 0.359375 0.734375 0.24609375 0.22421875
1 0.40546875 0.92265625 0.1046875 0.1546875
1 0.12421875 0.93359375 0.1203125 0.1328125