5 0.065625 0.26484375 0.13125 0.1859375
9 0.4515625 0.24140625 0.07421875 0.06171875
9 0.31953125 0.08828125 0.05078125 0.05
4 0.24921875 0.1515625 0.065625 0.053125
0 0.2140625 0.25 0.07109375 0.05078125
0 0.32734375 0.1984375 0.11171875 0.0703125
0 0.23359375 0.1046875 0.0765625 0.0546875
0 0.25234375 0.06875 0.059375 0.034375
0 0.3796875 0.1203125 0.040625 0.0421875
8 0.52109375 0.278125 0.03125 0.03203125
1 0.56796875 0.32265625 0.0421875 0.0484375
8 0.9765625 0.09453125 0.046875 0.1734375
10 0.4859375 0.878125 0.12578125 0.1703125
10 0.325 0.7828125 0.11875 0.20234375
7 0.653125 0.5953125 0.128125 0.253125
8 0.9171875 0.8109375 0.1328125 0.17421875
8 0.9640625 0.5140625 0.05234375 0.08828125
8 0.87421875 0.571875 0.115625 0.1265625
8 0.88203125 0.4984375 0.1359375 0.059375
10 0.9671875 0.9859375 0.03125 0.028125