1 0.33984375 0.03046875 0.0703125 0.0609375
1 0.62890625 0.13203125 0.1421875 0.1359375
1 0.36015625 0.15234375 0.125 0.109375
1 0.5328125 0.03203125 0.084375 0.0640625
11 0.5203125 0.496875 0.078125 0.084375
11 0.60703125 0.37109375 0.09375 0.075
0 0.80625 0.50625 0.14375 0.065625
0 0.8515625 0.33671875 0.18046875 0.13984375
0 0.5640625 0.5671875 0.09375 0.05625
11 0.015625 0.8546875 0.03125 0.078125
9 0.3125 0.815625 0.03203125 0.04140625
9 0.45078125 0.9546875 0.040625 0.0390625
10 0.43203125 0.75078125 0.03125 0.0359375
9 0.540625 0.8890625 0.04453125 0.04375
9 0.50546875 0.8140625 0.0390625 0.053125