12 0.12421875 0.29609375 0.2484375 0.2234375
12 0.2203125 0.21015625 0.08984375 0.1
4 0.5375 0.4296875 0.103125 0.178125
5 0.6453125 0.17109375 0.1125 0.2265625
5 0.7578125 0.2734375 0.1265625 0.2265625
5 0.71171875 0.096875 0.1359375 0.19375
11 0.18359375 0.64765625 0.0734375 0.02421875
11 0.0796875 0.80625 0.0625 0.0640625
11 0.33125 0.6578125 0.0734375 0.04609375
11 0.25 0.6671875 0.0765625 0.0640625
10 0.2140625 0.9375 0.06484375 0.0640625
6 0.01328125 0.8296875 0.0265625 0.05625
6 0.56953125 0.98671875 0.0390625 0.0265625
1 0.46015625 0.9328125 0.0625 0.07265625
8 0.22421875 0.984375 0.0515625 0.03125
0 0.53203125 0.83046875 0.0828125 0.08046875