8 0.18671875 0.32109375 0.15 0.1109375
8 0.21796875 0.15546875 0.04765625 0.1484375
10 0.55234375 0.21484375 0.14609375 0.1328125
10 0.70859375 0.375 0.1015625 0.05
1 0.97265625 0.1109375 0.04296875 0.07265625
4 0.03828125 0.7046875 0.0765625 0.08125
4 0.01640625 0.4921875 0.0328125 0.078125
4 0.02421875 0.61796875 0.0484375 0.0984375
4 0.08203125 0.58125 0.0546875 0.0796875
3 0.04375 0.7984375 0.0875 0.09375
10 0.0765625 0.41796875 0.04375 0.0359375
2 0.0171875 0.42109375 0.034375 0.0421875
3 0.98515625 0.71171875 0.0296875 0.1234375
0 0.81640625 0.68359375 0.06640625 0.065625
0 0.48125 0.42734375 0.084375 0.0546875