4 0.434375 0.0875 0.0375 0.175
1 0.121875 0.35703125 0.04765625 0.08046875
0 0.428125 0.24296875 0.0515625 0.1234375
1 0.4765625 0.31171875 0.046875 0.1578125
10 0.8484375 0.23359375 0.14140625 0.10234375
10 0.96875 0.11953125 0.0625 0.1046875
11 0.528125 0.02421875 0.05625 0.0484375
11 0.61796875 0.321875 0.08515625 0.07890625
1 0.26875 0.96015625 0.078125 0.0796875
1 0.3453125 0.97421875 0.059375 0.0515625
1 0.35234375 0.91953125 0.06484375 0.07265625
11 0.40078125 0.809375 0.06640625 0.084375
11 0.46796875 0.88984375 0.0640625 0.1015625
10 0.3546875 0.6953125 0.06015625 0.0859375
0 0.2171875 0.86484375 0.07109375 0.08203125
0 0.3609375 0.8546875 0.14609375 0.12578125
1 0.4640625 0.97109375 0.0390625 0.053125
1 0.32109375 0.7234375 0.03984375 0.0484375
7 0.734375 0.58671875 0.109375 0.103125
1 0.6875 0.8640625 0.09921875 0.09921875
8 0.79140625 0.97421875 0.0640625 0.0515625
1 0.62734375 0.946875 0.1140625 0.10625
1 0.565625 0.89765625 0.10078125 0.1046875
1 0.54140625 0.965625 0.0828125 0.06875
1 0.52734375 0.778125 0.0546875 0.11875
1 0.59921875 0.81484375 0.14140625 0.128125
1 0.57421875 0.72578125 0.1484375 0.0859375
1 0.5203125 0.87109375 0.040625 0.1203125
1 0.78359375 0.8921875 0.1234375 0.11875
1 0.7140625 0.96640625 0.1 0.0671875