8 0.1453125 0.3359375 0.11171875 0.153125
8 0.22890625 0.18515625 0.0640625 0.0875
8 0.2703125 0.29765625 0.06953125 0.0796875
8 0.37734375 0.30234375 0.02890625 0.05078125
8 0.321875 0.4890625 0.0671875 0.0984375
8 0.4703125 0.565625 0.059375 0.06875
8 0.47421875 0.34765625 0.0515625 0.0921875
8 0.49453125 0.428125 0.0109375 0.05625
8 0.43203125 0.48125 0.04296875 0.04921875
8 0.32734375 0.575 0.1046875 0.05
2 0.921875 0.19921875 0.15625 0.3046875
2 0.91015625 0.44609375 0.17421875 0.19375
10 0.7640625 0.159375 0.06953125 0.08671875
11 0.67890625 0.653125 0.0625 0.09140625
10 0.73515625 0.6828125 0.04453125 0.06328125
0 0.68984375 0.8484375 0.053125 0.09296875
11 0.85234375 0.8 0.1921875 0.4