8 0.1609375 0.05390625 0.1125 0.1078125
1 0.425 0.31328125 0.059375 0.0328125
1 0.55078125 0.21875 0.07265625 0.0484375
10 0.15234375 0.46328125 0.0375 0.0625
10 0.175 0.54296875 0.0359375 0.059375
11 0.04765625 0.5171875 0.05546875 0.0984375
0 0.0328125 0.35234375 0.05625 0.0453125
0 0.0453125 0.6421875 0.03046875 0.04609375
0 0.11171875 0.45078125 0.0375 0.0609375
9 0.51796875 0.65546875 0.0484375 0.0203125
11 0.31640625 0.3609375 0.0546875 0.0625
11 0.52578125 0.5921875 0.06328125 0.125
11 0.39296875 0.64609375 0.0421875 0.0390625
11 0.31328125 0.53828125 0.0640625 0.09453125
10 0.4625 0.43046875 0.0640625 0.08125
10 0.24765625 0.33984375 0.0453125 0.0203125
10 0.64609375 0.3625 0.0703125 0.065625
11 0.265625 0.4703125 0.08203125 0.11328125
8 0.625 0.70546875 0.0921875 0.0796875
8 0.5921875 0.84453125 0.121875 0.1234375