10 0.49453125 0.47578125 0.06328125 0.09765625
10 0.76796875 0.16015625 0.05625 0.08125
10 0.73203125 0.084375 0.059375 0.09453125
10 0.73828125 0.29609375 0.05859375 0.0890625
9 0.659375 0.1859375 0.06328125 0.1078125
1 0.88671875 0.4546875 0.053125 0.08125
1 0.85234375 0.33125 0.078125 0.0796875
1 0.75 0.4953125 0.05078125 0.0578125
11 0.57421875 0.4328125 0.06953125 0.171875
0 0.53515625 0.14140625 0.07734375 0.0921875
0 0.65 0.29453125 0.121875 0.12578125
0 0.67578125 0.7859375 0.10546875 0.0828125
9 0.6109375 0.871875 0.04609375 0.04140625
9 0.7453125 0.78046875 0.05703125 0.053125
9 0.5734375 0.82890625 0.06953125 0.0625