0 0.575 0.215625 0.0828125 0.15078125
0 0.49765625 0.040625 0.1015625 0.08125
1 0.4671875 0.2625 0.0828125 0.0796875
10 0.44921875 0.34453125 0.05234375 0.0515625
11 0.2546875 0.35546875 0.09296875 0.059375
11 0.10234375 0.453125 0.1078125 0.071875
10 0.646875 0.38203125 0.05625 0.0484375
9 0.68671875 0.30390625 0.05703125 0.0625
10 0.7921875 0.50859375 0.059375 0.0390625
1 0.94140625 0.6421875 0.053125 0.08125
1 0.90625 0.5234375 0.078125 0.06875
1 0.8046875 0.6828125 0.05078125 0.0578125
11 0.640625 0.6203125 0.04375 0.171875
0 0.7046875 0.51640625 0.121875 0.0546875
0 0.7296875 0.965625 0.10625 0.06875
9 0.8 0.96796875 0.05703125 0.053125