7 0.31953125 0.0140625 0.1390625 0.028125
1 0.1140625 0.2625 0.228125 0.4125
10 0.97265625 0.42109375 0.0546875 0.0953125
9 0.76171875 0.140625 0.07109375 0.10234375
0 0.90390625 0.06484375 0.1171875 0.10078125
0 0.89140625 0.15546875 0.09609375 0.05703125
0 0.63671875 0.09375 0.05390625 0.0890625
5 0.04453125 0.65078125 0.0890625 0.1421875
8 0.86328125 0.47421875 0.0234375 0.0109375
1 0.83125 0.4859375 0.04375 0.034375
1 0.91640625 0.49375 0.0546875 0.05
1 0.78515625 0.4890625 0.0484375 0.040625
10 0.809375 0.6203125 0.03671875 0.06171875
10 0.8328125 0.6953125 0.02734375 0.0609375
10 0.7953125 0.8109375 0.0609375 0.059375
9 0.96171875 0.85 0.06953125 0.09921875