9 0.2375 0.16640625 0.0515625 0.046875
1 0.28125 0.07421875 0.0625 0.040625
1 0.23046875 0.26015625 0.0453125 0.040625
1 0.16015625 0.26171875 0.025 0.03203125
1 0.35 0.2875 0.0265625 0.03515625
1 0.1859375 0.19921875 0.0390625 0.02734375
1 0.1171875 0.2125 0.0359375 0.040625
1 0.040625 0.22890625 0.0421875 0.03203125
1 0.2234375 0.065625 0.05234375 0.040625
1 0.35703125 0.57265625 0.0765625 0.0734375
1 0.2796875 0.56640625 0.0578125 0.07578125
11 0.0703125 0.48046875 0.0734375 0.09921875
11 0.18828125 0.49453125 0.04765625 0.0625
11 0.309375 0.42578125 0.05625 0.07890625
11 0.14296875 0.4 0.0765625 0.05390625
0 0.23125 0.5234375 0.0703125 0.09140625
1 0.16171875 0.5875 0.0359375 0.04375
1 0.16875 0.53125 0.0515625 0.05546875
0 0.85546875 0.3625 0.04375 0.0625
0 0.68515625 0.37890625 0.03984375 0.0578125
0 0.81875 0.390625 0.03828125 0.0578125
0 0.7875 0.22421875 0.04296875 0.0765625
11 0.759375 0.3 0.05703125 0.0828125
9 0.81796875 0.1171875 0.07421875 0.10390625
1 0.92265625 0.59765625 0.0515625 0.0234375
11 0.296875 0.971875 0.0375 0.05625
11 0.33125 0.73125 0.03125 0.06640625
11 0.20390625 0.98203125 0.0390625 0.0359375
11 0.25078125 0.9578125 0.0390625 0.084375
10 0.22890625 0.625 0.0328125 0.03125
6 0.3734375 0.67890625 0.02265625 0.06328125
6 0.00703125 0.63671875 0.0140625 0.0546875
1 0.0828125 0.68515625 0.03046875 0.0796875
0 0.05703125 0.83046875 0.04375 0.08828125
9 0.48515625 0.75859375 0.0328125 0.06875
1 0.4421875 0.80625 0.02890625 0.05234375
9 0.91796875 0.98984375 0.0515625 0.0203125
1 0.93828125 0.64765625 0.04765625 0.0546875
1 0.93515625 0.92109375 0.04765625 0.06484375
1 0.96953125 0.97265625 0.0578125 0.0546875