1 0.9875 0.440625 0.025 0.05625
1 0.82890625 0.4109375 0.02578125 0.07421875
1 0.896875 0.4484375 0.0375 0.040625
0 0.05625 0.47734375 0.096875 0.0171875
0 0.1578125 0.5140625 0.10390625 0.01875
9 0.23203125 0.80078125 0.18828125 0.10390625
9 0.31015625 0.61640625 0.05546875 0.075
9 0.08828125 0.62734375 0.10546875 0.090625
9 0.0421875 0.5421875 0.084375 0.0375
1 0.3140625 0.70234375 0.0296875 0.04765625
1 0.33984375 0.75546875 0.02265625 0.05078125
9 0.184375 0.67109375 0.096875 0.0796875
9 0.3234375 0.946875 0.121875 0.10625
9 0.4125 0.91328125 0.04296875 0.0578125
9 0.51171875 0.8375 0.0796875 0.06640625
1 0.48671875 0.8984375 0.03125 0.04921875
1 0.41484375 0.80625 0.02421875 0.04296875
1 0.45 0.78359375 0.0484375 0.06640625
9 0.99296875 0.60703125 0.0140625 0.0984375
10 0.82890625 0.94921875 0.08046875 0.06953125
0 0.97109375 0.8078125 0.0578125 0.071875
0 0.9078125 0.76875 0.0328125 0.11484375
0 0.828125 0.7609375 0.0484375 0.10234375