11 0.3875 0.53671875 0.0375 0.078125
11 0.421875 0.284375 0.03125 0.06640625
11 0.2953125 0.5453125 0.03984375 0.05546875
11 0.3421875 0.5125 0.03828125 0.0859375
10 0.3203125 0.1625 0.0328125 0.06484375
6 0.4640625 0.23203125 0.02265625 0.06328125
6 0.0921875 0.18828125 0.0265625 0.06015625
1 0.1734375 0.23828125 0.03046875 0.0796875
9 0.1359375 0.05703125 0.0421875 0.075
8 0.3046875 0.096875 0.0265625 0.05234375
0 0.14765625 0.38359375 0.04375 0.08828125
9 0.7671875 0.4734375 0.05703125 0.09140625
9 0.57578125 0.31171875 0.0328125 0.06875
10 0.66484375 0.12734375 0.04140625 0.05859375
1 0.709375 0.34765625 0.0328125 0.06171875
1 0.5328125 0.359375 0.02890625 0.05234375
11 0.34765625 0.65703125 0.29921875 0.1546875
1 0.36328125 0.8890625 0.0546875 0.05078125
1 0.375 0.8125 0.0625 0.09140625
1 0.6390625 0.77578125 0.0375 0.06171875