3 0.0890625 0.18984375 0.05625 0.0390625
3 0.05546875 0.01875 0.0953125 0.0375
1 0.49453125 0.0203125 0.0546875 0.040625
1 0.40625 0.13359375 0.05625 0.1515625
11 0.93203125 0.08046875 0.1359375 0.1609375
1 0.92734375 0.19765625 0.0421875 0.0234375
1 0.93203125 0.16796875 0.053125 0.04609375
1 0.67734375 0.18515625 0.07578125 0.04609375
9 0.2421875 0.2578125 0.059375 0.096875
9 0.33125 0.4984375 0.05625 0.109375
9 0.03203125 0.98125 0.0640625 0.0375
1 0.971875 0.64140625 0.0484375 0.03046875
1 0.50859375 0.82890625 0.03359375 0.028125