7 0.14296875 0.2171875 0.071875 0.1234375
7 0.1234375 0.0765625 0.06875 0.1125
7 0.234375 0.1703125 0.0921875 0.09765625
4 0.57421875 0.09140625 0.1703125 0.1828125
11 0.4515625 0.07890625 0.08515625 0.1578125
10 0.25625 0.528125 0.0203125 0.07109375
10 0.16796875 0.753125 0.01796875 0.05859375
10 0.17890625 0.80859375 0.01953125 0.06875
10 0.178125 0.6546875 0.01875 0.06328125
9 0.203125 0.7359375 0.0203125 0.0765625
1 0.13125 0.5375 0.0171875 0.0578125
1 0.1421875 0.6265625 0.025 0.05546875
1 0.175 0.51015625 0.015625 0.0421875
11 0.23125 0.55859375 0.021875 0.12421875
0 0.2421875 0.7703125 0.025 0.06796875
0 0.20625 0.6578125 0.0390625 0.08984375
1 0.88984375 0.72578125 0.0171875 0.034375
12 0.5609375 0.56328125 0.065625 0.134375
12 0.7796875 0.46796875 0.0453125 0.0734375
8 0.796875 0.53984375 0.01953125 0.04296875