3 0.53984375 0.375 0.05703125 0.1140625
3 0.50625 0.12734375 0.0953125 0.1140625
3 0.5484375 0.5171875 0.05625 0.125
10 0.3671875 0.36328125 0.0546875 0.08984375
10 0.86875 0.05859375 0.05 0.0625
10 0.87109375 0.5609375 0.0609375 0.0375
4 0.9734375 0.5671875 0.053125 0.025
4 0.9546875 0.44453125 0.08984375 0.1296875
0 0.68046875 0.03046875 0.0640625 0.0609375
0 0.74765625 0.49765625 0.04453125 0.0953125
1 0.4640625 0.66015625 0.1015625 0.09609375
0 0.3046875 0.671875 0.08125 0.171875
0 0.43515625 0.8140625 0.1046875 0.15859375
0 0.51796875 0.9265625 0.1234375 0.146875
0 0.5640625 0.771875 0.03125 0.175
0 0.29140625 0.88984375 0.1421875 0.1453125