10 0.38828125 0.26640625 0.0234375 0.1734375
10 0.234375 0.26171875 0.1078125 0.1625
10 0.1 0.21484375 0.103125 0.128125
1 0.1515625 0.01875 0.20625 0.0375
9 0.73203125 0.06171875 0.03203125 0.078125
9 0.80859375 0.5296875 0.04140625 0.0703125
9 0.57890625 0.46953125 0.03828125 0.0703125
3 0.8328125 0.1484375 0.046875 0.10546875
3 0.66640625 0.421875 0.0765625 0.0703125
7 0.253125 0.89296875 0.109375 0.103125
7 0.19296875 0.7265625 0.3671875 0.253125
1 0.465625 0.740625 0.0265625 0.03515625
10 0.8859375 0.75390625 0.04765625 0.0625
11 0.4265625 0.878125 0.053125 0.078125