11 0.00546875 0.31328125 0.0109375 0.1234375
9 0.16640625 0.32421875 0.071875 0.06796875
9 0.0984375 0.34140625 0.1 0.12109375
9 0.04765625 0.4078125 0.07265625 0.07890625
9 0.17421875 0.51015625 0.07421875 0.10078125
9 0.32890625 0.4015625 0.08203125 0.10703125
9 0.25859375 0.37421875 0.06484375 0.07578125
9 0.3421875 0.24296875 0.06015625 0.07265625
10 0.58671875 0.27421875 0.06328125 0.09765625
10 0.83046875 0.09453125 0.05859375 0.0890625
9 0.75078125 0.01875 0.0640625 0.0375
1 0.97578125 0.253125 0.0484375 0.08125
1 0.94453125 0.1296875 0.078125 0.0796875
1 0.8421875 0.29375 0.05078125 0.0578125
11 0.66640625 0.23125 0.06953125 0.171875
0 0.7421875 0.09296875 0.121875 0.12578125
0 0.7671875 0.5609375 0.10625 0.0375
9 0.83671875 0.565625 0.0578125 0.028125
8 0.29375 0.66015625 0.2140625 0.11796875
8 0.0890625 0.6140625 0.13125 0.06875
8 0.10703125 0.7890625 0.1125 0.203125
5 0.628125 0.6671875 0.20234375 0.15546875
5 0.503125 0.91015625 0.13671875 0.1453125
5 0.621875 0.84921875 0.11484375 0.12578125
5 0.50078125 0.96875 0.1421875 0.0625
1 0.509375 0.81484375 0.14375 0.15546875
1 0.4890625 0.73828125 0.11875 0.1546875
1 0.98515625 0.95703125 0.0296875 0.0359375
1 0.97890625 0.88828125 0.0421875 0.0484375