1 0.6109375 0.11875 0.05234375 0.04296875
10 0.6109375 0.19140625 0.04609375 0.0328125
11 0.73359375 0.21484375 0.0546875 0.0671875
1 0.5734375 0.165625 0.03359375 0.0296875
1 0.6546875 0.175 0.06015625 0.0359375
1 0.60625 0.16015625 0.03828125 0.0296875
1 0.47109375 0.11484375 0.0234375 0.0296875
9 0.89921875 0.06640625 0.0484375 0.0671875
9 0.93359375 0.02109375 0.0265625 0.0421875
9 0.97734375 0.1078125 0.03984375 0.0359375
9 0.90625 0.14375 0.05078125 0.06171875
1 0.96015625 0.15234375 0.0375 0.04296875
9 0.96640625 0.34296875 0.03828125 0.05703125
0 0.97421875 0.26953125 0.0515625 0.0671875
0 0.98125 0.20078125 0.0375 0.1078125
0 0.9734375 0.046875 0.053125 0.09375
1 0.89609375 0.19375 0.03203125 0.046875
1 0.02421875 0.9796875 0.0484375 0.040625
4 0.13359375 0.9078125 0.09296875 0.12578125
9 0.046875 0.653125 0.08203125 0.11875
0 0.0328125 0.75625 0.065625 0.08125
1 0.0125 0.8421875 0.025 0.0875
1 0.08125 0.99140625 0.06875 0.0171875
9 0.31015625 0.61875 0.03515625 0.0484375
9 0.4390625 0.7640625 0.040625 0.053125
1 0.421875 0.66640625 0.0234375 0.02734375
9 0.33671875 0.64453125 0.04296875 0.05546875
9 0.3796875 0.7296875 0.03359375 0.0421875
10 0.93125 0.5953125 0.084375 0.071875
0 0.82734375 0.5671875 0.1078125 0.015625
0 0.8 0.91171875 0.10390625 0.140625
0 0.81484375 0.71484375 0.065625 0.125