1 0.6453125 0.33671875 0.08125 0.1046875
1 0.45859375 0.03515625 0.0609375 0.0703125
1 0.82265625 0.36640625 0.0671875 0.0453125
1 0.94375 0.36953125 0.05625 0.0390625
1 0.55078125 0.36640625 0.0671875 0.0453125
10 0.48671875 0.74296875 0.07265625 0.15625
1 0.9859375 0.584375 0.02734375 0.03984375
1 0.9671875 0.69140625 0.03828125 0.02890625
10 0.48125 0.9109375 0.0515625 0.084375
10 0.575 0.9171875 0.0296875 0.0625
10 0.6140625 0.98515625 0.034375 0.0296875
10 0.40078125 0.975 0.0359375 0.05
4 0.51640625 0.975 0.0640625 0.05
10 0.61015625 0.95390625 0.034375 0.05078125
11 0.78515625 0.99375 0.0609375 0.0125
9 0.909375 0.9890625 0.078125 0.021875
9 0.99296875 0.9828125 0.0140625 0.034375