0 0.21796875 0.5671875 0.05078125 0.06875
0 0.30078125 0.23828125 0.0453125 0.1015625
3 0.29140625 0.37578125 0.06875 0.1015625
9 0.2984375 0.0546875 0.09375 0.109375
0 0.8703125 0.4640625 0.0828125 0.15078125
0 0.60859375 0.1828125 0.09296875 0.10390625
0 0.79296875 0.28203125 0.1015625 0.09765625
1 0.7625 0.5109375 0.0828125 0.0796875
10 0.74453125 0.59296875 0.05234375 0.0515625
3 0.55 0.60390625 0.09296875 0.059375
1 0.9625 0.675 0.075 0.03125
1 0.6765625 0.990625 0.134375 0.01875
1 0.78828125 0.915625 0.06640625 0.08515625
10 0.70703125 0.84375 0.06328125 0.059375
10 0.5734375 0.80859375 0.06328125 0.08125
9 0.8625 0.846875 0.06640625 0.0703125