1 0.3984375 0.46796875 0.134375 0.0421875
1 0.51015625 0.38125 0.06640625 0.08515625
1 0.25390625 0.090625 0.05390625 0.06328125
10 0.0390625 0.31484375 0.04609375 0.05546875
10 0.42890625 0.309375 0.06328125 0.059375
10 0.2953125 0.27421875 0.06328125 0.08125
0 0.4 0.09453125 0.1203125 0.06640625
10 0.40078125 0.965625 0.1421875 0.06875
10 0.5203125 0.86953125 0.059375 0.1046875
3 0.06875 0.7484375 0.08359375 0.10234375
3 0.178125 0.5125 0.09375 0.046875
3 0.2140625 0.71015625 0.0609375 0.08359375
0 0.45625 0.653125 0.15859375 0.1421875
3 0.9765625 0.6890625 0.046875 0.125
10 0.93125 0.56328125 0.0421875 0.12578125
10 0.8171875 0.7 0.03984375 0.10390625