1 0.37421875 0.36796875 0.0515625 0.059375
1 0.4125 0.3578125 0.03203125 0.04609375
1 0.2828125 0.12578125 0.07109375 0.053125
1 0.32265625 0.1953125 0.04296875 0.05703125
1 0.1640625 0.3171875 0.03359375 0.0421875
1 0.2 0.0296875 0.03046875 0.03671875
1 0.22421875 0.01640625 0.0296875 0.0328125
1 0.4578125 0.08984375 0.0375 0.03359375
1 0.43125 0.2875 0.0453125 0.08359375
10 0.44296875 0.359375 0.03203125 0.05625
10 0.090625 0.1625 0.02890625 0.03671875
10 0.275 0.2234375 0.0375 0.0421875
10 0.25546875 0.41015625 0.03984375 0.0421875
10 0.20703125 0.2234375 0.03984375 0.05390625
0 0.23359375 0.33671875 0.065625 0.05546875
9 0.3484375 0.24453125 0.04140625 0.0484375
8 0.2578125 0.596875 0.04765625 0.10703125
8 0.18359375 0.65390625 0.06640625 0.10546875
8 0.0203125 0.51875 0.040625 0.078125
8 0.1375 0.5046875 0.0375 0.05
8 0.0265625 0.6640625 0.053125 0.08125
11 0.109375 0.98125 0.06875 0.0375
10 0.215625 0.7765625 0.03671875 0.05625
1 0.2359375 0.98046875 0.05 0.0390625
1 0.40234375 0.75546875 0.0765625 0.0765625
0 0.47421875 0.73046875 0.0296875 0.0484375
0 0.421875 0.88359375 0.08984375 0.08359375
0 0.43046875 0.98203125 0.0796875 0.0359375
1 0.703125 0.96953125 0.090625 0.0609375