1 0.37734375 0.47109375 0.13359375 0.059375
1 0.48828125 0.375 0.06640625 0.08515625
1 0.23203125 0.084375 0.05390625 0.06328125
10 0.01953125 0.3078125 0.0390625 0.05625
10 0.40703125 0.303125 0.06328125 0.059375
10 0.2734375 0.26796875 0.06328125 0.08125
0 0.378125 0.08828125 0.1203125 0.06640625
9 0.5625 0.30625 0.06640625 0.0703125
9 0.659375 0.40390625 0.1078125 0.13671875
9 0.9125 0.05703125 0.090625 0.1140625
9 0.82890625 0.2703125 0.0546875 0.1125
9 0.83359375 0.11875 0.04609375 0.096875
10 0.5859375 0.5515625 0.028125 0.065625
11 0.36328125 0.9703125 0.0671875 0.059375
0 0.4390625 0.828125 0.075 0.09765625
0 0.34296875 0.83046875 0.05078125 0.09375
0 0.128125 0.81171875 0.11640625 0.21171875
0 0.57734375 0.790625 0.0453125 0.096875
0 0.221875 0.8328125 0.08203125 0.09765625
0 0.32421875 0.64140625 0.11484375 0.07109375
0 0.48046875 0.68125 0.075 0.1421875
1 0.37421875 0.540625 0.0765625 0.04375
9 0.76875 0.81484375 0.1578125 0.18359375
0 0.68359375 0.9734375 0.0546875 0.053125
0 0.68359375 0.925 0.0765625 0.03671875
8 0.965625 0.96015625 0.06875 0.0796875