9 0.11484375 0.046875 0.0515625 0.0546875
10 0.503125 0.0140625 0.03125 0.028125
0 0.25 0.328125 0.1078125 0.08125
10 0.3859375 0.28828125 0.0890625 0.0703125
1 0.26171875 0.46796875 0.0453125 0.0234375
1 0.48203125 0.46640625 0.0734375 0.0265625
1 0.5015625 0.16015625 0.034375 0.0578125
1 0.49609375 0.3703125 0.0453125 0.109375
1 0.07421875 0.4390625 0.0921875 0.08125
3 0.4734375 0.9734375 0.0875 0.053125
1 0.4140625 0.50546875 0.05625 0.0515625
9 0.2203125 0.85703125 0.0796875 0.09453125
9 0.484375 0.88515625 0.06875 0.0703125
9 0.5 0.78359375 0.0375 0.0953125
9 0.43828125 0.77265625 0.078125 0.109375
9 0.31640625 0.9625 0.0765625 0.075
9 0.24296875 0.68046875 0.0828125 0.12109375
9 0.5015625 0.52109375 0.034375 0.0828125
0 0.5609375 0.5875 0.059375 0.06796875
11 0.59453125 0.8578125 0.059375 0.0390625
11 0.68984375 0.92890625 0.06875 0.059375