9 0.10390625 0.27890625 0.03203125 0.078125
9 0.1796875 0.73515625 0.040625 0.0484375
3 0.2046875 0.365625 0.046875 0.10546875
3 0.03828125 0.6390625 0.0765625 0.0703125
10 0.85546875 0.090625 0.0546875 0.0875
10 0.95859375 0.01953125 0.0390625 0.0390625
11 0.87109375 0.0234375 0.0421875 0.046875
11 0.7765625 0.20078125 0.0671875 0.07890625
4 0.97421875 0.22578125 0.0515625 0.1296875
4 0.76796875 0.06796875 0.0421875 0.0890625
9 0.70234375 0.36640625 0.075 0.1375
1 0.55 0.59140625 0.021875 0.0640625
10 0.959375 0.68046875 0.08125 0.0484375
10 0.840625 0.7390625 0.08828125 0.03359375
11 0.7609375 0.65546875 0.0453125 0.05859375
1 0.94140625 0.72421875 0.0515625 0.0484375
1 0.821875 0.596875 0.06640625 0.0515625
1 0.72421875 0.60078125 0.04140625 0.05
10 0.3 0.9796875 0.053125 0.040625
10 0.0421875 0.97109375 0.084375 0.0578125
11 0.46484375 0.95390625 0.1109375 0.0921875