6 0.0328125 0.065625 0.0234375 0.0546875
9 0.015625 0.1796875 0.03125 0.06875
4 0.33046875 0.25703125 0.08359375 0.02734375
11 0.46953125 0.046875 0.0203125 0.09375
9 0.303125 0.36640625 0.0765625 0.128125
4 0.59609375 0.1140625 0.0375 0.20078125
0 0.5890625 0.28203125 0.0515625 0.1234375
1 0.9828125 0.21328125 0.034375 0.1640625
1 0.865625 0.01796875 0.090625 0.0359375
1 0.715625 0.2828125 0.0703125 0.13359375
1 0.7140625 0.15546875 0.0875 0.13359375
1 0.64453125 0.35078125 0.05859375 0.1578125
11 0.8765625 0.27421875 0.075 0.1859375
9 0.6921875 0.61875 0.05234375 0.0609375
1 0.97265625 0.93984375 0.04140625 0.06328125
1 0.70859375 0.52890625 0.04765625 0.06484375
1 0.63046875 0.85625 0.06640625 0.0796875
1 0.74375 0.59140625 0.0578125 0.075