0 0.084375 0.36796875 0.05390625 0.09765625
0 0.2515625 0.1921875 0.059375 0.06796875
0 0.13515625 0.25390625 0.06484375 0.06328125
1 0.24375 0.04765625 0.0328125 0.059375
1 0.15234375 0.4 0.053125 0.0515625
10 0.16328125 0.453125 0.03359375 0.03359375
11 0.28515625 0.4625 0.059375 0.0390625
11 0.38046875 0.53359375 0.06875 0.059375
9 0.47109375 0.85078125 0.03046875 0.02421875
9 0.4234375 0.73828125 0.0390625 0.02421875
9 0.16171875 0.8515625 0.028125 0.0234375
9 0.525 0.74765625 0.03046875 0.02421875
1 0.41328125 0.8671875 0.0296875 0.02734375
1 0.60078125 0.81796875 0.02890625 0.0203125
1 0.60703125 0.846875 0.02734375 0.02421875
1 0.25625 0.74140625 0.01875 0.0125
1 0.1671875 0.79921875 0.02734375 0.0234375
1 0.37265625 0.82890625 0.028125 0.025
1 0.41171875 0.7828125 0.0234375 0.02734375
1 0.23828125 0.87109375 0.02109375 0.015625
1 0.2265625 0.89296875 0.021875 0.021875
1 0.31640625 0.825 0.025 0.0234375
1 0.30234375 0.85 0.025 0.021875
1 0.2375 0.79296875 0.02578125 0.01640625
1 0.23125 0.83515625 0.02578125 0.01953125
1 0.2 0.86484375 0.02578125 0.01796875
1 0.26875 0.75546875 0.0265625 0.021875
1 0.31875 0.7453125 0.03984375 0.0234375
1 0.421875 0.8140625 0.02890625 0.01796875
1 0.26640625 0.83203125 0.02578125 0.01953125
1 0.34140625 0.821875 0.025 0.01796875
1 0.3171875 0.80078125 0.025 0.01484375
1 0.28984375 0.80390625 0.0390625 0.021875
1 0.30546875 0.7953125 0.0015625 0.0015625
1 0.30703125 0.76796875 0.0328125 0.02421875
1 0.20625 0.74296875 0.0296875 0.01953125
1 0.4921875 0.86640625 0.0328125 0.02890625
1 0.546875 0.8640625 0.05625 0.03203125
4 0.8953125 0.92109375 0.04140625 0.06171875
1 0.7828125 0.77578125 0.0140625 0.02578125
1 0.9140625 0.8734375 0.01796875 0.02890625
0 0.88671875 0.85546875 0.01640625 0.04140625