10 0.32578125 0.0171875 0.0515625 0.034375
0 0.03203125 0.28125 0.0640625 0.15625
9 0.0109375 0.2015625 0.021875 0.0625
4 0.2578125 0.16953125 0.05546875 0.0796875
4 0.31875 0.14140625 0.0640625 0.078125
7 0.14296875 0.1171875 0.11796875 0.0296875
7 0.134375 0.17734375 0.1 0.15078125
9 0.4484375 0.36796875 0.1 0.1140625
9 0.70390625 0.4984375 0.0765625 0.096875
11 0.8015625 0.9421875 0.0625 0.115625
9 0.8078125 0.80078125 0.05390625 0.0734375
10 0.684375 0.96328125 0.0375 0.0734375
9 0.8875 0.79765625 0.05625 0.06640625