3 0.21953125 0.4671875 0.1078125 0.1484375
1 0.20546875 0.125 0.05859375 0.103125
1 0.2828125 0.13515625 0.0390625 0.09296875
1 0.33671875 0.05078125 0.0515625 0.1015625
1 0.409375 0.09921875 0.04609375 0.0515625
1 0.31953125 0.35546875 0.0453125 0.075
10 0.55390625 0.40546875 0.0515625 0.1171875
10 0.04375 0.22265625 0.0875 0.1140625
10 0.965625 0.5046875 0.06875 0.103125
11 0.61328125 0.534375 0.0671875 0.175
11 0.6703125 0.2703125 0.08359375 0.10234375
11 0.7796875 0.02890625 0.09375 0.0578125
11 0.77265625 0.59375 0.08515625 0.07890625
11 0.815625 0.23203125 0.0609375 0.08359375
5 0.65078125 0.9453125 0.1390625 0.109375
5 0.68984375 0.859375 0.1390625 0.11328125
9 0.88515625 0.9203125 0.0765625 0.159375