10 0.97734375 0.1203125 0.0453125 0.103125
9 0.8515625 0.090625 0.07578125 0.08984375
1 0.8734375 0.16015625 0.11640625 0.065625
1 0.77109375 0.0375 0.05234375 0.07109375
1 0.83515625 0.01875 0.0328125 0.0375
1 0.759375 0.14765625 0.028125 0.08984375
1 0.97109375 0.02734375 0.0578125 0.0546875
9 0.578125 0.34140625 0.046875 0.0359375
11 0.75234375 0.3125 0.0171875 0.09375
10 0.984375 0.34609375 0.03125 0.0265625
10 0.1953125 0.45625 0.10546875 0.13046875
10 0.35703125 0.6015625 0.06328125 0.078125
10 0.02109375 0.36953125 0.0421875 0.0203125
10 0.090625 0.38671875 0.084375 0.0546875
10 0.01640625 0.415625 0.0328125 0.059375
10 0.26328125 0.3734375 0.1046875 0.028125
10 0.1125 0.64921875 0.09765625 0.115625
10 0.378125 0.44375 0.121875 0.16875
10 0.284375 0.69609375 0.10078125 0.1046875
10 0.2890625 0.8921875 0.1453125 0.2140625
10 0.4140625 0.76171875 0.1078125 0.16015625
10 0.43984375 0.92265625 0.0796875 0.1546875
10 0.06484375 0.80546875 0.05546875 0.090625
1 0.5265625 0.371875 0.06875 0.025
1 0.55078125 0.39375 0.04453125 0.02109375
1 0.5125 0.4140625 0.065625 0.021875
10 0.92734375 0.4984375 0.07265625 0.075
1 0.72421875 0.44921875 0.0515625 0.05234375
0 0.8296875 0.49765625 0.12578125 0.11796875
0 0.975 0.53515625 0.05 0.1390625
11 0.50703125 0.8375 0.0546875 0.103125
10 0.55546875 0.975 0.0421875 0.05
11 0.93515625 0.98203125 0.0640625 0.0359375