1 0.7578125 0.3296875 0.053125 0.059375
1 0.825 0.28046875 0.04140625 0.08046875
1 0.646875 0.3171875 0.0625 0.084375
9 0.7125 0.12265625 0.03203125 0.09765625
9 0.4921875 0.0203125 0.05625 0.040625
9 0.9140625 0.103125 0.05859375 0.05859375
7 0.44453125 0.6171875 0.0890625 0.171875
10 0.69765625 0.6484375 0.03671875 0.03671875
10 0.7921875 0.59140625 0.03515625 0.03984375
10 0.6171875 0.48828125 0.02734375 0.03046875
1 0.84453125 0.52890625 0.03125 0.0390625
1 0.7796875 0.478125 0.02890625 0.03125
1 0.75546875 0.4328125 0.0234375 0.03125
9 0.7546875 0.51015625 0.02890625 0.03125
9 0.6640625 0.4140625 0.03671875 0.053125
9 0.71796875 0.57890625 0.028125 0.040625
9 0.646875 0.4875 0.02421875 0.03671875
10 0.68046875 0.94921875 0.03203125 0.05703125
10 0.81953125 0.75 0.03125 0.071875
1 0.7953125 0.8703125 0.02265625 0.040625
1 0.76953125 0.8078125 0.02734375 0.06015625
1 0.73515625 0.925 0.025 0.0640625
1 0.72421875 0.97734375 0.0359375 0.0453125
1 0.83203125 0.83359375 0.02265625 0.0515625
1 0.80546875 0.8109375 0.01484375 0.0390625
1 0.859375 0.96875 0.034375 0.04921875
9 0.775 0.95234375 0.03203125 0.0453125
9 0.79296875 0.98828125 0.0359375 0.0234375
0 0.928125 0.80078125 0.05625 0.071875
9 0.88203125 0.7484375 0.028125 0.05703125
9 0.88359375 0.80546875 0.03125 0.06171875