3 0.47890625 0.44296875 0.2359375 0.1515625
9 0.08359375 0.39375 0.1046875 0.0921875
8 0.21328125 0.53359375 0.1390625 0.0296875
0 0.04140625 0.95546875 0.0734375 0.0890625
0 0.10859375 0.865625 0.040625 0.0921875
0 0.2703125 0.95234375 0.05859375 0.05703125
0 0.15 0.68203125 0.059375 0.075
0 0.35703125 0.7375 0.025 0.0484375
9 0.2234375 0.796875 0.06640625 0.07265625
9 0.3015625 0.7875 0.06015625 0.06953125
9 0.17734375 0.83125 0.0546875 0.071875
9 0.24140625 0.9 0.02734375 0.046875
9 0.87421875 0.6953125 0.07109375 0.10234375
4 0.95625 0.54453125 0.0875 0.0515625
0 0.97890625 0.61875 0.0421875 0.1
0 0.97734375 0.709375 0.0453125 0.05625
0 0.74921875 0.6484375 0.05390625 0.0890625