1 0.59453125 0.1453125 0.08828125 0.11171875
10 0.8765625 0.5078125 0.046875 0.015625
9 0.82734375 0.7640625 0.0453125 0.05703125
9 0.71328125 0.50859375 0.0671875 0.0171875
9 0.940625 0.81328125 0.03984375 0.0640625
9 0.82421875 0.828125 0.05859375 0.0359375
9 0.98984375 0.55234375 0.0203125 0.0578125
1 0.62421875 0.96328125 0.034375 0.06796875
1 0.56875 0.9796875 0.03125 0.040625
9 0.590625 0.85859375 0.04296875 0.0265625
9 0.621875 0.915625 0.04140625 0.0515625
1 0.509375 0.8671875 0.04296875 0.04296875
1 0.6640625 0.9796875 0.03125 0.040625
0 0.95390625 0.93828125 0.053125 0.03046875
1 0.87265625 0.9859375 0.0703125 0.028125