0 0.02890625 0.17265625 0.0578125 0.1390625
0 0.1984375 0.1375 0.1171875 0.1609375
1 0.89375 0.02890625 0.08125 0.0578125
0 0.9453125 0.28671875 0.109375 0.1640625
0 0.97265625 0.03828125 0.0546875 0.0765625
0 0.2453125 0.43671875 0.03203125 0.04453125
0 0.10234375 0.5359375 0.03046875 0.0421875
0 0.2203125 0.47890625 0.02734375 0.04453125
0 0.15625 0.37421875 0.028125 0.0109375
11 0.1484375 0.4296875 0.04140625 0.0609375
4 0.44453125 0.43046875 0.025 0.04453125
6 0.5265625 0.434375 0.05078125 0.03984375
1 0.27890625 0.7109375 0.08125 0.11015625
11 0.5609375 0.90546875 0.115625 0.1890625