9 0.39375 0.26171875 0.08046875 0.0859375
9 0.12578125 0.078125 0.078125 0.0703125
9 0.31484375 0.146875 0.08203125 0.04296875
9 0.49609375 0.4546875 0.1234375 0.075
10 0.2109375 0.19296875 0.0578125 0.07265625
10 0.5078125 0.0484375 0.09140625 0.0703125
1 0.03046875 0.01796875 0.0609375 0.0359375
10 0.38984375 0.978125 0.1421875 0.04375
10 0.5234375 0.8953125 0.0859375 0.10390625
11 0.0578125 0.7734375 0.08359375 0.10234375
11 0.1671875 0.55 0.09375 0.021875
11 0.203125 0.73515625 0.0609375 0.08359375
11 0.5796875 0.97578125 0.11875 0.0484375
0 0.4453125 0.678125 0.15859375 0.1421875
0 0.84453125 0.60546875 0.1046875 0.1328125
0 0.9328125 0.73515625 0.134375 0.2046875
0 0.97890625 0.5890625 0.0421875 0.1
0 0.68203125 0.8421875 0.0640625 0.134375
0 0.7109375 0.66953125 0.121875 0.1453125