0 0.64921875 0.234375 0.0953125 0.009375
4 0.48828125 0.53359375 0.1765625 0.3203125
1 0.984375 0.67109375 0.03125 0.0453125
0 0.95078125 0.28828125 0.0984375 0.0984375
10 0.41484375 0.971875 0.0296875 0.05625
10 0.6078125 0.790625 0.025 0.0296875
10 0.83359375 0.99296875 0.0453125 0.0140625
10 0.97734375 0.865625 0.0453125 0.06875
10 0.9875 0.9453125 0.025 0.078125
9 0.97421875 0.72421875 0.0515625 0.0609375
11 0.8734375 0.81015625 0.0640625 0.08515625
1 0.79765625 0.9171875 0.0453125 0.07109375
1 0.9625 0.80859375 0.0390625 0.04453125
1 0.9328125 0.7359375 0.04609375 0.06953125
9 0.95 0.98125 0.0375 0.0375