1 0.8375 0.0125 0.059375 0.025
1 0.42421875 0.02578125 0.0296875 0.0515625
9 0.628125 0.18125 0.08828125 0.146875
9 0.671875 0.0453125 0.090625 0.090625
9 0.421875 0.10859375 0.025 0.0703125
9 0.26015625 0.92890625 0.0859375 0.1234375
9 0.0390625 0.8828125 0.0546875 0.075
9 0.26171875 0.62734375 0.0796875 0.0765625
1 0.396875 0.9625 0.025 0.075
1 0.39375 0.61640625 0.03125 0.0546875
9 0.396875 0.79609375 0.025 0.0921875
1 0.328125 0.6359375 0.04765625 0.075
1 0.23828125 0.790625 0.03515625 0.075
9 0.64375 0.72734375 0.04375 0.06171875
9 0.61875 0.9921875 0.0625 0.015625
1 0.50625 0.771875 0.0640625 0.06953125