10 0.0765625 0.87890625 0.06640625 0.04375
9 0.10078125 0.9171875 0.0484375 0.03359375
9 0.15703125 0.82109375 0.05859375 0.0453125
1 0.1421875 0.89140625 0.06640625 0.040625
1 0.0890625 0.95234375 0.05546875 0.03515625
0 0.0421875 0.72578125 0.084375 0.0640625
9 0.05078125 0.925 0.06953125 0.05
9 0.3515625 0.65234375 0.07421875 0.06953125
9 0.37578125 0.83828125 0.0484375 0.0734375
9 0.334375 0.81171875 0.04375 0.0578125
9 0.32890625 0.715625 0.0453125 0.06171875
9 0.315625 0.90703125 0.05234375 0.046875
9 0.3828125 0.90390625 0.034375 0.0734375
1 0.3828125 0.6875 0.034375 0.04375
1 0.390625 0.65390625 0.01875 0.0421875
1 0.2078125 0.99296875 0.04375 0.0140625
1 0.346875 0.93671875 0.05234375 0.05
0 0.2421875 0.73671875 0.05859375 0.0578125
0 0.3125 0.96640625 0.121875 0.0671875
0 0.2765625 0.86640625 0.13046875 0.11796875
1 0.2125 0.83671875 0.05234375 0.08359375
1 0.3578125 0.6921875 0.065625 0.07109375