1 0.8890625 0.40546875 0.0375 0.0078125
9 0.05859375 0.5375 0.1171875 0.08125
10 0.16875 0.43828125 0.090625 0.0578125
10 0.11484375 0.603125 0.11796875 0.0671875
11 0.3421875 0.81171875 0.08515625 0.0625
11 0.25078125 0.79765625 0.09765625 0.05546875
11 0.265625 0.84453125 0.10234375 0.05078125
0 0.040625 0.83984375 0.08125 0.0484375
0 0.2875 0.66015625 0.08046875 0.04453125
0 0.10703125 0.76328125 0.08828125 0.04453125
0 0.0984375 0.66953125 0.09453125 0.05546875
0 0.10625 0.4203125 0.090625 0.021875
0 0.26953125 0.70234375 0.084375 0.04296875
0 0.2734375 0.59453125 0.1015625 0.0546875
1 0.1 0.96171875 0.05703125 0.0328125
1 0.103125 0.9921875 0.0875 0.015625
9 0.61953125 0.65859375 0.1234375 0.115625
9 0.7890625 0.66171875 0.09453125 0.08359375
9 0.7875 0.54296875 0.1109375 0.1015625
9 0.68203125 0.60546875 0.1015625 0.0796875
10 0.55 0.42734375 0.021875 0.0359375
9 0.80546875 0.46484375 0.06875 0.05546875
9 0.91171875 0.6296875 0.0671875 0.075
0 0.58046875 0.79296875 0.0828125 0.0984375