1 0.57421875 0.1265625 0.0296875 0.05625
1 0.92265625 0.0140625 0.0453125 0.028125
1 0.99140625 0.01796875 0.0171875 0.0328125
1 0.98359375 0.190625 0.0328125 0.025
1 0.78515625 0.12109375 0.034375 0.059375
5 0.91015625 0.10234375 0.06171875 0.09375
5 0.8078125 0.1796875 0.06328125 0.04765625
11 0.58828125 0.23359375 0.0578125 0.0609375
1 0.64609375 0.26640625 0.034375 0.06875
1 0.6203125 0.32578125 0.0484375 0.04765625
1 0.67421875 0.36484375 0.04609375 0.06484375
1 0.6171875 0.41796875 0.04296875 0.03828125
0 0.921875 0.4109375 0.046875 0.07109375
1 0.971875 0.3203125 0.046875 0.05703125
0 0.05625 0.5234375 0.04375 0.046875
10 0.22578125 0.971875 0.0546875 0.05625
10 0.015625 0.98828125 0.03125 0.0234375
9 0.1 0.85703125 0.0703125 0.0671875
9 0.0546875 0.9796875 0.065625 0.040625
10 0.48125 0.76953125 0.08125 0.14765625
1 0.290625 0.7796875 0.0625 0.10859375
1 0.33125 0.94375 0.03046875 0.0609375
1 0.40859375 0.921875 0.03359375 0.0515625
1 0.43125 0.86875 0.03828125 0.0671875
1 0.534375 0.71796875 0.02890625 0.06484375
1 0.53359375 0.7890625 0.02890625 0.07265625
1 0.490625 0.9546875 0.04375 0.090625
1 0.43046875 0.68828125 0.0421875 0.01953125
9 0.3640625 0.9515625 0.05625 0.096875