11 0.2609375 0.528125 0.05625 0.1625
11 0.1390625 0.434375 0.090625 0.190625
10 0.17734375 0.3796875 0.0640625 0.08125
0 0.0640625 0.48828125 0.090625 0.10703125
1 0.071875 0.859375 0.05 0.0375
1 0.003125 0.83515625 0.00625 0.0109375
1 0.0109375 0.89765625 0.021875 0.0140625
0 0.2453125 0.79921875 0.07421875 0.059375
0 0.1859375 0.81796875 0.06796875 0.059375
0 0.17109375 0.76484375 0.096875 0.0578125
9 0.05859375 0.74609375 0.05859375 0.0453125
9 0.4515625 0.45859375 0.05625 0.03203125
10 0.53828125 0.47578125 0.04453125 0.03828125
10 0.30859375 0.3984375 0.0390625 0.034375
10 0.378125 0.39296875 0.05390625 0.03046875
1 0.6125 0.46796875 0.02890625 0.03046875
1 0.578125 0.49140625 0.03828125 0.03046875
1 0.571875 0.45703125 0.04765625 0.034375
1 0.4765625 0.49453125 0.04375 0.03828125
1 0.4578125 0.38125 0.04375 0.03046875
1 0.575 0.740625 0.03515625 0.028125
1 0.503125 0.8453125 0.03125 0.02578125
1 0.47578125 0.91796875 0.04375 0.01796875
1 0.53984375 0.953125 0.02890625 0.02578125
9 0.5890625 0.971875 0.053125 0.0484375
10 0.90625 0.653125 0.0546875 0.0703125
10 0.87734375 0.778125 0.04765625 0.0984375
9 0.98671875 0.71484375 0.0265625 0.1015625