4 0.528125 0.3 0.1171875 0.17421875
1 0.45546875 0.11953125 0.1109375 0.1359375
10 0.45390625 0.2375 0.0515625 0.0765625
1 0.74296875 0.3140625 0.03359375 0.07734375
1 0.9328125 0.315625 0.0234375 0.059375
1 0.87265625 0.3625 0.0265625 0.075
1 0.83984375 0.121875 0.034375 0.09765625
1 0.77265625 0.1265625 0.0265625 0.07265625
1 0.9671875 0.33515625 0.01875 0.0609375
1 0.9171875 0.2234375 0.01953125 0.0515625
1 0.83671875 0.3875 0.0265625 0.025
1 0.78203125 0.32578125 0.0296875 0.0640625
1 0.6609375 0.5265625 0.0703125 0.11640625
1 0.53515625 0.7140625 0.04765625 0.0984375
1 0.63203125 0.79921875 0.0546875 0.090625
1 0.971875 0.65078125 0.05625 0.0984375