11 0.01796875 0.5359375 0.0359375 0.1125
11 0.17421875 0.62421875 0.03671875 0.15234375
9 0.15078125 0.46796875 0.0625 0.065625
4 0.1546875 0.68046875 0.07578125 0.10546875
1 0.1765625 0.5265625 0.03125 0.0609375
1 0.14375 0.84296875 0.09765625 0.14375
1 0.05078125 0.809375 0.0796875 0.08828125
1 0.00703125 0.903125 0.0140625 0.05
1 0.040625 0.9140625 0.06484375 0.07109375
1 0.16796875 0.99296875 0.0484375 0.0140625
1 0.15390625 0.7828125 0.05625 0.0640625
5 0.265625 0.790625 0.146875 0.096875
5 0.26640625 0.9125 0.1484375 0.175
9 0.50234375 0.45546875 0.0953125 0.0515625
9 0.69609375 0.95 0.115625 0.08046875
10 0.828125 0.975 0.096875 0.05