0 0.66484375 0.0984375 0.10625 0.05703125
0 0.55546875 0.02421875 0.12890625 0.046875
0 0.8359375 0.15 0.09140625 0.05
9 0.65234375 0.27734375 0.10234375 0.05
9 0.73203125 0.24375 0.06171875 0.0421875
9 0.60078125 0.22890625 0.121875 0.06484375
1 0.71328125 0.20625 0.1078125 0.0703125
1 0.53046875 0.24140625 0.07265625 0.04375
9 0.76875 0.28515625 0.0796875 0.0453125
9 0.61796875 0.6234375 0.0734375 0.0125
1 0.18828125 0.665625 0.0609375 0.071875
1 0.19296875 0.85390625 0.0515625 0.0921875
1 0.10859375 0.9859375 0.0484375 0.028125
1 0.20234375 0.953125 0.0328125 0.09375
10 0.25 0.8890625 0.0625 0.103125
9 0.95 0.81328125 0.0828125 0.11484375
10 0.8375 0.65234375 0.071875 0.0453125
0 0.81875 0.97890625 0.10625 0.0421875
0 0.91171875 0.98125 0.0953125 0.0375
0 0.97890625 0.971875 0.0421875 0.05625