0 0.0609375 0.8171875 0.04296875 0.09140625
0 0.0140625 0.98828125 0.028125 0.0234375
0 0.05625 0.921875 0.04296875 0.07109375
1 0.02109375 0.821875 0.0359375 0.05703125
10 0.00859375 0.7875 0.0171875 0.0375
3 0.56015625 0.80859375 0.0609375 0.0921875
3 0.82734375 0.71171875 0.0921875 0.1109375
3 0.690625 0.63359375 0.065625 0.0484375
3 0.72421875 0.71328125 0.05625 0.06875
3 0.60078125 0.953125 0.0765625 0.08515625
3 0.875 0.80234375 0.06484375 0.08203125
1 0.63828125 0.8359375 0.02734375 0.053125
9 0.6296875 0.68046875 0.0546875 0.0546875
9 0.67578125 0.77421875 0.04609375 0.05859375