12 0.34453125 0.39921875 0.0515625 0.0796875
12 0.43125 0.1828125 0.10234375 0.0640625
12 0.4 0.3234375 0.103125 0.07734375
9 0.2609375 0.75625 0.115625 0.165625
10 0.40703125 0.65390625 0.125 0.1453125
10 0.57109375 0.803125 0.078125 0.07265625
10 0.46015625 0.86328125 0.1140625 0.16328125
10 0.49453125 0.75625 0.09453125 0.09375
10 0.59921875 0.7515625 0.09453125 0.078125
10 0.62421875 0.6234375 0.0828125 0.21171875
10 0.34921875 0.7328125 0.0609375 0.115625
10 0.54453125 0.91484375 0.1578125 0.09375
10 0.52109375 0.5125 0.1140625 0.13046875
10 0.36953125 0.459375 0.1015625 0.040625
1 0.7859375 0.78984375 0.0671875 0.0703125
1 0.7859375 0.71953125 0.0578125 0.06171875
1 0.68125 0.70234375 0.03046875 0.07109375
1 0.965625 0.9421875 0.06875 0.0375
0 0.89765625 0.9140625 0.10234375 0.09453125
0 0.859375 0.73359375 0.0578125 0.09765625
0 0.81640625 0.6453125 0.0671875 0.09375
0 0.7875 0.559375 0.096875 0.1265625
0 0.740625 0.64609375 0.0609375 0.1015625
0 0.940625 0.54296875 0.08828125 0.0890625
0 0.89140625 0.6234375 0.08125 0.09375
0 0.99375 0.75546875 0.0125 0.0703125
1 0.53125 0.98046875 0.05625 0.0390625