9 0.78125 0.075 0.0390625 0.059375
1 0.77265625 0.34140625 0.0421875 0.046875
1 0.684375 0.22578125 0.0296875 0.034375
1 0.85625 0.225 0.03515625 0.0625
1 0.9234375 0.078125 0.04453125 0.071875
1 0.99140625 0.04140625 0.0171875 0.0515625
1 0.7765625 0.209375 0.0515625 0.06640625
1 0.6734375 0.4609375 0.009375 0.034375
11 0.6875 0.35859375 0.0375 0.0703125
11 0.878125 0.11953125 0.028125 0.06484375
11 0.8234375 0.15625 0.0484375 0.06640625
9 0.7 0.1859375 0.03203125 0.04453125
9 0.93359375 0.51796875 0.0390625 0.0421875
1 0.08125 0.775 0.06171875 0.0390625
1 0.0203125 0.79140625 0.0296875 0.04765625
1 0.20859375 0.67265625 0.06015625 0.040625
9 0.01484375 0.65078125 0.0296875 0.0640625
5 0.65625 0.6796875 0.025 0.13125
5 0.5609375 0.87265625 0.05390625 0.09765625
1 0.68203125 0.66640625 0.0265625 0.0765625
1 0.7015625 0.915625 0.065625 0.059375
0 0.90625 0.69921875 0.12421875 0.078125
9 0.81640625 0.57421875 0.0546875 0.0703125
9 0.80234375 0.6671875 0.06015625 0.08671875