9 0.18671875 0.5296875 0.0484375 0.03359375
9 0.0484375 0.52109375 0.096875 0.0234375
1 0.22734375 0.51640625 0.0671875 0.0140625
1 0.175 0.56484375 0.05546875 0.03515625
9 0.03515625 0.55234375 0.0703125 0.0734375
9 0.13671875 0.5375 0.06953125 0.05
9 0.40078125 0.52578125 0.0515625 0.0328125
9 0.41796875 0.71640625 0.05859375 0.0421875
1 0.29375 0.628125 0.04375 0.0578125
1 0.4328125 0.54921875 0.05234375 0.05
0 0.4234375 0.65625 0.071875 0.0875
0 0.3984375 0.60859375 0.121875 0.12578125
0 0.36171875 0.5234375 0.1296875 0.028125
11 0.065625 0.95703125 0.13125 0.0859375
11 0.196875 0.9671875 0.146875 0.065625
11 0.18125 0.78203125 0.14765625 0.0890625
0 0.2546875 0.91015625 0.034375 0.06171875
1 0.61171875 0.775 0.2890625 0.45
1 0.865625 0.84609375 0.146875 0.3078125