1 0.5953125 0.0578125 0.0609375 0.04765625
1 0.6671875 0.07421875 0.06328125 0.04765625
1 0.5234375 0.19921875 0.05859375 0.05546875
0 0.8796875 0.13984375 0.03125 0.059375
0 0.87890625 0.075 0.03515625 0.0578125
0 0.846875 0.01484375 0.0375 0.0296875
5 0.6890625 0.54453125 0.09375 0.0890625
5 0.759375 0.33515625 0.0515625 0.06953125
5 0.53984375 0.359375 0.1015625 0.209375
5 0.7328125 0.45 0.14921875 0.24375
5 0.76484375 0.565625 0.0984375 0.046875
5 0.58515625 0.51015625 0.1296875 0.1578125
1 0.21796875 0.859375 0.08125 0.16015625
1 0.025 0.709375 0.05 0.109375
1 0.19296875 0.6453125 0.1390625 0.1125
1 0.125 0.94921875 0.065625 0.1015625