9 0.54453125 0.20078125 0.0296875 0.0890625
1 0.63203125 0.084375 0.04296875 0.046875
9 0.6375 0.2078125 0.0640625 0.0734375
1 0.78828125 0.28984375 0.09609375 0.084375
1 0.91796875 0.26796875 0.0734375 0.084375
4 0.73125 0.09609375 0.08515625 0.18046875
0 0.93984375 0.04375 0.1203125 0.0875
1 0.9359375 0.15859375 0.11875 0.125
1 0.715625 0.27421875 0.053125 0.1171875
11 0.58359375 0.415625 0.1078125 0.16875
9 0.6671875 0.4453125 0.04453125 0.10234375
10 0.73046875 0.390625 0.0578125 0.05859375
10 0.7921875 0.34921875 0.075 0.034375
1 0.7765625 0.51171875 0.08125 0.0359375
1 0.83515625 0.47890625 0.0515625 0.05703125
1 0.696875 0.51796875 0.01875 0.0234375
1 0.70390625 0.45390625 0.02890625 0.06484375
1 0.18984375 0.76171875 0.1203125 0.04765625
1 0.015625 0.78359375 0.03125 0.0546875
1 0.2515625 0.896875 0.06640625 0.06484375
1 0.43828125 0.83359375 0.0375 0.05078125
1 0.37421875 0.940625 0.1609375 0.09609375
1 0.36796875 0.85234375 0.06875 0.0875
1 0.04375 0.94453125 0.075 0.07578125
1 0.13828125 0.58984375 0.06328125 0.05390625
1 0.490625 0.70859375 0.06640625 0.06484375
1 0.22734375 0.9671875 0.0578125 0.065625
1 0.128125 0.91640625 0.0546875 0.05390625
9 0.5171875 0.84375 0.025 0.078125
0 0.56640625 0.871875 0.0734375 0.090625