9 0.9421875 0.19140625 0.1078125 0.04140625
1 0.85703125 0.04453125 0.096875 0.07265625
1 0.73125 0.20625 0.096875 0.0515625
1 0.803125 0.13046875 0.04296875 0.025
1 0.84453125 0.13203125 0.03203125 0.028125
1 0.884375 0.13671875 0.04296875 0.0265625
1 0.55 0.21875 0.03203125 0.0234375
9 0.5953125 0.1078125 0.046875 0.0265625
9 0.75 0.11875 0.0625 0.03828125
9 0.99453125 0.0921875 0.0109375 0.034375
9 0.63984375 0.05859375 0.0875 0.034375
1 0.971875 0.265625 0.0390625 0.04296875
1 0.978125 0.34140625 0.04375 0.0546875
1 0.2203125 0.3875 0.05625 0.0375
1 0.21640625 0.46875 0.05390625 0.0671875
1 0.49296875 0.940625 0.0328125 0.05625
1 0.31953125 0.921875 0.06015625 0.05625
1 0.0703125 0.9296875 0.0484375 0.07578125
0 0.25859375 0.7359375 0.053125 0.16328125
0 0.38359375 0.8078125 0.0953125 0.08046875
9 0.37578125 0.4046875 0.0515625 0.071875
9 0.328125 0.4765625 0.034375 0.0703125
11 0.5265625 0.55 0.034375 0.046875
11 0.6484375 0.51171875 0.2375 0.17109375
11 0.76796875 0.58203125 0.1375 0.07890625
1 0.5140625 0.60390625 0.009375 0.0296875
1 0.55859375 0.7296875 0.059375 0.0328125
1 0.62578125 0.7078125 0.04609375 0.01875
1 0.58359375 0.68828125 0.03515625 0.0296875
1 0.7 0.7484375 0.0421875 0.0359375
1 0.76015625 0.41953125 0.046875 0.03828125
1 0.828125 0.54140625 0.05390625 0.03828125
1 0.8515625 0.7 0.04453125 0.0375
1 0.86875 0.62421875 0.034375 0.0359375
5 0.58046875 0.98046875 0.0640625 0.0390625
1 0.54453125 0.8828125 0.034375 0.08125