10 0.86796875 0.44375 0.1109375 0.05
3 0.95859375 0.1296875 0.06171875 0.20546875
1 0.0671875 0.49921875 0.084375 0.0609375
1 0.1421875 0.60703125 0.0609375 0.0765625
1 0.25625 0.57109375 0.15546875 0.10390625
10 0.6421875 0.62578125 0.05234375 0.04921875
11 0.7453125 0.54453125 0.028125 0.1515625
12 0.07109375 0.73515625 0.1421875 0.1703125
12 0.1796875 0.77109375 0.06796875 0.10390625
12 0.109375 0.853125 0.065625 0.09453125
12 0.06484375 0.8046875 0.0703125 0.0828125
12 0.046875 0.88515625 0.09375 0.1828125
1 0.51875 0.97421875 0.05 0.0515625
1 0.59609375 0.86171875 0.06015625 0.09453125
1 0.50390625 0.8671875 0.07265625 0.11796875
12 0.575 0.7203125 0.0515625 0.12734375
3 0.89921875 0.74921875 0.06015625 0.1109375
3 0.96484375 0.5 0.0453125 0.0625
10 0.95 0.63671875 0.025 0.07265625