11 0.0953125 0.0453125 0.084375 0.090625
4 0.2984375 0.33828125 0.09140625 0.153125
1 0.2578125 0.53515625 0.10390625 0.109375
10 0.23828125 0.41953125 0.040625 0.0671875
0 0.0921875 0.41640625 0.0609375 0.08125
11 0.2765625 0.63515625 0.08125 0.0703125
11 0.23515625 0.95546875 0.0921875 0.0890625
10 0.27734375 0.76875 0.06796875 0.103125
10 0.3796875 0.68984375 0.0421875 0.09453125
10 0.3859375 0.61328125 0.053125 0.0265625
10 0.29375 0.99296875 0.0375 0.0140625
10 0.5671875 0.7625 0.025 0.134375
10 0.43125 0.75546875 0.03828125 0.08671875
10 0.3453125 0.915625 0.046875 0.07890625
11 0.52734375 0.90390625 0.1046875 0.1921875