5 0.41015625 0.2375 0.0796875 0.18125
5 0.409375 0.36484375 0.08125 0.1484375
5 0.31328125 0.2859375 0.0875 0.1046875
5 0.25625 0.071875 0.103125 0.14375
5 0.33515625 0.171875 0.09140625 0.14296875
10 0.5171875 0.02109375 0.071875 0.0421875
10 0.8625 0.42890625 0.05625 0.0203125
1 0.60859375 0.1390625 0.05234375 0.0578125
1 0.809375 0.40078125 0.04140625 0.04140625
1 0.740625 0.31640625 0.04765625 0.0375
1 0.7453125 0.15234375 0.0484375 0.0640625
9 0.60078125 0.0453125 0.07734375 0.0703125
9 0.7390625 0.0203125 0.071875 0.040625
10 0.77578125 0.74921875 0.06328125 0.09765625
9 0.93984375 0.47578125 0.0640625 0.0734375
11 0.85546875 0.70625 0.06953125 0.171875
0 0.815625 0.45 0.078125 0.021875
0 0.93125 0.56796875 0.121875 0.12578125