4 0.365625 0.1828125 0.04140625 0.04765625
9 0.4015625 0.18671875 0.02890625 0.03671875
9 0.31953125 0.1171875 0.02734375 0.040625
9 0.3109375 0.0140625 0.021875 0.028125
9 0.8171875 0.171875 0.13984375 0.0828125
1 0.071875 0.390625 0.06484375 0.0609375
1 0.06640625 0.44765625 0.05546875 0.0515625
1 0.159375 0.46953125 0.03203125 0.0578125
0 0.01328125 0.284375 0.0265625 0.06875
0 0.01484375 0.42890625 0.0296875 0.0796875
0 0.0328125 0.5046875 0.06484375 0.07890625
0 0.05390625 0.57734375 0.09453125 0.1046875
0 0.103125 0.51015625 0.0609375 0.08359375
6 0.2390625 0.5640625 0.05 0.06328125
9 0.06875 0.8546875 0.04453125 0.07265625
9 0.1546875 0.946875 0.040625 0.0546875
9 0.09609375 0.93828125 0.0515625 0.059375
9 0.10625 0.984375 0.03125 0.03125
9 0.0390625 0.97734375 0.065625 0.0453125
1 0.596875 0.5828125 0.078125 0.07578125
1 0.75546875 0.65 0.05390625 0.0546875
1 0.81953125 0.634375 0.0515625 0.05625
1 0.7859375 0.75625 0.0453125 0.03046875
1 0.72734375 0.840625 0.0625 0.07421875
1 0.65625 0.7765625 0.084375 0.06953125
1 0.96953125 0.7171875 0.0609375 0.08125