0 0.19921875 0.053125 0.0390625 0.10625
0 0.14140625 0.4109375 0.1546875 0.134375
0 0.17734375 0.23828125 0.0828125 0.1453125
9 0.553125 0.084375 0.05234375 0.0609375
1 0.83359375 0.40546875 0.04140625 0.06328125
1 0.56875 0.01328125 0.046875 0.0265625
1 0.49140625 0.321875 0.06640625 0.0796875
1 0.6046875 0.05703125 0.0578125 0.075
11 0.04296875 0.50859375 0.0859375 0.0578125
1 0.0328125 0.63984375 0.03359375 0.08671875
0 0.1890625 0.96328125 0.059375 0.0734375
0 0.1171875 0.9765625 0.15 0.046875
9 0.18359375 0.92578125 0.04140625 0.0625
9 0.45 0.74453125 0.1578125 0.18359375
1 0.871875 0.77109375 0.04375 0.05
1 0.9703125 0.65625 0.03984375 0.0546875
1 0.75078125 0.51640625 0.1015625 0.0734375
1 0.72890625 0.7390625 0.07890625 0.10859375
1 0.8140625 0.8125 0.04765625 0.0453125
1 0.975 0.52890625 0.05 0.0984375
1 0.91953125 0.55 0.05234375 0.078125
1 0.9859375 0.61640625 0.028125 0.0515625
1 0.78359375 0.58359375 0.0546875 0.071875
1 0.87421875 0.57578125 0.0515625 0.0515625
0 0.265625 0.975 0.06875 0.05
0 0.365625 0.9171875 0.05390625 0.0796875
0 0.36484375 0.8546875 0.0765625 0.03671875
8 0.96796875 0.97109375 0.0453125 0.0578125
8 0.9921875 0.93671875 0.015625 0.0734375
8 0.6625 0.92109375 0.0984375 0.13984375
8 0.8125 0.92890625 0.115625 0.1421875
8 0.7578125 0.87421875 0.0921875 0.075