10 0.4265625 0.0859375 0.0625 0.075
9 0.33984375 0.103125 0.05390625 0.0703125
9 0.38203125 0.2265625 0.06015625 0.096875
10 0.29453125 0.059375 0.03203125 0.0484375
10 0.3234375 0.04765625 0.03984375 0.0578125
1 0.50078125 0.42109375 0.1265625 0.0765625
1 0.30703125 0.33671875 0.2328125 0.121875
1 0.02578125 0.42578125 0.0515625 0.0671875
1 0.28828125 0.44609375 0.0796875 0.0265625
1 0.0453125 0.36484375 0.0796875 0.0640625
1 0.11640625 0.321875 0.0625 0.0578125
4 0.7890625 0.06015625 0.096875 0.1203125
4 0.87734375 0.08203125 0.04765625 0.05
11 0.8171875 0.3734375 0.028125 0.053125
9 0.765625 0.34296875 0.03515625 0.04375
9 0.77421875 0.4453125 0.0171875 0.028125
1 0.5140625 0.73984375 0.04453125 0.0859375
1 0.54765625 0.77578125 0.0328125 0.06875
1 0.403125 0.646875 0.053125 0.059375
1 0.43359375 0.7 0.04375 0.0640625
1 0.38359375 0.553125 0.04609375 0.08828125
9 0.24921875 0.95625 0.0296875 0.0875
9 0.3609375 0.821875 0.05 0.13515625
9 0.10078125 0.4953125 0.0796875 0.071875
9 0.58359375 0.67578125 0.04765625 0.0859375
4 0.8875 0.46875 0.0625 0.01875
10 0.61640625 0.93515625 0.0140625 0.0609375