1 0.1984375 0.42109375 0.0984375 0.090625
10 0.346875 0.38828125 0.1421875 0.065625
1 0.33984375 0.484375 0.2171875 0.05
1 0.95625 0.315625 0.0875 0.059375
1 0.775 0.4359375 0.0484375 0.05390625
1 0.815625 0.47734375 0.04375 0.0640625
10 0.6203125 0.15390625 0.04609375 0.05546875
10 0.9890625 0.1484375 0.021875 0.059375
10 0.8765625 0.11328125 0.06328125 0.08125
5 0.11015625 0.69375 0.1109375 0.15234375
10 0.4484375 0.67734375 0.05 0.04921875
1 0.4984375 0.60859375 0.040625 0.0515625
1 0.5015625 0.7265625 0.034375 0.0375
1 0.33046875 0.54453125 0.0484375 0.04921875
9 0.38359375 0.66484375 0.046875 0.03671875