0 0.046875 0.02890625 0.09375 0.0578125
6 0.2328125 0.01171875 0.05 0.0234375
9 0.0625 0.2828125 0.04453125 0.07265625
9 0.1484375 0.375 0.040625 0.0546875
9 0.15859375 0.45625 0.0203125 0.059375
9 0.121875 0.465625 0.0625 0.08515625
9 0.14921875 0.5203125 0.0390625 0.0375
9 0.08984375 0.36640625 0.0515625 0.059375
9 0.1 0.42265625 0.03125 0.0515625
9 0.0328125 0.41484375 0.065625 0.0625
1 0.9484375 0.22734375 0.05859375 0.14140625
1 0.896875 0.471875 0.053125 0.059375
1 0.9265625 0.515625 0.04375 0.046875
1 0.87734375 0.378125 0.04609375 0.08828125
9 0.59453125 0.26328125 0.0796875 0.1859375