4 0.0765625 0.08984375 0.09140625 0.153125
1 0.04375 0.2859375 0.0875 0.109375
10 0.01796875 0.17109375 0.0359375 0.0671875
0 0.4546875 0.1390625 0.08046875 0.2296875
11 0.71796875 0.4765625 0.1390625 0.084375
7 0.95546875 0.41171875 0.03359375 0.078125
7 0.8875 0.49609375 0.040625 0.0453125
1 0.10078125 0.58359375 0.04609375 0.0625
1 0.121875 0.79375 0.046875 0.0515625
1 0.071875 0.946875 0.02734375 0.03984375
10 0.9578125 0.93828125 0.084375 0.1234375
10 0.77265625 0.93828125 0.1078125 0.1234375
10 0.6390625 0.91171875 0.103125 0.128125
10 0.7921875 0.54765625 0.078125 0.0578125
1 0.690625 0.6609375 0.20625 0.14765625