1 0.22734375 0.03984375 0.06953125 0.07578125
1 0.0703125 0.2109375 0.078125 0.03203125
0 0.13359375 0.17734375 0.1078125 0.1
0 0.1484375 0.02265625 0.065625 0.0453125
0 0.01484375 0.03984375 0.0296875 0.0734375
1 0.05625 0.40390625 0.03125 0.04375
1 0.1015625 0.51953125 0.0375 0.04375
1 0.109375 0.3609375 0.03828125 0.0515625
1 0.0546875 0.5109375 0.03359375 0.0453125
1 0.06171875 0.25 0.03515625 0.0453125
1 0.01015625 0.32421875 0.0203125 0.0890625
1 0.49453125 0.28046875 0.0484375 0.1078125
1 0.42578125 0.57421875 0.0671875 0.1046875
10 0.95078125 0.5671875 0.0984375 0.134375
10 0.6640625 0.2453125 0.075 0.08828125
9 0.77421875 0.15234375 0.0640625 0.0859375
9 0.678125 0.028125 0.05625 0.05625
10 0.846875 0.18671875 0.03359375 0.06328125
10 0.81171875 0.22578125 0.04375 0.078125
10 0.446875 0.80703125 0.09921875 0.134375