10 0.25546875 0.41875 0.0890625 0.0625
3 0.1984375 0.08359375 0.11875 0.1671875
3 0.3796875 0.13828125 0.078125 0.0796875
3 0.90703125 0.08671875 0.07578125 0.1015625
1 0.66875 0.11953125 0.11015625 0.19296875
10 0.61796875 0.84453125 0.0515625 0.0828125
10 0.725 0.9234375 0.03515625 0.07578125
3 0.63671875 0.915625 0.04140625 0.05234375
3 0.534375 0.74375 0.0640625 0.071875
4 0.75 0.69140625 0.084375 0.12265625
4 0.53125 0.87890625 0.0390625 0.08671875
4 0.81484375 0.828125 0.0453125 0.0828125
9 0.45390625 0.5859375 0.06953125 0.1296875