10 0.39921875 0.32109375 0.08203125 0.134375
10 0.04140625 0.346875 0.05390625 0.12578125
10 0.590625 0.12734375 0.01875 0.0828125
10 0.58203125 0.2078125 0.0359375 0.078125
10 0.01328125 0.184375 0.0265625 0.11875
3 0.20078125 0.22421875 0.0796875 0.19765625
0 0.23515625 0.55859375 0.0828125 0.0828125
0 0.32265625 0.2734375 0.07578125 0.12890625
0 0.44453125 0.55859375 0.0859375 0.0828125
0 0.10546875 0.36875 0.05390625 0.12265625
5 0.6484375 0.21171875 0.096875 0.1265625
1 0.9921875 0.10234375 0.015625 0.0859375
10 0.86953125 0.42265625 0.05546875 0.1015625
9 0.10234375 0.87265625 0.0671875 0.22734375
10 0.3109375 0.89140625 0.1125 0.2171875
9 0.96640625 0.696875 0.0671875 0.078125