10 0.16796875 0.0140625 0.1265625 0.028125
11 0.1 0.3234375 0.16015625 0.06328125
1 0.046875 0.44140625 0.05625 0.1171875
9 0.315625 0.059375 0.053125 0.053125
4 0.50703125 0.00859375 0.0546875 0.0171875
0 0.525 0.08984375 0.06015625 0.04296875
0 0.4296875 0.03125 0.0953125 0.05859375
5 0.91875 0.00859375 0.08125 0.0171875
5 0.9859375 0.04453125 0.028125 0.0484375
10 0.61328125 0.42265625 0.0359375 0.0609375
10 0.734375 0.3609375 0.05625 0.0703125
11 0.784375 0.18828125 0.08359375 0.03203125
11 0.80078125 0.3828125 0.11015625 0.18125
9 0.6796875 0.37421875 0.05234375 0.06875
9 0.62734375 0.35390625 0.046875 0.0625
10 0.11328125 0.546875 0.1015625 0.09375
9 0.04296875 0.53046875 0.0859375 0.0609375
1 0.1640625 0.61640625 0.03515625 0.053125
9 0.27109375 0.59140625 0.0359375 0.0578125
10 0.19921875 0.80859375 0.04296875 0.06640625
10 0.22578125 0.721875 0.01015625 0.06796875
0 0.27109375 0.95078125 0.0359375 0.0828125
0 0.26484375 0.8390625 0.0484375 0.115625
1 0.6703125 0.63515625 0.053125 0.0421875
1 0.8765625 0.7359375 0.05546875 0.05390625
1 0.5703125 0.978125 0.046875 0.04375
1 0.88046875 0.9125 0.03828125 0.03515625
1 0.35390625 0.6375 0.03125 0.04140625
1 0.35625 0.6953125 0.02265625 0.03515625
1 0.3375 0.76171875 0.04296875 0.03359375
1 0.31796875 0.83671875 0.03671875 0.040625
1 0.5640625 0.51875 0.040625 0.0375
1 0.5734375 0.79609375 0.03671875 0.04375
1 0.68125 0.8390625 0.04921875 0.0359375
1 0.525 0.8484375 0.02890625 0.04453125
1 0.3734375 0.9125 0.03203125 0.03984375
1 0.84921875 0.50859375 0.0359375 0.0171875
1 0.296875 0.64140625 0.015625 0.0359375
1 0.828125 0.98203125 0.05625 0.0359375
1 0.890625 0.59765625 0.04296875 0.04609375