7 0.39765625 0.85078125 0.2046875 0.2984375
0 0.8671875 0.8140625 0.05234375 0.06484375
0 0.82109375 0.71875 0.05234375 0.059375
8 0.74765625 0.80078125 0.0484375 0.07734375
5 0.74296875 0.94921875 0.065625 0.059375
5 0.79765625 0.9875 0.0515625 0.025
5 0.6375 0.8234375 0.0609375 0.046875
5 0.60703125 0.88046875 0.03515625 0.05078125
5 0.81171875 0.89453125 0.0609375 0.08046875
5 0.75 0.8890625 0.04375 0.06328125
5 0.88984375 0.6953125 0.0546875 0.03125
5 0.95703125 0.7328125 0.05703125 0.08046875