1 0.465625 0.01328125 0.11875 0.0265625
1 0.4984375 0.10078125 0.1015625 0.09609375
0 0.3390625 0.1125 0.08125 0.171875
0 0.46953125 0.2546875 0.1046875 0.15859375
0 0.55 0.3515625 0.11875 0.115625
0 0.59609375 0.2125 0.0265625 0.175
0 0.32578125 0.33046875 0.1421875 0.1453125
0 0.02734375 0.1515625 0.0546875 0.1125
9 0.72734375 0.10234375 0.1734375 0.2046875
4 0.64453125 0.0578125 0.0703125 0.115625
1 0.68046875 0.3578125 0.08515625 0.05390625
0 0.6234375 0.29609375 0.028125 0.1421875
0 0.7296875 0.26875 0.08359375 0.10625
1 0.21953125 0.42890625 0.0703125 0.0390625
1 0.35546875 0.45546875 0.08671875 0.08046875
1 0.525 0.69375 0.065625 0.08828125
1 0.43984375 0.76171875 0.04140625 0.0921875
1 0.22109375 0.81796875 0.11484375 0.13359375
1 0.3078125 0.89609375 0.1328125 0.05234375
1 0.15859375 0.628125 0.08125 0.06953125
1 0.30078125 0.5875 0.04765625 0.06796875
1 0.02265625 0.97578125 0.0328125 0.0484375
1 0.54140625 0.84453125 0.0625 0.05859375
9 0.64296875 0.94765625 0.0609375 0.1046875