9 0.228125 0.48125 0.071875 0.075
4 0.3171875 0.3203125 0.0984375 0.10078125
0 0.325 0.08125 0.11015625 0.09453125
0 0.15234375 0.24921875 0.17734375 0.12421875
0 0.37109375 0.41953125 0.1171875 0.10078125
0 0.3578125 0.5 0.096875 0.0375
0 0.10390625 0.4484375 0.05390625 0.0890625
7 0.615625 0.0890625 0.15 0.178125
7 0.525 0.03359375 0.05 0.0671875
7 0.52890625 0.15625 0.0578125 0.0875
7 0.5421875 0.09296875 0.04296875 0.06953125
6 0.94921875 0.03515625 0.0703125 0.0703125
1 0.75 0.4 0.0328125 0.08046875
1 0.68125 0.39921875 0.06875 0.08046875
1 0.55703125 0.48671875 0.0640625 0.0640625
1 0.56640625 0.3609375 0.053125 0.021875
1 0.509375 0.39765625 0.01875 0.0703125
0 0.5984375 0.4265625 0.0609375 0.09140625
7 0.071875 0.67578125 0.14375 0.2078125
7 0.0078125 0.69375 0.015625 0.06875
6 0.40234375 0.5953125 0.0703125 0.153125
1 0.20234375 0.98046875 0.0328125 0.0390625
1 0.134375 0.9796875 0.06875 0.040625
1 0.02265625 0.9625 0.0453125 0.021875
0 0.05078125 0.990625 0.0609375 0.01875
12 0.53515625 0.81953125 0.0703125 0.2703125
9 0.7921875 0.73125 0.025 0.05546875
9 0.7 0.76796875 0.0375 0.03359375
9 0.66796875 0.825 0.0296875 0.040625
9 0.7046875 0.85234375 0.040625 0.059375
9 0.65859375 0.896875 0.03671875 0.05234375
9 0.7515625 0.7859375 0.03515625 0.0390625
9 0.73125 0.8265625 0.01796875 0.03984375
9 0.784375 0.846875 0.04921875 0.0375
0 0.85859375 0.925 0.03515625 0.04453125