3 0.021875 0.51953125 0.04375 0.1796875
1 0.2953125 0.34609375 0.11015625 0.19296875
9 0.48671875 0.06328125 0.0453125 0.1046875
9 0.028125 0.31953125 0.05625 0.1078125
4 0.2546875 0.92578125 0.109375 0.1484375
4 0.5390625 0.65546875 0.059375 0.0921875
1 0.8203125 0.64765625 0.103125 0.0765625
1 0.76484375 0.61796875 0.0609375 0.0171875
1 0.67109375 0.615625 0.0359375 0.0125
1 0.59375 0.64296875 0.03125 0.0375
1 0.7734375 0.6484375 0.0546875 0.059375
1 0.91015625 0.63359375 0.02734375 0.040625
0 0.5453125 0.8109375 0.065625 0.1125
9 0.9375 0.8125 0.11328125 0.1109375