10 0.090625 0.2265625 0.0703125 0.103125
10 0.159375 0.03828125 0.08359375 0.0765625
9 0.06640625 0.471875 0.0859375 0.13515625
9 0.1296875 0.52890625 0.08125 0.121875
11 0.2609375 0.4484375 0.0375 0.1
10 0.22421875 0.3515625 0.071875 0.090625
10 0.06640625 0.48359375 0.075 0.103125
10 0.65 0.13125 0.084375 0.109375
10 0.80625 0.409375 0.0625 0.075
9 0.71953125 0.4265625 0.05390625 0.0703125
9 0.509375 0.0625 0.0515625 0.084375
9 0.76171875 0.55 0.06015625 0.096875
10 0.67421875 0.3828125 0.03203125 0.0484375
10 0.703125 0.37109375 0.03984375 0.0578125
1 0.23203125 0.621875 0.03984375 0.046875
1 0.10859375 0.7921875 0.04453125 0.059375
11 0.09921875 0.9375 0.0609375 0.078125
9 0.240625 0.68203125 0.04609375 0.0578125
0 0.07265625 0.98046875 0.053125 0.0390625
1 0.803125 0.91875 0.06015625 0.08125
1 0.95703125 0.9046875 0.084375 0.1171875
1 0.88125 0.7609375 0.12734375 0.109375
1 0.68671875 0.66015625 0.2328125 0.121875
1 0.38203125 0.7578125 0.0984375 0.0828125
1 0.66875 0.803125 0.0796875 0.09375
1 0.425 0.68828125 0.0796875 0.0640625
1 0.49609375 0.6453125 0.0625 0.0578125
1 0.446875 0.89140625 0.071875 0.0734375