9 0.2875 0.14609375 0.053125 0.09140625
0 0.3640625 0.20859375 0.071875 0.0671875
0 0.36796875 0.14921875 0.0640625 0.0578125
0 0.20625 0.16875 0.040625 0.07734375
3 0.6140625 0.2515625 0.0578125 0.05703125
3 0.5390625 0.29140625 0.0515625 0.0453125
3 0.5484375 0.19375 0.05 0.04921875
3 0.57734375 0.05859375 0.04140625 0.065625
3 0.8875 0.17578125 0.07421875 0.05546875
3 0.90390625 0.23046875 0.06796875 0.05390625
3 0.85546875 0.09453125 0.0546875 0.078125
3 0.80859375 0.159375 0.0359375 0.06171875
3 0.93203125 0.08125 0.05390625 0.05546875