11 0.0578125 0.0984375 0.0671875 0.0875
0 0.10703125 0.0515625 0.06015625 0.0734375
0 0.23359375 0.0703125 0.06015625 0.05625
10 0.50546875 0.1265625 0.03515625 0.07734375
1 0.58359375 0.05546875 0.0328125 0.1109375
9 0.16328125 0.18515625 0.0328125 0.0375
9 0.771875 0.428125 0.121875 0.08125
9 0.90078125 0.4453125 0.0671875 0.046875
3 0.82734375 0.1453125 0.03984375 0.12890625
3 0.90625 0.32421875 0.1171875 0.14609375
9 0.36015625 0.47421875 0.0484375 0.0109375
11 0.23515625 0.47421875 0.0421875 0.0109375
8 0.4671875 0.51953125 0.0921875 0.0796875
8 0.434375 0.65859375 0.121875 0.1234375
8 0.5796875 0.59609375 0.040625 0.1140625
8 0.56875 0.5109375 0.0625 0.0625
9 0.64921875 0.89296875 0.0609375 0.12890625