3 0.05 0.021875 0.084375 0.04375
4 0.253125 0.29140625 0.09140625 0.153125
1 0.2125 0.48828125 0.10390625 0.109375
10 0.19296875 0.37265625 0.040625 0.0671875
0 0.046875 0.36953125 0.0609375 0.08125
3 0.55078125 0.88359375 0.0578125 0.0828125
9 0.52890625 0.71953125 0.08203125 0.1015625
1 0.51171875 0.94765625 0.04296875 0.05390625
1 0.3375 0.67265625 0.0375 0.0265625
1 0.4421875 0.725 0.05078125 0.07734375
1 0.45078125 0.8953125 0.06484375 0.07421875
1 0.19140625 0.68828125 0.0546875 0.0578125
1 0.175 0.76953125 0.0640625 0.06328125
1 0.25859375 0.86484375 0.05078125 0.0921875
8 0.68671875 0.75625 0.1828125 0.18515625
8 0.8984375 0.69140625 0.1 0.0640625
8 0.90390625 0.78984375 0.1921875 0.1234375