10 0.425 0.0796875 0.0625 0.075
9 0.33828125 0.096875 0.05390625 0.0703125
9 0.38046875 0.2203125 0.06015625 0.096875
10 0.29296875 0.053125 0.03203125 0.0484375
10 0.321875 0.04140625 0.03984375 0.0578125
1 0.30546875 0.32890625 0.2328125 0.1203125
1 0.04296875 0.3578125 0.0796875 0.0625
1 0.11484375 0.315625 0.0625 0.0578125
4 0.390625 0.47265625 0.1375 0.1046875
4 0.153125 0.4140625 0.0625 0.05
12 0.35 0.83515625 0.109375 0.12890625
12 0.440625 0.909375 0.0375 0.18125
12 0.43203125 0.76171875 0.0546875 0.1078125
12 0.384375 0.72890625 0.07578125 0.0921875
1 0.671875 0.40625 0.05625 0.034375
1 0.765625 0.41953125 0.03203125 0.0578125
0 0.60703125 0.40390625 0.0578125 0.0296875
0 0.6390625 0.4546875 0.06484375 0.07890625
0 0.66015625 0.52734375 0.09453125 0.1046875
0 0.709375 0.46015625 0.0609375 0.08359375
0 0.51875 0.52890625 0.0828125 0.07734375
0 0.5703125 0.46640625 0.07890625 0.07734375
6 0.8453125 0.5140625 0.05 0.06328125
9 0.675 0.8046875 0.04453125 0.07265625
9 0.7609375 0.896875 0.040625 0.0546875
9 0.77109375 0.97421875 0.0203125 0.0515625
9 0.734375 0.971875 0.0625 0.05625
9 0.70234375 0.88828125 0.0515625 0.059375
9 0.7125 0.94453125 0.03125 0.0515625
9 0.6453125 0.93671875 0.065625 0.0625
0 0.53359375 0.97421875 0.0515625 0.0515625