9 0.86328125 0.0546875 0.07109375 0.10234375
0 0.971875 0.06875 0.05625 0.05625
0 0.7375 0.02578125 0.053125 0.0515625
0 0.21796875 0.775 0.0859375 0.11484375
0 0.234375 0.68984375 0.1203125 0.0953125
0 0.2 0.8828125 0.05 0.10625
0 0.35 0.71875 0.09375 0.1171875
0 0.41796875 0.86796875 0.0828125 0.1328125
1 0.95625 0.6421875 0.08671875 0.08359375
1 0.6640625 0.98671875 0.134375 0.0265625
1 0.77578125 0.9078125 0.06640625 0.08515625
1 0.51953125 0.6171875 0.05390625 0.06328125
10 0.69453125 0.8359375 0.06328125 0.059375
10 0.74140625 0.5078125 0.06875 0.059375
10 0.5609375 0.80078125 0.06328125 0.08125
0 0.665625 0.62109375 0.1203125 0.06640625
9 0.85 0.8390625 0.06640625 0.0703125