9 0.378125 0.20078125 0.07734375 0.09140625
9 0.5890625 0.01796875 0.040625 0.0359375
9 0.621875 0.03359375 0.0625 0.0671875
1 0.459375 0.03515625 0.065625 0.0703125
1 0.3453125 0.153125 0.03125 0.046875
1 0.378125 0.11171875 0.05234375 0.07421875
1 0.3640625 0.00859375 0.0375 0.0171875
9 0.9265625 0.0640625 0.115625 0.128125
1 0.34453125 0.43203125 0.0296875 0.0484375
1 0.45625 0.365625 0.0359375 0.03359375
1 0.409375 0.38203125 0.040625 0.04140625
1 0.3484375 0.38203125 0.034375 0.04453125
9 0.97890625 0.34140625 0.0421875 0.0859375
0 0.95703125 0.453125 0.04296875 0.05390625
1 0.9109375 0.515625 0.04296875 0.04453125
11 0.41796875 0.9140625 0.096875 0.12265625
10 0.359375 0.97578125 0.059375 0.0484375
9 0.4359375 0.73671875 0.0515625 0.08046875
11 0.60234375 0.66875 0.1828125 0.21953125
11 0.58203125 0.8375 0.2625 0.2
10 0.78125 0.7078125 0.02109375 0.04765625
11 0.91015625 0.66484375 0.02578125 0.053125
11 0.9921875 0.69765625 0.015625 0.0453125
11 0.8453125 0.7359375 0.0390625 0.0609375
9 0.84296875 0.8125 0.02734375 0.07109375
1 0.896875 0.83046875 0.02578125 0.0765625
1 0.8734375 0.80234375 0.01953125 0.04453125
6 0.940625 0.84921875 0.02421875 0.0390625
6 0.9859375 0.76015625 0.028125 0.0359375