9 0.22265625 0.015625 0.1109375 0.03125
9 0.52734375 0.25859375 0.0453125 0.1015625
0 0.4625 0.0375 0.175 0.075
0 0.41640625 0.2125 0.05390625 0.0890625
5 0.70234375 0.309375 0.16640625 0.14765625
5 0.8375 0.415625 0.128125 0.046875
5 0.6734375 0.425 0.09375 0.028125
5 0.3078125 0.52734375 0.0859375 0.08984375
5 0.259375 0.59765625 0.0734375 0.08125
5 0.2203125 0.48125 0.0546875 0.0734375
1 0.271875 0.83125 0.08125 0.08515625
0 0.40546875 0.840625 0.1625 0.10390625
1 0.97109375 0.690625 0.0578125 0.065625
1 0.98359375 0.915625 0.0328125 0.0625
1 0.759375 0.8453125 0.04296875 0.03828125
1 0.7828125 0.80546875 0.0328125 0.034375
1 0.79140625 0.4921875 0.03984375 0.03203125
1 0.81015625 0.53828125 0.0515625 0.0359375
1 0.63828125 0.75078125 0.04609375 0.03515625