7 0.77109375 0.02734375 0.2140625 0.0546875
12 0.74921875 0.4203125 0.0390625 0.0375
12 0.80859375 0.4125 0.0390625 0.053125
12 0.86875 0.409375 0.09375 0.059375
0 0.44453125 0.4625 0.0390625 0.046875
0 0.37109375 0.5484375 0.0515625 0.090625
10 0.58046875 0.475 0.0484375 0.01796875
0 0.96015625 0.4609375 0.0671875 0.04375
10 0.50234375 0.90625 0.0265625 0.1125
1 0.703125 0.5453125 0.06640625 0.12265625
1 0.63984375 0.859375 0.06953125 0.0828125
1 0.5421875 0.9046875 0.0546875 0.06484375
11 0.92734375 0.77421875 0.10390625 0.10625
9 0.88046875 0.96171875 0.0703125 0.0765625