1 0.3828125 0.1890625 0.04609375 0.034375
8 0.27734375 0.24140625 0.05390625 0.04453125
10 0.0984375 0.2953125 0.01875 0.04921875
8 0.421875 0.39140625 0.05 0.07265625
8 0.42421875 0.53203125 0.0671875 0.065625
8 0.41015625 0.4875 0.0328125 0.03984375
8 0.45703125 0.446875 0.0296875 0.034375
10 0.571875 0.1796875 0.06171875 0.07734375
9 0.98359375 0.209375 0.0328125 0.128125
9 0.94453125 0.16484375 0.1078125 0.1234375
10 0.6640625 0.415625 0.065625 0.08515625
10 0.5859375 0.421875 0.06171875 0.05078125
10 0.69140625 0.57265625 0.0484375 0.0546875
0 0.52734375 0.49765625 0.0671875 0.071875
9 0.98515625 0.5453125 0.0296875 0.028125
6 0.9234375 0.46953125 0.03203125 0.03203125
6 0.93828125 0.54921875 0.0375 0.0375
6 0.97578125 0.5046875 0.040625 0.04375
6 0.9296875 0.4890625 0.03203125 0.0265625
10 0.20390625 0.80078125 0.06015625 0.07265625
10 0.3453125 0.740625 0.04140625 0.04609375
10 0.328125 0.775 0.03984375 0.0421875
11 0.0359375 0.9453125 0.0671875 0.0875
11 0.0921875 0.7296875 0.0640625 0.1
0 0.08515625 0.8984375 0.06015625 0.0734375
0 0.1609375 0.76875 0.05625 0.0671875
0 0.42890625 0.70078125 0.075 0.0765625
0 0.21171875 0.9171875 0.06015625 0.05625
0 0.35078125 0.63046875 0.0453125 0.0609375
0 0.1078125 0.61796875 0.034375 0.0359375
0 0.0234375 0.7828125 0.04140625 0.0625
10 0.47734375 0.9671875 0.0234375 0.065625
11 0.69609375 0.65625 0.04375 0.08984375
10 0.6984375 0.7203125 0.04140625 0.0171875
9 0.5765625 0.67109375 0.04375 0.0671875
9 0.6234375 0.6609375 0.0421875 0.0671875
11 0.7734375 0.8046875 0.07109375 0.14765625
4 0.53671875 0.9640625 0.0953125 0.071875
10 0.9765625 0.90625 0.046875 0.08125