1 0.50859375 0.046875 0.0828125 0.09375
10 0.35078125 0.11953125 0.06640625 0.05078125
10 0.33671875 0.51875 0.0484375 0.040625
10 0.2671875 0.2484375 0.05078125 0.09765625
1 0.3453125 0.2125 0.05234375 0.0953125
11 0.2625 0.3875 0.0703125 0.109375
0 0.1453125 0.509375 0.05625 0.059375
7 0.784375 0.10390625 0.10625 0.1
7 0.71015625 0.17734375 0.090625 0.084375
10 0.578125 0.046875 0.0453125 0.046875
1 0.9015625 0.42734375 0.0640625 0.09375
1 0.6484375 0.32421875 0.07109375 0.07265625
11 0.4953125 0.8171875 0.0828125 0.09375
9 0.528125 0.72890625 0.04375 0.0921875
9 0.37578125 0.64765625 0.0796875 0.0953125
9 0.5203125 0.5546875 0.059375 0.03125
9 0.47265625 0.69921875 0.075 0.08359375
9 0.36171875 0.55234375 0.0859375 0.0265625
1 0.0671875 0.97421875 0.05625 0.0515625
1 0.19296875 0.95390625 0.06484375 0.0765625
1 0.57890625 0.57734375 0.0578125 0.0765625
1 0.6453125 0.60078125 0.13671875 0.121875
1 0.5828125 0.7109375 0.065625 0.09375
1 0.7 0.78515625 0.040625 0.06171875
1 0.77421875 0.8640625 0.12265625 0.1046875
1 0.7734375 0.70078125 0.125 0.12109375
1 0.65859375 0.7046875 0.10703125 0.121875
1 0.89140625 0.825 0.1046875 0.1265625