1 0.1921875 0.02265625 0.09375 0.0453125
1 0.13828125 0.04921875 0.08046875 0.0765625
1 0.03203125 0.08671875 0.0640625 0.0953125
1 0.11171875 0.01328125 0.0859375 0.0265625
8 0.26875 0.08046875 0.084375 0.08984375
1 0.20859375 0.48984375 0.0859375 0.0390625
1 0.19375 0.39609375 0.09765625 0.0875
1 0.23203125 0.32578125 0.05078125 0.0609375
1 0.12421875 0.41953125 0.04921875 0.0625
1 0.05625 0.41171875 0.05859375 0.053125
1 0.04453125 0.4734375 0.053125 0.0546875
1 0.11796875 0.4921875 0.0453125 0.034375
0 0.44296875 0.63359375 0.0734375 0.1078125
12 0.16484375 0.9796875 0.1453125 0.040625
1 0.74140625 0.7515625 0.121875 0.0921875
0 0.51328125 0.56328125 0.0671875 0.1078125