1 0.09921875 0.034375 0.0859375 0.06875
1 0.015625 0.01328125 0.03125 0.0265625
1 0.078125 0.08984375 0.0453125 0.0609375
1 0.01796875 0.084375 0.0359375 0.06875
10 0.475 0.2 0.04921875 0.071875
11 0.39921875 0.05390625 0.0703125 0.1078125
0 0.2828125 0.1890625 0.05625 0.0875
1 0.36953125 0.26640625 0.0578125 0.0265625
1 0.2046875 0.85703125 0.05390625 0.05546875
1 0.09921875 0.9109375 0.03125 0.0765625
5 0.17578125 0.33515625 0.08203125 0.08515625
5 0.18984375 0.5328125 0.04765625 0.09609375
1 0.01015625 0.84453125 0.0203125 0.0703125
0 0.65234375 0.90546875 0.0546875 0.08359375
1 0.63046875 0.34921875 0.04140625 0.05
8 0.74296875 0.2984375 0.0453125 0.0375