1 0.07109375 0.0703125 0.1421875 0.140625
9 0.52265625 0.2640625 0.1 0.11484375
0 0.50234375 0.05078125 0.1546875 0.1015625
0 0.41953125 0.18203125 0.07890625 0.09765625
1 0.55546875 0.4421875 0.0484375 0.09375
0 0.9875 0.29375 0.025 0.065625
0 0.6734375 0.0328125 0.084375 0.065625
10 0.09609375 0.80078125 0.0484375 0.11328125
9 0.54765625 0.54296875 0.0640625 0.1078125
9 0.48046875 0.74921875 0.0421875 0.12421875
9 0.60546875 0.59609375 0.0515625 0.1171875
0 0.653125 0.9546875 0.084375 0.090625
0 0.97421875 0.95625 0.0515625 0.084375
0 0.909375 0.97109375 0.04375 0.0578125
0 0.84921875 0.81328125 0.09453125 0.0796875
0 0.66875 0.76875 0.06171875 0.1