9 0.12578125 0.2015625 0.1 0.17109375
9 0.1421875 0.01640625 0.125 0.0328125
9 0.275 0.08515625 0.090625 0.115625
1 0.025 0.175 0.05 0.078125
1 0.1484375 0.30234375 0.1046875 0.05546875
10 0.55546875 0.1 0.05703125 0.0671875
10 0.60234375 0.16171875 0.04375 0.07109375
10 0.5265625 0.178125 0.034375 0.065625
9 0.55859375 0.32265625 0.0984375 0.1078125
9 0.303125 0.41953125 0.06875 0.0390625
1 0.29375 0.55546875 0.03984375 0.08046875
10 0.17421875 0.64296875 0.08125 0.03203125
1 0.54375 0.6859375 0.06875 0.103125
1 0.83671875 0.96796875 0.0921875 0.0640625
1 0.828125 0.74453125 0.0625 0.059375
1 0.83046875 0.834375 0.08046875 0.078125
1 0.93359375 0.675 0.0484375 0.04609375
1 0.77421875 0.6453125 0.040625 0.06640625
1 0.64375 0.52734375 0.06875 0.06640625
1 0.67421875 0.80625 0.0484375 0.06875