0 0.09140625 0.15390625 0.03515625 0.17265625
0 0.01640625 0.278125 0.0328125 0.1359375
1 0.13203125 0.02265625 0.0140625 0.0453125
1 0.1265625 0.09921875 0.01640625 0.0765625
1 0.0234375 0.4921875 0.0203125 0.0765625
10 0.42734375 0.325 0.0578125 0.075
10 0.50546875 0.265625 0.0265625 0.071875
1 0.50625 0.15703125 0.025 0.0796875
1 0.340625 0.38828125 0.05 0.05703125
1 0.2375 0.03671875 0.03203125 0.07109375
1 0.4828125 0.39140625 0.0625 0.0796875
1 0.33671875 0.61328125 0.06015625 0.0171875
1 0.40546875 0.61953125 0.0453125 0.0109375
1 0.36953125 0.63046875 0.03984375 0.01484375
1 0.46640625 0.596875 0.04609375 0.01796875
12 0.5703125 0.07734375 0.103125 0.1421875
12 0.74765625 0.19765625 0.26171875 0.15625
8 0.8296875 0.31796875 0.121875 0.1125
8 0.95546875 0.07734375 0.0890625 0.1359375
10 0.38203125 0.6640625 0.0828125 0.05
9 0.4703125 0.6828125 0.0625 0.071875
1 0.21015625 0.98125 0.0890625 0.0375
1 0.42890625 0.9109375 0.02109375 0.059375
0 0.040625 0.984375 0.08125 0.03125
6 0.4671875 0.89140625 0.05546875 0.16015625
6 0.48046875 0.8484375 0.0765625 0.1125