4 0.303125 0.13828125 0.1375 0.17578125
6 0.21796875 0.23515625 0.11015625 0.1203125
9 0.975 0.1484375 0.05 0.084375
10 0.934375 0.05859375 0.06640625 0.09375
10 0.9875 0.06640625 0.025 0.0734375
10 0.915625 0.1203125 0.040625 0.06796875
10 0.8203125 0.38125 0.0609375 0.08984375
1 0.884375 0.35078125 0.02734375 0.053125
1 0.83125 0.2328125 0.03984375 0.03828125
1 0.16328125 0.51640625 0.06796875 0.103125
0 0.3609375 0.48203125 0.05625 0.0453125
0 0.4234375 0.57265625 0.06796875 0.06953125
0 0.50234375 0.73515625 0.0328125 0.0390625
10 0.0625 0.8109375 0.125 0.1125
10 0.0328125 0.965625 0.065625 0.06875