8 0.05234375 0.225 0.04453125 0.04765625
8 0.01953125 0.28984375 0.0390625 0.0453125
8 0.02109375 0.24921875 0.040625 0.04140625
8 0.1046875 0.19140625 0.05078125 0.04609375
8 0.1515625 0.22109375 0.040625 0.04453125
8 0.00703125 0.32890625 0.0140625 0.0515625
8 0.1375 0.20390625 0.0375 0.03515625
8 0.2296875 0.2015625 0.0546875 0.0484375
8 0.23203125 0.23203125 0.0546875 0.0515625
8 0.1640625 0.26796875 0.08359375 0.07265625
8 0.109375 0.234375 0.06875 0.0609375
8 0.07578125 0.20078125 0.053125 0.0484375
8 0.04609375 0.3609375 0.03359375 0.03359375
1 0.5109375 0.30546875 0.021875 0.1265625
9 0.66328125 0.23828125 0.1890625 0.25625
9 0.16796875 0.696875 0.05703125 0.046875
9 0.15 0.52421875 0.05078125 0.04609375
9 0.3328125 0.828125 0.065625 0.065625