1 0.034375 0.31484375 0.04296875 0.0609375
1 0.00390625 0.17890625 0.0078125 0.0328125
1 0.0203125 0.09921875 0.03828125 0.04453125
9 0.04453125 0.1828125 0.0234375 0.053125
9 0.465625 0.23984375 0.07734375 0.103125
0 0.33046875 0.25078125 0.09140625 0.16953125
9 0.72890625 0.26484375 0.03046875 0.15625
9 0.665625 0.26484375 0.06484375 0.16796875
1 0.8296875 0.10234375 0.06796875 0.0921875
1 0.85078125 0.01484375 0.0390625 0.0296875
1 0.79453125 0.040625 0.03046875 0.06640625
1 0.853125 0.51796875 0.0375 0.0234375
1 0.7765625 0.403125 0.02265625 0.075
1 0.95625 0.05078125 0.034375 0.1015625
1 0.49765625 0.8 0.0890625 0.0890625
1 0.2609375 0.55703125 0.075 0.0546875
1 0.734375 0.5484375 0.053125 0.0375
1 0.98203125 0.953125 0.0359375 0.0875
10 0.8171875 0.85390625 0.0609375 0.0640625
10 0.68515625 0.92421875 0.059375 0.05546875