1 0.165625 0.00859375 0.05 0.0171875
1 0.1203125 0.04296875 0.0453125 0.040625
0 0.41171875 0.1046875 0.0140625 0.05625
8 0.3546875 0.01796875 0.053125 0.0359375
8 0.29453125 0.2171875 0.028125 0.0359375
1 0.08203125 0.30703125 0.02578125 0.05625
1 0.04453125 0.31875 0.0296875 0.06015625
9 0.91640625 0.0140625 0.0734375 0.028125
4 0.30234375 0.86796875 0.05625 0.09140625
11 0.18984375 0.71484375 0.03984375 0.08359375
10 0.17890625 0.6390625 0.0375 0.03671875
9 0.34609375 0.7703125 0.03125 0.04375
9 0.30703125 0.6765625 0.040625 0.0578125
9 0.26171875 0.69375 0.03984375 0.059375
9 0.86875 0.71328125 0.11484375 0.115625
0 0.834375 0.871875 0.17734375 0.12421875
1 0.61171875 0.8328125 0.08359375 0.075
1 0.7484375 0.63125 0.05078125 0.0578125
8 0.815625 0.96171875 0.03515625 0.04296875
5 0.5796875 0.9734375 0.065625 0.053125
5 0.48828125 0.98671875 0.0203125 0.0265625