9 0.30546875 0.3515625 0.0734375 0.10546875
0 0.403125 0.303125 0.09609375 0.165625
0 0.7984375 0.23203125 0.09140625 0.1359375
0 0.615625 0.340625 0.0859375 0.1078125
1 0.89765625 0.11953125 0.03671875 0.04609375
1 0.8859375 0.18359375 0.04296875 0.05859375
1 0.63984375 0.5 0.0515625 0.05859375
0 0.53046875 0.496875 0.0609375 0.06484375
10 0.171875 0.8265625 0.07734375 0.109375
10 0.3484375 0.61171875 0.0734375 0.09296875
1 0.08125 0.66171875 0.05234375 0.07109375
1 0.16484375 0.62421875 0.0515625 0.06484375
1 0.26015625 0.978125 0.0640625 0.04375
1 0.35859375 0.9875 0.065625 0.025
0 0.3609375 0.76953125 0.0703125 0.09140625
0 0.309375 0.79140625 0.084375 0.121875
0 0.26484375 0.63984375 0.1265625 0.15
0 0.2546875 0.9109375 0.1609375 0.175
0 0.43203125 0.61875 0.1359375 0.178125
9 0.7140625 0.8109375 0.1265625 0.1703125
9 0.56171875 0.96875 0.1109375 0.0625
0 0.60390625 0.8609375 0.1 0.1453125