0 0.2015625 0.0359375 0.03125 0.0703125
1 0.45390625 0.1484375 0.05625 0.0421875
1 0.5109375 0.15546875 0.0296875 0.028125
1 0.32265625 0.0265625 0.0546875 0.053125
11 0.1859375 0.528125 0.07890625 0.15625
10 0.01796875 0.528125 0.0359375 0.071875
10 0.1203125 0.64765625 0.04375 0.0640625
10 0.12265625 0.49296875 0.04375 0.08046875
1 0.0359375 0.184375 0.0546875 0.0296875
9 0.41484375 0.53125 0.07890625 0.0921875
9 0.565625 0.47734375 0.06875 0.0609375
1 0.57734375 0.24375 0.0453125 0.084375
1 0.5703125 0.3734375 0.03125 0.0484375
1 0.59453125 0.36015625 0.0109375 0.0671875
1 0.565625 0.58671875 0.05625 0.0359375
1 0.51875 0.59140625 0.040625 0.0421875
1 0.53515625 0.2875 0.03203125 0.05390625
1 0.52734375 0.39140625 0.03359375 0.07578125
1 0.33515625 0.63515625 0.03203125 0.05390625
10 0.29921875 0.28515625 0.05078125 0.08203125
1 0.51875 0.646875 0.025 0.03828125
1 0.4578125 0.19765625 0.04765625 0.05625
1 0.40546875 0.18359375 0.03828125 0.028125
1 0.47578125 0.3046875 0.02421875 0.04375
12 0.68984375 0.3640625 0.1796875 0.153125
8 0.8265625 0.0296875 0.05625 0.059375