9 0.271875 0.21953125 0.06484375 0.10078125
9 0.3125 0.4453125 0.209375 0.16875
1 0.078125 0.16484375 0.07578125 0.09609375
1 0.0328125 0.2484375 0.065625 0.103125
11 0.0875 0.36875 0.134375 0.16953125
10 0.10234375 0.2640625 0.06953125 0.103125
1 0.79609375 0.384375 0.09375 0.065625
1 0.696875 0.409375 0.04453125 0.08125
1 0.9828125 0.21171875 0.034375 0.0703125
9 0.67890625 0.15859375 0.09140625 0.1078125
9 0.48671875 0.86015625 0.0625 0.1140625
9 0.25 0.85078125 0.04453125 0.0671875
1 0.02265625 0.9859375 0.0453125 0.028125
1 0.1359375 0.834375 0.0546875 0.0421875
1 0.128125 0.6015625 0.04140625 0.1
1 0.4140625 0.83203125 0.0359375 0.0828125
10 0.35703125 0.75390625 0.06796875 0.07734375
1 0.6015625 0.8265625 0.03984375 0.03984375
1 0.5984375 0.875 0.04375 0.0515625
1 0.675 0.70234375 0.02734375 0.0546875
1 0.6734375 0.7578125 0.0296875 0.05
1 0.56640625 0.67734375 0.0140625 0.0421875
1 0.57578125 0.76015625 0.0328125 0.0484375
1 0.57890625 0.590625 0.0390625 0.053125
1 0.63984375 0.55390625 0.0703125 0.0484375
1 0.61796875 0.7390625 0.04765625 0.04765625
1 0.66953125 0.6546875 0.0390625 0.0390625
1 0.63515625 0.67421875 0.06875 0.05859375
1 0.65234375 0.65 0.00390625 0.00234375
1 0.63671875 0.59765625 0.0609375 0.06015625
10 0.96328125 0.5609375 0.0734375 0.0625
1 0.88125 0.7109375 0.06640625 0.08125