1 0.05859375 0.08984375 0.04453125 0.03828125
5 0.41796875 0.1953125 0.0359375 0.109375
5 0.440625 0.3078125 0.071875 0.1640625
5 0.4796875 0.4484375 0.1421875 0.25078125
0 0.7921875 0.2984375 0.053125 0.14296875
0 0.934375 0.2484375 0.053125 0.10546875
1 0.7078125 0.3875 0.02265625 0.0453125
1 0.725 0.31796875 0.02578125 0.06015625
1 0.93984375 0.05 0.0328125 0.05859375
10 0.25546875 0.71328125 0.05859375 0.06640625
1 0.02109375 0.79609375 0.03515625 0.05
9 0.28671875 0.6859375 0.046875 0.06640625
5 0.109375 0.9671875 0.21875 0.065625