1 0.3359375 0.22734375 0.05390625 0.09609375
9 0.0890625 0.42890625 0.0828125 0.12109375
9 0.39375 0.34140625 0.05390625 0.08203125
0 0.62421875 0.1 0.0296875 0.153125
10 0.884375 0.4828125 0.09765625 0.06328125
9 0.8828125 0.56171875 0.07109375 0.04921875
9 0.68359375 0.41953125 0.075 0.0703125
1 0.7828125 0.5359375 0.10078125 0.05625
1 0.93984375 0.61796875 0.084375 0.046875
0 0.796875 0.1953125 0.15390625 0.08671875
9 0.96484375 0.55 0.0703125 0.075
10 0.7328125 0.84296875 0.13984375 0.13125
10 0.86875 0.953125 0.103125 0.09375