0 0.21015625 0.02890625 0.1078125 0.0578125
11 0.46796875 0.04296875 0.0921875 0.0296875
11 0.059375 0.2796875 0.08203125 0.15234375
10 0.2625 0.34921875 0.02578125 0.07265625
10 0.26015625 0.4671875 0.0296875 0.0703125
1 0.06640625 0.45546875 0.03203125 0.08203125
10 0.365625 0.3734375 0.10625 0.125
11 0.5328125 0.2328125 0.1125 0.171875
0 0.55625 0.48671875 0.065625 0.0859375
0 0.428125 0.31171875 0.09765625 0.12109375
0 0.4859375 0.0703125 0.06171875 0.025
1 0.0234375 0.778125 0.03984375 0.03984375
1 0.02109375 0.82578125 0.0421875 0.0515625
1 0.096875 0.65390625 0.02734375 0.0546875
1 0.0953125 0.709375 0.0296875 0.05
1 0.00703125 0.71171875 0.0140625 0.0484375
1 0.01015625 0.54921875 0.0203125 0.0390625
1 0.03984375 0.690625 0.04765625 0.04765625
1 0.09140625 0.60625 0.0390625 0.0390625
1 0.05703125 0.62578125 0.06875 0.05859375
1 0.07421875 0.6015625 0.00390625 0.00234375
1 0.05859375 0.55390625 0.0609375 0.0484375
11 0.54296875 0.68984375 0.0921875 0.11015625
1 0.303125 0.6625 0.06640625 0.08125