1 0.215625 0.321875 0.03125 0.02578125
1 0.18828125 0.39453125 0.04375 0.01796875
11 0.9734375 0.33125 0.053125 0.1
10 0.40625 0.30625 0.09765625 0.06328125
9 0.84375 0.009375 0.109375 0.01875
9 0.4046875 0.38515625 0.07109375 0.04921875
9 0.61640625 0.259375 0.14453125 0.11171875
1 0.3046875 0.359375 0.10078125 0.05625
1 0.46171875 0.44140625 0.084375 0.046875
0 0.31796875 0.03046875 0.1546875 0.0609375
0 0.746875 0.18203125 0.12734375 0.06640625
0 0.90078125 0.2890625 0.09765625 0.04609375
9 0.728125 0.34296875 0.16796875 0.10078125
9 0.5 0.37421875 0.0953125 0.075
9 0.959375 0.12109375 0.08125 0.1015625
1 0.01953125 0.62265625 0.0390625 0.0953125
0 0.20625 0.87265625 0.065625 0.0953125
9 0.228125 0.5765625 0.021875 0.034375
10 0.47109375 0.9796875 0.1421875 0.040625
9 0.284375 0.7046875 0.05546875 0.1078125
9 0.35859375 0.62578125 0.04296875 0.08984375
9 0.6828125 0.62421875 0.09140625 0.1
9 0.57265625 0.67421875 0.046875 0.0703125
9 0.6640625 0.5765625 0.090625 0.034375
0 0.47734375 0.8078125 0.06640625 0.109375
0 0.74921875 0.921875 0.084375 0.146875