0 0.1046875 0.1703125 0.075 0.19375
0 0.3328125 0.20234375 0.07890625 0.13828125
1 0.0078125 0.159375 0.015625 0.08125
1 0.578125 0.33828125 0.021875 0.0546875
1 0.3546875 0.4828125 0.0484375 0.07578125
0 0.490625 0.40546875 0.0875 0.11640625
0 0.55078125 0.38125 0.053125 0.1859375
1 0.61171875 0.0140625 0.0453125 0.028125
1 0.6453125 0.07578125 0.06796875 0.05625
1 0.59921875 0.36796875 0.0203125 0.0140625
1 0.59453125 0.29453125 0.0109375 0.0171875
9 0.95546875 0.09375 0.0890625 0.125
9 0.86328125 0.12265625 0.1296875 0.0890625
9 0.9703125 0.02265625 0.059375 0.0453125
1 0.18828125 0.58359375 0.05234375 0.065625
9 0.41640625 0.890625 0.03515625 0.0625
9 0.55546875 0.9046875 0.04453125 0.09140625
9 0.4859375 0.8890625 0.04921875 0.09609375
5 0.81953125 0.80625 0.0765625 0.14453125
5 0.84453125 0.95234375 0.06328125 0.07734375
1 0.71875 0.84765625 0.03984375 0.07890625
1 0.7578125 0.8546875 0.03125 0.07265625