10 0.275 0.21171875 0.071875 0.084375
1 0.3578125 0.22109375 0.03203125 0.05078125
1 0.34296875 0.06640625 0.04609375 0.07734375
10 0.5921875 0.0578125 0.065625 0.115625
10 0.759375 0.06015625 0.11171875 0.1171875
10 0.9109375 0.39296875 0.090625 0.12109375
1 0.9734375 0.39765625 0.053125 0.0703125
1 0.59921875 0.52890625 0.08125 0.04140625
10 0.390625 0.59296875 0.0734375 0.06875
10 0.4578125 0.75546875 0.0765625 0.0921875
1 0.60859375 0.60625 0.059375 0.07734375
1 0.75859375 0.75078125 0.05390625 0.06484375
1 0.67734375 0.56953125 0.04453125 0.03984375
0 0.9796875 0.9015625 0.040625 0.096875
0 0.85703125 0.86875 0.0640625 0.071875
0 0.93515625 0.9375 0.059375 0.0953125
0 0.69453125 0.87109375 0.0609375 0.0703125
0 0.57109375 0.7609375 0.02421875 0.07421875