11 0.1328125 0.09375 0.08203125 0.1078125
0 0.21875 0.01015625 0.078125 0.0203125
0 0.1828125 0.16328125 0.075 0.0546875
1 0.17421875 0.2171875 0.0375 0.053125
10 0.14609375 0.98671875 0.0828125 0.0265625
10 0.2390625 0.9375 0.04375 0.10546875
9 0.4125 0.934375 0.06796875 0.11796875
9 0.33359375 0.953125 0.0640625 0.09375
9 0.20078125 0.47734375 0.09375 0.1890625
1 0.12734375 0.80078125 0.05234375 0.07421875
1 0.37421875 0.47109375 0.07421875 0.08359375
10 0.853125 0.39140625 0.13984375 0.14375
1 0.6875 0.95234375 0.053125 0.0953125
0 0.5078125 0.51015625 0.06484375 0.09296875
0 0.5109375 0.73828125 0.07578125 0.0546875
8 0.9484375 0.75546875 0.103125 0.1140625
8 0.984375 0.915625 0.03125 0.14375