1 0.25 0.27421875 0.03125 0.05703125
1 0.028125 0.3078125 0.0375 0.0859375
1 0.46171875 0.26796875 0.034375 0.059375
5 0.4703125 0.32578125 0.0375 0.0484375
11 0.2625 0.38125 0.06328125 0.0609375
11 0.11328125 0.41796875 0.0515625 0.0234375
1 0.19375 0.36171875 0.0375 0.02265625
1 0.321875 0.40390625 0.034375 0.0515625
5 0.13046875 0.690625 0.1015625 0.09453125
5 0.02421875 0.696875 0.0484375 0.0625
0 0.34296875 0.9453125 0.0796875 0.109375
9 0.69921875 0.553125 0.0796875 0.0546875
1 0.5546875 0.55625 0.07734375 0.04765625
1 0.50625 0.57109375 0.034375 0.0171875
1 0.97265625 0.4515625 0.0546875 0.04375
1 0.8953125 0.5546875 0.05234375 0.05078125
1 0.9125 0.44375 0.084375 0.028125
9 0.7078125 0.84609375 0.09921875 0.0875
9 0.8921875 0.75078125 0.046875 0.09296875
0 0.88125 0.89609375 0.025 0.18984375
0 0.94453125 0.79296875 0.1109375 0.1296875