5 0.47109375 0.23984375 0.04296875 0.1546875
5 0.38671875 0.24453125 0.05859375 0.06640625
5 0.37109375 0.165625 0.05859375 0.07109375
5 0.40703125 0.015625 0.0671875 0.03125
5 0.259375 0.02890625 0.065625 0.0578125
5 0.43046875 0.0703125 0.04609375 0.09140625
9 0.5234375 0.565625 0.090625 0.06875
0 0.340625 0.8546875 0.02890625 0.08046875
0 0.3453125 0.76640625 0.03125 0.08046875
0 0.37421875 0.665625 0.0328125 0.090625
1 0.43203125 0.62421875 0.0359375 0.0484375
9 0.20234375 0.965625 0.0328125 0.06875
1 0.72421875 0.83984375 0.03984375 0.0953125
1 0.85703125 0.88125 0.046875 0.0734375