9 0.121875 0.01328125 0.0875 0.0265625
1 0.00546875 0.44375 0.0109375 0.0625
1 0.21953125 0.565625 0.0203125 0.028125
1 0.2421875 0.53359375 0.03515625 0.0203125
1 0.33828125 0.53125 0.03515625 0.0234375
1 0.25 0.55546875 0.04296875 0.025
1 0.30078125 0.55 0.05 0.0234375
1 0.2953125 0.525 0.03515625 0.0203125
1 0.40703125 0.86171875 0.06484375 0.06015625
1 0.43671875 0.7484375 0.078125 0.08671875
1 0.34296875 0.778125 0.046875 0.05625
1 0.33984375 0.71796875 0.0484375 0.0453125
1 0.26484375 0.690625 0.07421875 0.06796875
1 0.3765625 0.9703125 0.0875 0.059375
1 0.7859375 0.92265625 0.05234375 0.05
0 0.90625 0.921875 0.0609375 0.08828125
0 0.67890625 0.84140625 0.1171875 0.0828125
0 0.96640625 0.90078125 0.0515625 0.071875
0 0.82109375 0.95625 0.04296875 0.0453125