1 0.215625 0.41953125 0.05078125 0.1
1 0.4359375 0.27734375 0.071875 0.06484375
1 0.47578125 0.41953125 0.0671875 0.0484375
1 0.1546875 0.15703125 0.04921875 0.07265625
1 0.33515625 0.5609375 0.0453125 0.015625
1 0.11171875 0.4109375 0.04921875 0.0609375
1 0.38984375 0.171875 0.05546875 0.07578125
1 0.34140625 0.090625 0.05390625 0.0578125
1 0.26640625 0.42890625 0.04453125 0.0515625
1 0.53359375 0.0390625 0.0484375 0.021875
0 0.5453125 0.025 0.071875 0.05
1 0.64140625 0.03046875 0.03515625 0.0390625
1 0.81328125 0.37890625 0.0640625 0.103125
1 0.86875 0.28359375 0.0625 0.09453125
1 0.884375 0.12109375 0.0734375 0.07578125
1 0.9921875 0.6859375 0.015625 0.046875
0 0.73828125 0.9640625 0.1203125 0.071875
0 0.81796875 0.91015625 0.07890625 0.08828125