0 0.1640625 0.2359375 0.06796875 0.08671875
1 0.47109375 0.453125 0.0171875 0.065625
1 0.446875 0.4203125 0.046875 0.08359375
1 0.0921875 0.55859375 0.046875 0.0421875
9 0.4890625 0.36015625 0.01875 0.0703125
9 0.56015625 0.2140625 0.06953125 0.10390625
9 0.62265625 0.421875 0.0765625 0.11015625
9 0.5578125 0.390625 0.0609375 0.078125
9 0.55625 0.5515625 0.05625 0.05625
1 0.7921875 0.40859375 0.0421875 0.10234375
1 0.9234375 0.41484375 0.0421875 0.075
1 0.94765625 0.3234375 0.0453125 0.10546875
1 0.88203125 0.50078125 0.0421875 0.10234375