9 0.34140625 0.0734375 0.08359375 0.10390625
1 0.121875 0.390625 0.10703125 0.0953125
1 0.48984375 0.29609375 0.06796875 0.05625
1 0.53828125 0.2609375 0.0453125 0.05546875
1 0.41328125 0.4375 0.06796875 0.059375
9 0.60546875 0.39921875 0.0671875 0.0796875
9 0.27734375 0.9515625 0.0640625 0.096875
0 0.1546875 0.93359375 0.075 0.1328125
7 0.5328125 0.93671875 0.084375 0.1265625
7 0.49765625 0.759375 0.0421875 0.22890625
7 0.59140625 0.6203125 0.0953125 0.078125
9 0.86640625 0.86875 0.1359375 0.13515625
1 0.9890625 0.7328125 0.021875 0.109375
0 0.68515625 0.7796875 0.0921875 0.115625