1 0.009375 0.11015625 0.01875 0.0890625
9 0.50390625 0.01953125 0.0484375 0.0390625
9 0.63203125 0.0484375 0.075 0.04453125
9 0.728125 0.34296875 0.0703125 0.0796875
9 0.5125 0.0953125 0.065625 0.078125
1 0.86484375 0.1328125 0.0609375 0.06640625
1 0.6015625 0.10625 0.0703125 0.053125
9 0.61796875 0.35078125 0.0703125 0.07265625
0 0.65625 0.25703125 0.1421875 0.084375
0 0.68828125 0.16796875 0.16015625 0.13828125
0 0.66796875 0.0140625 0.1828125 0.028125
1 0.4953125 0.159375 0.03125 0.059375
10 0.01484375 0.80390625 0.0296875 0.0859375
11 0.10546875 0.6 0.0671875 0.0625
11 0.278125 0.7671875 0.14140625 0.15703125
10 0.88046875 0.6328125 0.0703125 0.0328125
10 0.503125 0.97109375 0.046875 0.0578125