1 0.365625 0.025 0.053125 0.05
0 0.2390625 0.06328125 0.12890625 0.08828125
9 0.10625 0.3953125 0.0375 0.109375
1 0.05078125 0.43203125 0.0546875 0.0359375
1 0.11484375 0.33203125 0.021875 0.05703125
9 0.4953125 0.25546875 0.09375 0.08203125
10 0.53125 0.12734375 0.065625 0.0390625
11 0.184375 0.33671875 0.09765625 0.17265625
11 0.36953125 0.42109375 0.0703125 0.0578125
11 0.5296875 0.3359375 0.078125 0.1125
1 0.58203125 0.18515625 0.0265625 0.0578125
1 0.97109375 0.13984375 0.04375 0.04296875
1 0.97265625 0.08984375 0.0421875 0.03984375
0 0.87109375 0.02890625 0.0734375 0.0578125
9 0.53203125 0.5578125 0.0625 0.06875
9 0.44296875 0.45625 0.0453125 0.0125
10 0.19375 0.98203125 0.090625 0.0359375
0 0.5359375 0.91796875 0.065625 0.0734375
9 0.853125 0.534375 0.07421875 0.06796875
9 0.70703125 0.66015625 0.11875 0.13046875
10 0.753125 0.78515625 0.10625 0.10859375
1 0.60703125 0.61796875 0.06484375 0.04453125
0 0.90859375 0.9140625 0.07265625 0.06953125
0 0.7203125 0.8984375 0.08671875 0.0890625
0 0.87890625 0.97578125 0.0765625 0.0484375
0 0.91171875 0.796875 0.09140625 0.0875