9 0.184375 0.29609375 0.16875 0.1078125
1 0.03515625 0.01484375 0.0609375 0.0296875
1 0.13828125 0.090625 0.04453125 0.04375
9 0.2609375 0.19765625 0.015625 0.1234375
10 0.03828125 0.746875 0.0765625 0.078125
10 0.0125 0.92578125 0.025 0.1015625
1 0.11875 0.66640625 0.046875 0.05078125
10 0.61796875 0.365625 0.0703125 0.03125
0 0.97109375 0.8546875 0.0578125 0.175
0 0.7609375 0.8171875 0.0890625 0.13125
0 0.459375 0.78125 0.01875 0.08515625
1 0.4953125 0.8546875 0.05 0.05703125
0 0.5875 0.934375 0.09609375 0.11796875
0 0.53046875 0.8984375 0.06796875 0.16171875