1 0.59609375 0.03515625 0.0265625 0.0703125
4 0.1171875 0.37890625 0.15703125 0.1578125
1 0.0921875 0.5078125 0.04921875 0.05625
0 0.15859375 0.45 0.07734375 0.0546875
9 0.1421875 0.54765625 0.04921875 0.07109375
5 0.5140625 0.5609375 0.09765625 0.15234375
5 0.56796875 0.55234375 0.0828125 0.1046875
5 0.59296875 0.6171875 0.0328125 0.078125
5 0.5609375 0.37890625 0.096875 0.1171875
1 0.58515625 0.2921875 0.0484375 0.071875
5 0.72421875 0.0671875 0.0734375 0.134375
5 0.98515625 0.24296875 0.0296875 0.1359375
5 0.90546875 0.2515625 0.07421875 0.10078125
5 0.97578125 0.03359375 0.0484375 0.0671875
9 0.078125 0.87734375 0.06171875 0.07421875
9 0.0265625 0.871875 0.053125 0.084375
9 0.021875 0.7171875 0.04375 0.05625
9 0.2125 0.69921875 0.071875 0.0203125
9 0.15 0.80625 0.05546875 0.09609375