9 0.21796875 0.0625 0.04609375 0.06953125
1 0.1296875 0.1015625 0.05 0.0484375
1 0.34921875 0.04375 0.03359375 0.08125
10 0.31875 0.12421875 0.06484375 0.0828125
0 0.07265625 0.371875 0.09375 0.13984375
0 0.2921875 0.29140625 0.090625 0.10703125
10 0.546875 0.18984375 0.025 0.0171875
9 0.5140625 0.225 0.0515625 0.065625
0 0.753125 0.0671875 0.1078125 0.1
11 0.98203125 0.10234375 0.0359375 0.0296875
11 0.6015625 0.3390625 0.08203125 0.15234375
10 0.8046875 0.40859375 0.02578125 0.07265625
10 0.80234375 0.51484375 0.0296875 0.0484375
1 0.6078125 0.50625 0.03125 0.065625
10 0.9078125 0.4328125 0.10625 0.125
0 0.96015625 0.3703125 0.0796875 0.121875