1 0.02890625 0.26796875 0.0578125 0.0703125
1 0.284375 0.28984375 0.07578125 0.0640625
1 0.0234375 0.3484375 0.0375 0.04453125
10 0.03671875 0.44921875 0.0734375 0.0203125
11 0.025 0.65 0.05 0.05625
11 0.0734375 0.61484375 0.09140625 0.04921875
11 0.1015625 0.6546875 0.096875 0.04453125
0 0.28203125 0.5875 0.0875 0.04296875
0 0.16015625 0.54765625 0.08359375 0.03984375
0 0.08671875 0.47421875 0.0890625 0.04921875
0 0.0078125 0.54609375 0.015625 0.0390625
9 0.48046875 0.6375 0.05234375 0.0578125
11 0.465625 0.6890625 0.12265625 0.0625
11 0.38125 0.5546875 0.05 0.0609375
10 0.36015625 0.62890625 0.02578125 0.0640625
9 0.3953125 0.51015625 0.0515625 0.0578125
9 0.353125 0.575 0.0109375 0.059375
11 0.15546875 0.93515625 0.07265625 0.0828125
11 0.26484375 0.93984375 0.1078125 0.10078125
11 0.0671875 0.9046875 0.0890625 0.0890625
10 0.1890625 0.9734375 0.05625 0.053125
9 0.4546875 0.74140625 0.05234375 0.04296875
9 0.4578125 0.96640625 0.06875 0.0671875
10 0.49453125 0.90703125 0.0484375 0.0546875
10 0.39375 0.93828125 0.04609375 0.05625
10 0.35859375 0.740625 0.02265625 0.04140625
11 0.35390625 0.86953125 0.01328125 0.1234375