1 0.0265625 0.353125 0.053125 0.115625
1 0.125 0.0546875 0.0859375 0.0984375
10 0.04609375 0.0609375 0.05234375 0.08203125
1 0.2109375 0.22109375 0.02578125 0.08671875
1 0.3140625 0.31875 0.06484375 0.0765625
1 0.303125 0.1515625 0.053125 0.07890625
1 0.3796875 0.2171875 0.05703125 0.075
1 0.48125 0.26171875 0.06015625 0.0671875
1 0.53203125 0.20703125 0.07578125 0.08046875
1 0.43359375 0.15859375 0.05078125 0.05859375
1 0.39296875 0.0515625 0.1609375 0.103125
1 0.21640625 0.02890625 0.0390625 0.0578125
0 0.27265625 0.25078125 0.0609375 0.0984375