8 0.09375 0.28671875 0.12109375 0.1
8 0.29609375 0.4453125 0.0921875 0.1
8 0.22890625 0.4609375 0.08203125 0.06640625
8 0.009375 0.24140625 0.01875 0.0640625
12 0.21640625 0.12578125 0.1375 0.125
12 0.29765625 0.11015625 0.08828125 0.15703125
12 0.059375 0.17109375 0.11875 0.1015625
10 0.621875 0.12109375 0.05078125 0.103125
10 0.59140625 0.21953125 0.0640625 0.11015625
10 0.37421875 0.15 0.0484375 0.134375
10 0.48515625 0.31171875 0.07421875 0.078125
1 0.40625 0.496875 0.05078125 0.02890625
1 0.478125 0.2234375 0.065625 0.08984375
10 0.48828125 0.40234375 0.08046875 0.103125
11 0.7796875 0.45390625 0.04609375 0.1140625
11 0.859375 0.41015625 0.0921875 0.08046875
11 0.81640625 0.33984375 0.07578125 0.0765625
0 0.67109375 0.27734375 0.04765625 0.1234375
0 0.93125 0.08359375 0.084375 0.1671875
0 0.8484375 0.1796875 0.1765625 0.18359375
9 0.8578125 0.28515625 0.028125 0.0515625
9 0.87421875 0.01640625 0.0421875 0.0328125
9 0.7265625 0.33828125 0.05234375 0.071875
1 0.1859375 0.7171875 0.08984375 0.0828125