10 0.07890625 0.0515625 0.09921875 0.103125
10 0.33203125 0.18828125 0.0640625 0.084375
10 0.025 0.28828125 0.05 0.07578125
10 0.4 0.265625 0.09296875 0.09140625
1 0.08203125 0.4015625 0.04765625 0.05703125
9 0.46796875 0.221875 0.0625 0.0859375
11 0.77421875 0.1546875 0.11484375 0.1375
11 0.775 0.296875 0.04921875 0.05
11 0.67734375 0.32109375 0.04765625 0.0515625
11 0.68671875 0.20859375 0.04609375 0.07890625
11 0.8609375 0.2953125 0.04140625 0.0328125
11 0.9125 0.2578125 0.03828125 0.0671875
9 0.5171875 0.4046875 0.03671875 0.05
9 0.72421875 0.384375 0.05 0.06171875
1 0.66484375 0.11484375 0.04609375 0.05703125
1 0.33125 0.4765625 0.08125 0.07734375
1 0.43125 0.56328125 0.05625 0.07890625
4 0.16015625 0.61171875 0.14375 0.16171875
9 0.3375 0.934375 0.125 0.13046875
0 0.3484375 0.80234375 0.10234375 0.1046875
1 0.3984375 0.67578125 0.09453125 0.11484375
1 0.23046875 0.46015625 0.10703125 0.06171875
9 0.69609375 0.96015625 0.0546875 0.053125
11 0.79375 0.85546875 0.05 0.05703125
10 0.8515625 0.9234375 0.0703125 0.05703125
10 0.52265625 0.52265625 0.04765625 0.0515625
10 0.57109375 0.6359375 0.053125 0.05703125
1 0.92890625 0.4546875 0.0625 0.05
1 0.75 0.47421875 0.053125 0.065625
1 0.72109375 0.65703125 0.03984375 0.053125
9 0.78984375 0.6609375 0.053125 0.07578125
9 0.50703125 0.89140625 0.015625 0.05859375
9 0.77265625 0.8125 0.053125 0.053125
9 0.59375 0.58984375 0.0703125 0.06328125
9 0.6046875 0.9578125 0.04765625 0.0671875
9 0.85 0.86875 0.04765625 0.05703125
9 0.8828125 0.63515625 0.053125 0.0515625
9 0.6953125 0.71640625 0.04765625 0.06015625