1 0.01640625 0.69765625 0.0328125 0.0234375
1 0.11953125 0.5125 0.05 0.05
1 0.1640625 0.37421875 0.07109375 0.03359375
1 0.06015625 0.31953125 0.0453125 0.05
9 0.0125 0.28203125 0.025 0.0921875
9 0.80390625 0.3609375 0.0625 0.06875
1 0.88828125 0.12421875 0.10546875 0.121875
1 0.959375 0.0125 0.04375 0.025
1 0.921875 0.00859375 0.0375 0.0171875
1 0.8015625 0.22734375 0.04140625 0.04453125
9 0.92265625 0.428125 0.03671875 0.034375
9 0.8625 0.25859375 0.03671875 0.0359375
9 0.92265625 0.3140625 0.04765625 0.04765625
9 0.92109375 0.346875 0.04140625 0.04453125
9 0.98515625 0.03125 0.0296875 0.0625
9 0.715625 0.24609375 0.04453125 0.03984375
9 0.75703125 0.02734375 0.0546875 0.0546875
9 0.946875 0.21796875 0.04765625 0.04453125
0 0.8203125 0.696875 0.090625 0.025
0 0.94296875 0.68671875 0.1140625 0.0453125
1 0.95 0.78671875 0.1 0.0671875