1 0.12109375 0.01640625 0.0421875 0.0328125
1 0.02890625 0.00625 0.0296875 0.0125
5 0.06953125 0.4109375 0.0515625 0.0765625
11 0.525 0.17734375 0.0875 0.0671875
10 0.2734375 0.0953125 0.08359375 0.1109375
10 0.23984375 0.240625 0.04765625 0.05546875
9 0.20234375 0.11640625 0.046875 0.0890625
9 0.525 0.13125 0.0875 0.16875
1 0.5109375 0.2875 0.06015625 0.0890625
1 0.403125 0.1046875 0.05546875 0.0625
1 0.4640625 0.16484375 0.0359375 0.05546875
1 0.31796875 0.2453125 0.03671875 0.04609375
10 0.96484375 0.10546875 0.0703125 0.0890625
0 0.86875 0.0625 0.10703125 0.0640625
0 0.83984375 0.4140625 0.1046875 0.109375
0 0.85546875 0.23359375 0.065625 0.125
1 0.14453125 0.9765625 0.0671875 0.046875
1 0.0703125 0.96875 0.05 0.053125
1 0.11015625 0.57421875 0.0390625 0.0484375
10 0.746875 0.74296875 0.05390625 0.05703125
9 0.6203125 0.62734375 0.0703125 0.0671875
9 0.58828125 0.76328125 0.0390625 0.0671875
10 0.98046875 0.540625 0.0390625 0.14375
1 0.8109375 0.55 0.0625 0.10859375
1 0.88125 0.9734375 0.059375 0.053125
1 0.8515625 0.7140625 0.03046875 0.0609375
1 0.92890625 0.6921875 0.03359375 0.0515625
1 0.9515625 0.6390625 0.03828125 0.0671875
1 0.99453125 0.7296875 0.0109375 0.1
11 0.94921875 0.93671875 0.06953125 0.10234375
9 0.88515625 0.725 0.05625 0.10234375
1 0.99375 0.81640625 0.0125 0.1109375
11 0.903125 0.89765625 0.0609375 0.090625