3 0.3203125 0.27421875 0.11171875 0.11953125
4 0.05859375 0.4859375 0.0453125 0.06796875
4 0.0953125 0.55078125 0.0546875 0.07265625
0 0.47578125 0.7921875 0.0765625 0.08046875
0 0.4296875 0.4765625 0.0359375 0.06953125
9 0.57265625 0.61171875 0.08828125 0.1109375
9 0.48203125 0.56484375 0.08046875 0.1046875
9 0.6046875 0.675 0.05 0.10625
9 0.52421875 0.73984375 0.03828125 0.06796875
1 0.03203125 0.89609375 0.0640625 0.1296875
10 0.8125 0.5734375 0.05 0.05703125
10 0.7859375 0.71875 0.059375 0.028125
10 0.70546875 0.59609375 0.04296875 0.04453125
11 0.784375 0.64765625 0.0921875 0.0796875
11 0.6828125 0.7015625 0.078125 0.0625
11 0.65390625 0.6953125 0.0484375 0.075
11 0.95703125 0.60703125 0.0859375 0.0828125
10 0.78515625 0.915625 0.1578125 0.16875
9 0.965625 0.865625 0.06875 0.125