5 0.22109375 0.0625 0.1078125 0.125
5 0.0078125 0.06484375 0.015625 0.1296875
5 0.1140625 0.25546875 0.0453125 0.06640625
5 0.2171875 0.471875 0.153125 0.05625
5 0.06015625 0.48828125 0.1203125 0.0234375
5 0.28671875 0.27578125 0.153125 0.22734375
5 0.190625 0.21171875 0.0609375 0.1125
5 0.06015625 0.15390625 0.1203125 0.2421875
5 0.04140625 0.0234375 0.0828125 0.046875
5 0.31640625 0.49140625 0.0828125 0.0171875
9 0.98359375 0.265625 0.0328125 0.096875
9 0.46796875 0.284375 0.08046875 0.0765625
0 0.4984375 0.421875 0.084375 0.07265625
0 0.80625 0.24296875 0.12265625 0.0953125
0 0.92890625 0.38046875 0.084375 0.0671875
0 0.52734375 0.2125 0.11875 0.0953125
9 0.16015625 0.53359375 0.0671875 0.0671875
3 0.015625 0.93203125 0.03125 0.1265625
9 0.43984375 0.9734375 0.0640625 0.053125
9 0.93828125 0.5515625 0.1234375 0.103125
9 0.7515625 0.6078125 0.059375 0.06796875
10 0.77578125 0.703125 0.06328125 0.07578125
10 0.89609375 0.9734375 0.0484375 0.053125
10 0.9328125 0.525 0.046875 0.05
10 0.7171875 0.5546875 0.03671875 0.06796875
10 0.6890625 0.57109375 0.03359375 0.06640625
10 0.65625 0.55 0.03828125 0.07109375
10 0.628125 0.80390625 0.03828125 0.0578125
10 0.6828125 0.81328125 0.040625 0.06328125
10 0.71796875 0.66796875 0.03984375 0.0609375
10 0.58984375 0.94140625 0.03359375 0.06640625
10 0.78984375 0.9578125 0.0296875 0.059375
10 0.53203125 0.9765625 0.0453125 0.046875
10 0.8078125 0.6609375 0.03671875 0.05625
1 0.7703125 0.7796875 0.053125 0.0578125