9 0.20546875 0.01640625 0.0828125 0.0328125
9 0.078125 0.0171875 0.065625 0.034375
9 0.09453125 0.11484375 0.07734375 0.09140625
9 0.16640625 0.0390625 0.07109375 0.0703125
10 0.3078125 0.20546875 0.05078125 0.04375
9 0.08984375 0.19453125 0.04921875 0.04921875
9 0.309375 0.2796875 0.07109375 0.09453125
0 0.1875 0.28828125 0.08515625 0.1125
1 0.978125 0.03671875 0.040625 0.06328125
0 0.2390625 0.50625 0.0671875 0.0953125
0 0.13046875 0.47421875 0.05234375 0.07890625
0 0.08203125 0.54453125 0.07578125 0.10859375
0 0.4265625 0.6078125 0.071875 0.0875
0 0.36796875 0.61484375 0.05 0.1015625
0 0.37578125 0.46875 0.0671875 0.078125
0 0.28125 0.6265625 0.07578125 0.0953125
6 0.74296875 0.48515625 0.071875 0.06484375
9 0.64921875 0.49296875 0.06484375 0.05859375
12 0.2609375 0.934375 0.146875 0.13125
9 0.0328125 0.740625 0.0515625 0.084375
1 0.11484375 0.75078125 0.046875 0.06953125
1 0.0609375 0.84453125 0.04921875 0.06796875
1 0.43984375 0.98125 0.0484375 0.0375
1 0.4140625 0.92578125 0.04296875 0.06953125