9 0.1421875 0.05859375 0.08359375 0.09296875
9 0.0625 0.128125 0.0609375 0.075
9 0.03828125 0.175 0.065625 0.03984375
9 0.35859375 0.02421875 0.0484375 0.0484375
9 0.303125 0.04296875 0.053125 0.0859375
1 0.37890625 0.1015625 0.0421875 0.05
1 0.3296875 0.1296875 0.05 0.0546875
1 0.18203125 0.171875 0.0484375 0.04765625
1 0.228125 0.0609375 0.0546875 0.053125
0 0.3296875 0.41015625 0.1125 0.0171875
7 0.73046875 0.04765625 0.1171875 0.0953125
7 0.675 0.21953125 0.09296875 0.21015625
7 0.5828125 0.0953125 0.140625 0.190625
7 0.6015625 0.371875 0.115625 0.09375
5 0.1328125 0.48359375 0.265625 0.1296875
5 0.08203125 0.728125 0.09765625 0.125
5 0.2984375 0.45546875 0.053125 0.0734375
5 0.3734375 0.65234375 0.053125 0.0421875
5 0.38515625 0.84609375 0.0296875 0.1296875
1 0.12421875 0.8859375 0.0484375 0.08046875
1 0.42890625 0.4515625 0.0578125 0.065625
1 0.63359375 0.43359375 0.0734375 0.0296875
9 0.8375 0.46640625 0.11875 0.0953125
9 0.7484375 0.50546875 0.13984375 0.03046875
9 0.9375 0.4546875 0.109375 0.071875
9 0.48671875 0.80625 0.1734375 0.1125
9 0.60625 0.8875 0.128125 0.11015625
9 0.46953125 0.9046875 0.12109375 0.0953125
9 0.41953125 0.73359375 0.0390625 0.0546875
9 0.5046875 0.75546875 0.0828125 0.053125
11 0.93125 0.97578125 0.1375 0.0484375
11 0.92734375 0.75078125 0.1453125 0.1640625
10 0.72265625 0.68359375 0.1046875 0.1
0 0.84921875 0.93125 0.07109375 0.059375
0 0.74921875 0.7984375 0.1578125 0.11640625