9 0.0203125 0.384375 0.040625 0.090625
9 0.23515625 0.5578125 0.0609375 0.021875
0 0.03828125 0.25 0.0765625 0.128125
1 0.1421875 0.30078125 0.04296875 0.059375
1 0.0703125 0.4515625 0.0265625 0.0453125
1 0.6484375 0.03828125 0.04375 0.025
9 0.9421875 0.0921875 0.0921875 0.03125
5 0.7421875 0.23203125 0.35 0.19609375
5 0.73671875 0.390625 0.30390625 0.23359375
10 0.59375 0.84765625 0.0375 0.0578125
10 0.5171875 0.70234375 0.03828125 0.04609375
10 0.6734375 0.66796875 0.0375 0.0546875
10 0.6015625 0.73359375 0.02734375 0.0703125
10 0.4703125 0.87109375 0.040625 0.0140625
10 0.69296875 0.784375 0.03359375 0.053125
1 0.75859375 0.65234375 0.03359375 0.03828125
9 0.64765625 0.69296875 0.03828125 0.0515625
4 0.50390625 0.64375 0.0625 0.0703125
4 0.67421875 0.603125 0.0453125 0.06875
11 0.64375 0.6953125 0.03359375 0.0515625
11 0.45625 0.94609375 0.0125 0.1078125
9 0.5921875 0.953125 0.0375 0.09375
10 0.5203125 0.98515625 0.059375 0.0296875
10 0.48828125 0.89609375 0.053125 0.03359375
0 0.784375 0.92578125 0.06484375 0.09296875