10 0.25546875 0.10703125 0.1484375 0.2140625
10 0.38984375 0.01875 0.1234375 0.0375
10 0.09609375 0.1078125 0.11640625 0.14921875
10 0.11171875 0.26953125 0.0703125 0.0953125
11 0.725 0.09140625 0.08046875 0.1125
0 0.6203125 0.1328125 0.07265625 0.07265625
0 0.7171875 0.01640625 0.075 0.0328125
9 0.240625 0.36875 0.0359375 0.03984375
4 0.84921875 0.24296875 0.1609375 0.2359375
9 0.01953125 0.67421875 0.0390625 0.0734375
9 0.34140625 0.51484375 0.05546875 0.0515625
1 0.1140625 0.77890625 0.04453125 0.0484375
1 0.15 0.4953125 0.05390625 0.040625
1 0.2328125 0.7125 0.0359375 0.03359375
1 0.1859375 0.72890625 0.040625 0.04140625
1 0.125 0.72890625 0.034375 0.04453125
9 0.7515625 0.68828125 0.034375 0.0859375
0 0.64453125 0.5734375 0.053125 0.0625
0 0.73359375 0.8 0.04296875 0.05390625
1 0.6875 0.8625 0.04296875 0.04453125
11 0.37890625 0.95234375 0.1828125 0.0953125
1 0.0421875 0.98125 0.06875 0.0375
11 0.6859375 0.9921875 0.025 0.015625
1 0.84296875 0.534375 0.1484375 0.109375