11 0.5484375 0.01484375 0.0515625 0.0125
11 0.559375 0.0046875 0.084375 0.009375
11 0.4828125 0.01640625 0.0515625 0.02421875
11 0.52734375 0.034375 0.040625 0.02109375
9 0.51484375 0.1453125 0.05859375 0.02421875
9 0.55625 0.059375 0.04921875 0.01015625
9 0.57890625 0.0890625 0.040625 0.02109375
10 0.4734375 0.11328125 0.0375 0.01875
10 0.49921875 0.084375 0.06015625 0.02109375
1 0.7015625 0.05625 0.06015625 0.015625
1 0.79140625 0.04296875 0.046875 0.02421875
1 0.4203125 0.0515625 0.028125 0.015625
1 0.3453125 0.09765625 0.04140625 0.015625
1 0.39921875 0.13828125 0.0390625 0.015625
1 0.4453125 0.134375 0.0296875 0.0140625
1 0.5734375 0.1359375 0.0453125 0.015625
1 0.62421875 0.15390625 0.04140625 0.0125
1 0.7 0.115625 0.0453125 0.01875
1 0.5140625 0.1015625 0.03828125 0.015625
11 0.878125 0.12734375 0.0640625 0.075
9 0.36953125 0.70546875 0.0703125 0.0265625
9 0.65078125 0.4328125 0.06953125 0.1078125
10 0.52109375 0.5 0.0546875 0.08359375
0 0.6578125 0.615625 0.0578125 0.16484375
0 0.6 0.6671875 0.05859375 0.08671875
0 0.55 0.67578125 0.03125 0.0859375
0 0.50078125 0.675 0.0390625 0.0875
0 0.8046875 0.578125 0.0359375 0.1046875
10 0.47578125 0.77265625 0.1203125 0.1078125
1 0.7734375 0.7484375 0.04375 0.04921875
1 0.5625 0.80546875 0.0421875 0.05234375
1 0.55625 0.746875 0.040625 0.05625
1 0.7140625 0.86796875 0.08828125 0.0625
1 0.4046875 0.86328125 0.06328125 0.05078125
1 0.5890625 0.88515625 0.09140625 0.028125
9 0.63046875 0.790625 0.075 0.0875
9 0.7140625 0.7453125 0.09375 0.053125
9 0.971875 0.80625 0.05625 0.0625
1 0.88203125 0.8453125 0.06484375 0.09375
1 0.93984375 0.88203125 0.0828125 0.0328125