1 0.04296875 0.04296875 0.075 0.08046875
0 0.1875 0.0875 0.09296875 0.13125
0 0.33984375 0.04140625 0.0578125 0.0828125
0 0.2640625 0.08515625 0.078125 0.1078125
0 0.040625 0.184375 0.08125 0.10625
0 0.07578125 0.09765625 0.06171875 0.071875
9 0.203125 0.57890625 0.05625 0.078125
1 0.04375 0.6796875 0.040625 0.01875
1 0.3515625 0.65 0.034375 0.078125
11 0.3 0.6640625 0.046875 0.05
11 0.2265625 0.66796875 0.06875 0.0421875
9 0.075 0.6578125 0.046875 0.0609375
1 0.66953125 0.709375 0.0703125 0.040625