9 0.27578125 0.3875 0.109375 0.11796875
10 0.56015625 0.09609375 0.0609375 0.0921875
10 0.78828125 0.10546875 0.0953125 0.0828125
11 0.79140625 0.1171875 0.1 0.06015625
9 0.66484375 0.01796875 0.0890625 0.0359375
9 0.77734375 0.03828125 0.0796875 0.0765625
9 0.83203125 0.01875 0.0640625 0.0375
9 0.821875 0.07265625 0.084375 0.1453125
9 0.59140625 0.1171875 0.07421875 0.06015625
0 0.896875 0.090625 0.0625 0.11015625
11 0.55390625 0.2734375 0.0484375 0.1875
4 0.6265625 0.4390625 0.14375 0.121875
1 0.9234375 0.31015625 0.028125 0.10390625
9 0.4859375 0.94921875 0.0875 0.1015625
1 0.29296875 0.7 0.0671875 0.1078125
1 0.21484375 0.9703125 0.0671875 0.059375
1 0.79140625 0.7328125 0.02421875 0.0765625
1 0.7109375 0.68046875 0.03046875 0.0953125
1 0.8484375 0.759375 0.034375 0.0609375
1 0.99140625 0.6984375 0.0171875 0.06875