10 0.0171875 0.34375 0.034375 0.08125
1 0.4453125 0.040625 0.078125 0.08125
1 0.378125 0.028125 0.03125 0.05625
1 0.42265625 0.21171875 0.05703125 0.08359375
1 0.58203125 0.09921875 0.1546875 0.1046875
9 0.390625 0.34140625 0.05390625 0.096875
9 0.60390625 0.0203125 0.1109375 0.040625
1 0.8359375 0.36640625 0.059375 0.03515625
1 0.67421875 0.359375 0.0296875 0.021875
1 0.66328125 0.340625 0.0078125 0.028125
1 0.84765625 0.2609375 0.0796875 0.0578125
1 0.94453125 0.34296875 0.04453125 0.0265625
1 0.6984375 0.32578125 0.0484375 0.02265625
1 0.75 0.3921875 0.034375 0.015625
1 0.86484375 0.3421875 0.04296875 0.040625
1 0.8421875 0.32421875 0.05546875 0.03359375
0 0.18203125 0.56796875 0.10546875 0.12421875
0 0.353125 0.4875 0.0859375 0.14140625
10 0.64609375 0.6703125 0.0265625 0.1
1 0.63359375 0.40703125 0.0265625 0.0140625
9 0.221875 0.96171875 0.071875 0.0765625
1 0.09453125 0.9625 0.0484375 0.04296875
1 0.13203125 0.94609375 0.03671875 0.04453125
1 0.0671875 0.8625 0.040625 0.05546875
1 0.2734375 0.86328125 0.03125 0.05390625
1 0.17109375 0.83828125 0.02109375 0.034375
1 0.18359375 0.80546875 0.021875 0.04453125
1 0.0484375 0.7375 0.05703125 0.0328125
1 0.31015625 0.75859375 0.05 0.0671875
1 0.0046875 0.83984375 0.009375 0.0421875
1 0.15234375 0.78828125 0.03203125 0.04140625
1 0.12578125 0.9 0.02421875 0.03828125
1 0.04609375 0.83046875 0.03125 0.0625
1 0.05859375 0.80234375 0.03671875 0.05390625
1 0.05078125 0.94296875 0.02890625 0.04296875
1 0.88515625 0.63515625 0.04609375 0.05078125
1 0.98359375 0.859375 0.0328125 0.05625
1 0.709375 0.5984375 0.04609375 0.065625
1 0.725 0.728125 0.0296875 0.053125