9 0.35 0.11171875 0.078125 0.0578125
0 0.1859375 0.2390625 0.08125 0.0734375
1 0.70546875 0.171875 0.02421875 0.0765625
9 0.9453125 0.440625 0.0375 0.0375
1 0.625 0.11953125 0.03046875 0.0953125
1 0.7625 0.1984375 0.034375 0.0609375
1 0.91328125 0.13828125 0.03203125 0.06875
1 0.95859375 0.2140625 0.0453125 0.05078125
11 0.24296875 0.51328125 0.0484375 0.08671875
11 0.1140625 0.51015625 0.109375 0.1015625
9 0.1890625 0.5171875 0.046875 0.09453125
9 0.02890625 0.94921875 0.0578125 0.0515625
9 0.0734375 0.8984375 0.084375 0.07890625
1 0.31015625 0.675 0.02734375 0.11484375