5 0.0296875 0.08046875 0.059375 0.1390625
9 0.4140625 0.15078125 0.0796875 0.03828125
10 0.421875 0.06484375 0.07109375 0.10859375
0 0.08125 0.30859375 0.0328125 0.08046875
1 0.13125 0.2015625 0.03828125 0.0640625
4 0.33515625 0.3171875 0.0578125 0.0859375
11 0.24296875 0.24921875 0.05859375 0.0859375
11 0.40703125 0.24453125 0.08359375 0.07109375
11 0.45234375 0.2859375 0.0453125 0.059375
1 0.8609375 0.04453125 0.103125 0.0890625
1 0.87578125 0.24921875 0.0390625 0.12421875
1 0.97421875 0.1859375 0.0515625 0.10625
1 0.25078125 0.81328125 0.0453125 0.06171875
1 0.56796875 0.58984375 0.0453125 0.06171875