1 0.24609375 0.45390625 0.10078125 0.06015625
9 0.6203125 0.2359375 0.059375 0.065625
9 0.21953125 0.34765625 0.06640625 0.07578125
1 0.35390625 0.48671875 0.06640625 0.0703125
1 0.1265625 0.453125 0.06328125 0.06328125
1 0.23203125 0.1765625 0.0828125 0.0578125
11 0.71953125 0.4875 0.0796875 0.084375
10 0.753125 0.496875 0.0203125 0.06171875
10 0.66875 0.325 0.0375 0.059375
8 0.40625 0.83359375 0.1046875 0.121875
8 0.58125 0.7375 0.1328125 0.1
8 0.2203125 0.75859375 0.2140625 0.11796875
8 0.040625 0.63828125 0.08125 0.2171875
8 0.04453125 0.8875 0.0890625 0.203125
9 0.721875 0.55546875 0.053125 0.0515625
0 0.80078125 0.6 0.0765625 0.0671875
0 0.80234375 0.54921875 0.0640625 0.0390625
0 0.65546875 0.56328125 0.0109375 0.0671875
10 0.97109375 0.946875 0.0515625 0.08359375