1 0.11328125 0.2265625 0.05546875 0.053125
9 0.02265625 0.303125 0.0453125 0.096875
9 0.2203125 0.03984375 0.109375 0.0796875
9 0.0625 0.00703125 0.065625 0.0140625
1 0.26640625 0.225 0.02578125 0.046875
1 0.121875 0.17265625 0.02421875 0.03203125
1 0.08125 0.1609375 0.03671875 0.03203125
1 0.2453125 0.4234375 0.040625 0.01484375
1 0.33203125 0.415625 0.059375 0.03203125
1 0.440625 0.3359375 0.0375 0.084375
0 0.421875 0.20859375 0.075 0.1421875
0 0.496875 0.49375 0.075 0.05
11 0.96640625 0.2875 0.0671875 0.184375
11 0.89765625 0.39609375 0.1828125 0.19375
4 0.0875 0.56796875 0.175 0.0984375
1 0.34296875 0.52890625 0.0484375 0.0203125
1 0.08046875 0.82890625 0.06640625 0.0359375
1 0.25234375 0.98359375 0.0421875 0.0328125
1 0.11875 0.9109375 0.03828125 0.04453125
1 0.21640625 0.8625 0.021875 0.03359375
1 0.1859375 0.93359375 0.08984375 0.06796875
1 0.1796875 0.878125 0.03984375 0.05859375
1 0.01484375 0.94921875 0.0296875 0.0515625
1 0.04609375 0.721875 0.0359375 0.0359375
1 0.2390625 0.78203125 0.03828125 0.04453125
1 0.10859375 0.9671875 0.0359375 0.065625
1 0.05234375 0.92890625 0.03125 0.0359375
9 0.26328125 0.865625 0.0234375 0.053125
10 0.48515625 0.528125 0.0515625 0.01875
9 0.65 0.6671875 0.1171875 0.06796875
0 0.98515625 0.653125 0.0296875 0.09375
0 0.93828125 0.65546875 0.05859375 0.090625
0 0.8640625 0.65 0.0703125 0.10078125
0 0.9015625 0.9640625 0.1125 0.071875
0 0.7734375 0.94921875 0.1109375 0.090625
0 0.7 0.98828125 0.096875 0.0234375
11 0.65390625 0.85234375 0.08984375 0.1234375
11 0.85546875 0.75859375 0.16640625 0.11484375