9 0.12109375 0.025 0.05234375 0.04609375
9 0.09765625 0.14609375 0.04296875 0.0578125
9 0.01953125 0.071875 0.03515625 0.040625
9 0.01484375 0.00625 0.0296875 0.0125
1 0.08046875 0.2328125 0.03125 0.03671875
9 0.39296875 0.06796875 0.071875 0.0984375
1 0.5359375 0.24375 0.04765625 0.053125
1 0.56875 0.02421875 0.040625 0.0484375
1 0.23203125 0.015625 0.0609375 0.03125
11 0.084375 0.43125 0.07421875 0.0984375
9 0.26640625 0.36328125 0.1296875 0.12890625
1 0.4640625 0.3671875 0.06328125 0.09140625
1 0.55234375 0.2984375 0.06640625 0.05625
0 0.5734375 0.51875 0.03125 0.08125
0 0.4953125 0.46328125 0.171875 0.1640625
8 0.15234375 0.8453125 0.07265625 0.10703125
8 0.0859375 0.8234375 0.04765625 0.09140625
8 0.18359375 0.9546875 0.0859375 0.090625
8 0.41875 0.98125 0.115625 0.0375
11 0.69375 0.6640625 0.1609375 0.09609375
11 0.7484375 0.628125 0.05390625 0.040625
0 0.80703125 0.8046875 0.14296875 0.06953125
0 0.83203125 0.846875 0.18359375 0.06640625
0 0.75859375 0.753125 0.121875 0.06328125
0 0.95625 0.815625 0.0875 0.065625
0 0.9734375 0.7234375 0.053125 0.090625