11 0.24921875 0.0875 0.0796875 0.0375
11 0.30859375 0.07890625 0.10078125 0.05390625
1 0.96484375 0.01796875 0.0703125 0.0359375
1 0.815625 0.04375 0.075 0.0875
1 0.6390625 0.06328125 0.12734375 0.0859375
1 0.4421875 0.38984375 0.021875 0.0390625
9 0.29453125 0.3828125 0.1171875 0.053125
1 0.71953125 0.1578125 0.05234375 0.028125
1 0.66875 0.190625 0.0703125 0.03515625
1 0.6953125 0.33828125 0.05078125 0.02578125
1 0.93828125 0.36875 0.0703125 0.0375
1 0.6203125 0.34765625 0.02109375 0.009375
1 0.64921875 0.309375 0.02265625 0.009375
0 0.8390625 0.3875 0.0765625 0.04140625
0 0.78984375 0.371875 0.071875 0.0390625
0 0.76171875 0.39609375 0.0953125 0.0265625
9 0.65625 0.40078125 0.059375 0.0171875
9 0.159375 0.9875 0.1 0.025
9 0.18984375 0.91875 0.0390625 0.075