11 0.41484375 0.01484375 0.1015625 0.0296875
0 0.1859375 0.0125 0.090625 0.025
9 0.378125 0.3171875 0.16875 0.04375
1 0.25 0.12265625 0.05703125 0.0328125
1 0.25390625 0.165625 0.08671875 0.0390625
1 0.22421875 0.196875 0.04296875 0.0171875
1 0.2953125 0.2046875 0.053125 0.01875
1 0.30859375 0.2421875 0.0625 0.02578125
1 0.3 0.259375 0.078125 0.021875
1 0.23203125 0.28125 0.09296875 0.02578125
9 0.47890625 0.30625 0.1015625 0.04375
9 0.08515625 0.325 0.1046875 0.028125
9 0.78671875 0.03046875 0.0515625 0.0609375
9 0.125 0.765625 0.075 0.0578125
9 0.16328125 0.4859375 0.03984375 0.04453125
9 0.2640625 0.45234375 0.040625 0.05078125
9 0.29765625 0.4140625 0.0234375 0.05390625
11 0.20625 0.496875 0.04765625 0.0484375
10 0.06875 0.4609375 0.03515625 0.05390625
9 0.0046875 0.7875 0.009375 0.034375
9 0.14296875 0.875 0.09765625 0.04375
9 0.2265625 0.9921875 0.053125 0.015625
9 0.59375 0.6609375 0.06015625 0.08203125
0 0.79140625 0.72734375 0.059375 0.1
0 0.63203125 0.83125 0.06171875 0.12421875
8 0.890625 0.9796875 0.103125 0.040625
8 0.965625 0.74765625 0.06171875 0.1015625
8 0.95703125 0.64921875 0.0859375 0.0890625
8 0.925 0.89375 0.0359375 0.05
8 0.878125 0.8703125 0.0375 0.07109375