1 0.5171875 0.12421875 0.015625 0.0921875
1 0.52109375 0.02578125 0.0234375 0.0515625
1 0.61953125 0.07109375 0.034375 0.10703125
3 0.73828125 0.04921875 0.1078125 0.0984375
3 0.73828125 0.1984375 0.0953125 0.12421875
1 0.1390625 0.3828125 0.05703125 0.10234375
1 0.4 0.40390625 0.071875 0.053125
1 0.03359375 0.38203125 0.05234375 0.0640625
1 0.18984375 0.37734375 0.04765625 0.0546875
10 0.1171875 0.90703125 0.0765625 0.08046875
0 0.0375 0.93515625 0.075 0.0609375
0 0.034375 0.62890625 0.06875 0.1234375
0 0.028125 0.79296875 0.05625 0.1078125
1 0.49609375 0.57734375 0.0265625 0.0828125
9 0.49609375 0.903125 0.0265625 0.096875
1 0.875 0.509375 0.05234375 0.04296875
6 0.525 0.52734375 0.03125 0.0484375
6 0.56953125 0.46953125 0.04375 0.034375
6 0.64453125 0.48828125 0.0546875 0.06015625
6 0.671875 0.3171875 0.05625 0.034375
6 0.596875 0.6859375 0.07265625 0.05
10 0.875 0.58203125 0.04609375 0.0328125
10 0.63203125 0.7875 0.06328125 0.05
10 0.571875 0.83671875 0.0421875 0.0328125
11 0.98515625 0.60546875 0.0296875 0.0671875
1 0.8375 0.55625 0.03359375 0.0296875
1 0.91875 0.565625 0.06015625 0.0359375
1 0.8703125 0.55078125 0.03828125 0.0296875
1 0.725 0.50625 0.04375 0.0296875