9 0.34375 0.01640625 0.05 0.0328125
9 0.03828125 0.35390625 0.0765625 0.0953125
10 0.2171875 0.2828125 0.08125 0.071875
0 0.02265625 0.18671875 0.0453125 0.1484375
0 0.09140625 0.1359375 0.0859375 0.0765625
0 0.165625 0.109375 0.0421875 0.10859375
0 0.23828125 0.1109375 0.0546875 0.09921875
9 0.25390625 0.47265625 0.0796875 0.03671875
9 0.2140625 0.52421875 0.0515625 0.053125
9 0.2640625 0.56328125 0.084375 0.0515625
9 0.14765625 0.51328125 0.0546875 0.059375
9 0.028125 0.553125 0.05625 0.071875
10 0.50546875 0.0796875 0.0640625 0.07578125
10 0.6484375 0.41015625 0.05625 0.0640625
1 0.67109375 0.5015625 0.04921875 0.02265625
1 0.68671875 0.54765625 0.03359375 0.053125
1 0.71484375 0.57578125 0.0359375 0.0265625
1 0.61796875 0.57578125 0.0296875 0.0265625
1 0.47734375 0.4734375 0.03046875 0.07265625
1 0.45390625 0.19921875 0.078125 0.0515625
1 0.7921875 0.0546875 0.0453125 0.053125
1 0.6390625 0.08984375 0.0453125 0.0953125
1 0.37734375 0.30703125 0.0171875 0.0515625
1 0.59296875 0.1984375 0.06640625 0.11796875
1 0.9765625 0.4640625 0.046875 0.090625
1 0.88203125 0.53046875 0.05859375 0.07578125
1 0.8875 0.03203125 0.040625 0.0640625
1 0.91015625 0.27578125 0.0734375 0.05859375
9 0.72265625 0.171875 0.06796875 0.053125
9 0.75 0.2671875 0.07734375 0.053125
9 0.465625 0.2859375 0.053125 0.06171875
9 0.5390625 0.27734375 0.02265625 0.078125
9 0.41484375 0.4125 0.04921875 0.06328125
9 0.63046875 0.32265625 0.046875 0.05703125
9 0.57265625 0.35078125 0.0515625 0.0859375
9 0.49921875 0.4234375 0.04375 0.06328125
9 0.378125 0.2578125 0.01875 0.0625
9 0.55078125 0.453125 0.05 0.05546875
9 0.696875 0.45 0.07421875 0.0765625
9 0.85625 0.45 0.05234375 0.06015625
9 0.9921875 0.034375 0.015625 0.06875
6 0.01328125 0.92265625 0.0265625 0.0890625
11 0.13671875 0.87265625 0.04453125 0.09296875
9 0.3453125 0.93125 0.046875 0.04375
9 0.275 0.93125 0.05390625 0.053125
1 0.34140625 0.89453125 0.0265625 0.03125
1 0.3140625 0.91171875 0.02734375 0.0296875
1 0.35390625 0.9015625 0.0296875 0.046875