7 0.125 0.453125 0.134375 0.053125
7 0.36875 0.46171875 0.096875 0.0359375
7 0.39765625 0.34296875 0.0640625 0.0515625
7 0.02578125 0.36875 0.04609375 0.0375
7 0.12578125 0.29296875 0.07265625 0.07109375
7 0.22734375 0.31328125 0.07734375 0.06953125
7 0.2140625 0.45234375 0.046875 0.0546875
7 0.29140625 0.44140625 0.0671875 0.0765625
7 0.36953125 0.21953125 0.07890625 0.04453125
7 0.3296875 0.30546875 0.04296875 0.0390625
7 0.3328125 0.35703125 0.0359375 0.0390625
7 0.3953125 0.415625 0.06875 0.065625
10 0.52734375 0.1359375 0.0484375 0.059375
10 0.46953125 0.05078125 0.0515625 0.075
9 0.44609375 0.14453125 0.0328125 0.0421875
0 0.44140625 0.09140625 0.0234375 0.1078125
1 0.98828125 0.08671875 0.0234375 0.0828125
0 0.98046875 0.1546875 0.0390625 0.021875
0 0.87578125 0.1234375 0.05546875 0.059375
0 0.9609375 0.071875 0.040625 0.06796875
9 0.646875 0.40703125 0.06484375 0.10078125
1 0.46015625 0.3515625 0.0609375 0.096875
10 0.4765625 0.43984375 0.06875 0.0796875
11 0.0171875 0.49453125 0.034375 0.0296875
11 0.17421875 0.48984375 0.0671875 0.0203125
11 0.1265625 0.94140625 0.075 0.09765625
9 0.0328125 0.66875 0.0359375 0.09921875
0 0.22578125 0.6265625 0.0640625 0.10625
0 0.23203125 0.8625 0.075 0.053125
10 0.54140625 0.646875 0.07890625 0.12421875
1 0.6125 0.64921875 0.0578125 0.10078125
1 0.85859375 0.69140625 0.06171875 0.08515625
1 0.4703125 0.5046875 0.059375 0.05
9 0.74921875 0.82109375 0.09609375 0.11484375
9 0.74375 0.61953125 0.12109375 0.11015625