10 0.1359375 0.1921875 0.06796875 0.078125
1 0.48046875 0.22578125 0.03828125 0.0609375
9 0.0765625 0.16796875 0.065625 0.08046875
3 0.63125 0.02734375 0.096875 0.0546875
3 0.61796875 0.26484375 0.08828125 0.11015625
1 0.72109375 0.3078125 0.0421875 0.0875
1 0.70859375 0.13359375 0.0171875 0.0453125
1 0.75078125 0.05078125 0.04375 0.0609375
9 0.753125 0.1640625 0.03828125 0.07421875
9 0.98125 0.375 0.0375 0.05625
0 0.61953125 0.91796875 0.1109375 0.1640625
0 0.25546875 0.5609375 0.10546875 0.0734375
0 0.11640625 0.54609375 0.10390625 0.0703125
0 0.4171875 0.46015625 0.075 0.0203125
0 0.0609375 0.4671875 0.0875 0.034375
11 0.140625 0.8046875 0.14140625 0.15703125