0 0.03046875 0.1671875 0.0609375 0.19765625
10 0.6203125 0.221875 0.12265625 0.0671875
10 0.503125 0.16328125 0.0890625 0.05078125
10 0.66328125 0.12265625 0.06875 0.04375
10 0.89140625 0.09609375 0.0671875 0.04921875
10 0.6171875 0.034375 0.078125 0.0421875
10 0.34765625 0.1859375 0.07421875 0.053125
11 0.95546875 0.1671875 0.0890625 0.0984375
9 0.203125 0.25234375 0.04765625 0.07734375
9 0.0375 0.76015625 0.0703125 0.06171875
1 0.128125 0.9671875 0.1 0.065625
1 0.0359375 0.9625 0.05625 0.075
1 0.03359375 0.85234375 0.0328125 0.04609375
1 0.07265625 0.86953125 0.04609375 0.065625
1 0.04453125 0.66484375 0.05546875 0.0390625
1 0.01015625 0.6546875 0.0203125 0.0421875
1 0.06796875 0.56015625 0.04453125 0.053125
1 0.16171875 0.81328125 0.01875 0.04375
1 0.00546875 0.9234375 0.0109375 0.05078125
1 0.00625 0.83046875 0.0125 0.0703125
1 0.153125 0.7125 0.0390625 0.053125
1 0.15078125 0.52578125 0.03359375 0.040625
1 0.0078125 0.6046875 0.015625 0.0375
1 0.08984375 0.5234375 0.0328125 0.06171875
1 0.07265625 0.50078125 0.0421875 0.0421875
1 0.09375 0.63828125 0.0328125 0.040625
9 0.5078125 0.73515625 0.10546875 0.0578125
9 0.6921875 0.778125 0.0921875 0.040625
1 0.8125 0.934375 0.13125 0.08671875
1 0.69140625 0.9125 0.07421875 0.053125
1 0.6875 0.83828125 0.04296875 0.0296875
1 0.7375 0.84921875 0.0609375 0.0421875
1 0.93515625 0.69375 0.05390625 0.053125
1 0.70234375 0.71640625 0.07265625 0.0265625
1 0.64296875 0.709375 0.05546875 0.028125
1 0.7328125 0.64765625 0.059375 0.03515625
1 0.91015625 0.83984375 0.04609375 0.03359375
1 0.85546875 0.8125 0.02421875 0.028125
1 0.6359375 0.884375 0.04453125 0.03359375
1 0.6359375 0.8234375 0.0484375 0.04609375
1 0.4171875 0.66875 0.04453125 0.03359375
1 0.57109375 0.64140625 0.03125 0.02265625
1 0.54921875 0.621875 0.03125 0.028125
1 0.74453125 0.5421875 0.0796875 0.0578125
1 0.84453125 0.746875 0.0515625 0.03515625
10 0.340625 0.86484375 0.06875 0.04921875
1 0.3515625 0.603125 0.07265625 0.0421875
1 0.84140625 0.62421875 0.04453125 0.0265625
1 0.5953125 0.60703125 0.0484375 0.02265625
1 0.64765625 0.67734375 0.03359375 0.02265625
1 0.76171875 0.6234375 0.04296875 0.040625
1 0.7390625 0.60546875 0.05546875 0.03359375
1 0.76640625 0.6984375 0.04296875 0.0265625
1 0.76875 0.965625 0.05390625 0.0390625
1 0.53046875 0.9296875 0.06484375 0.03671875
1 0.4609375 0.940625 0.05390625 0.0390625
1 0.5625 0.86953125 0.03359375 0.0265625