9 0.3640625 0.38203125 0.15078125 0.09609375
9 0.1453125 0.4640625 0.06796875 0.11796875
9 0.0671875 0.4875 0.06328125 0.10234375
9 0.465625 0.53203125 0.096875 0.1359375
1 0.10625 0.02109375 0.075 0.0421875
9 0.7578125 0.54921875 0.08125 0.1015625
10 0.68828125 0.03125 0.0734375 0.0625
10 0.8859375 0.17265625 0.0671875 0.0796875
1 0.82734375 0.015625 0.0515625 0.03125
1 0.98203125 0.5828125 0.0359375 0.034375
1 0.7078125 0.31640625 0.0203125 0.04921875
0 0.91875 0.34453125 0.0625 0.07890625
0 0.971875 0.340625 0.05625 0.1125
0 0.96171875 0.159375 0.0765625 0.121875
0 0.68828125 0.446875 0.11328125 0.17421875
0 0.77578125 0.228125 0.16953125 0.1421875
1 0.0234375 0.9640625 0.046875 0.06875
0 0.0625 0.6296875 0.125 0.059375
0 0.3703125 0.6375 0.153125 0.075
0 0.21328125 0.8953125 0.1328125 0.08203125
1 0.97421875 0.6484375 0.0515625 0.059375
1 0.95546875 0.8375 0.053125 0.08203125
1 0.5859375 0.92734375 0.03359375 0.05546875
1 0.83046875 0.96640625 0.0359375 0.0671875
1 0.9671875 0.953125 0.065625 0.09375