10 0.2859375 0.21875 0.06640625 0.1515625
10 0.17421875 0.60390625 0.0609375 0.0515625
10 0.43046875 0.14921875 0.0734375 0.059375
10 0.41875 0.22421875 0.059375 0.0765625
10 0.52578125 0.21171875 0.09453125 0.0609375
11 0.6125 0.353125 0.07578125 0.08671875
11 0.4296875 0.0328125 0.08125 0.0625
11 0.509375 0.08203125 0.109375 0.08984375
1 0.50390625 0.50703125 0.09609375 0.0359375
1 0.60625 0.475 0.0890625 0.08046875
9 0.96484375 0.778125 0.0703125 0.040625
1 0.8984375 0.6484375 0.096875 0.0375
1 0.7734375 0.79375 0.096875 0.0515625
1 0.8453125 0.71796875 0.04296875 0.025
1 0.88671875 0.71953125 0.03203125 0.028125
1 0.9265625 0.72421875 0.04296875 0.0265625
1 0.5921875 0.80625 0.03203125 0.0234375
9 0.6375 0.6953125 0.046875 0.0265625
9 0.7921875 0.70625 0.0625 0.03828125
9 0.68125 0.64609375 0.0875 0.0328125