9 0.02890625 0.28515625 0.0578125 0.1578125
0 0.02421875 0.12265625 0.0484375 0.1046875
9 0.4859375 0.07890625 0.04140625 0.0890625
0 0.54453125 0.08515625 0.03515625 0.0890625
0 0.51171875 0.13203125 0.04375 0.0828125
0 0.478125 0.034375 0.06875 0.06875
1 0.42578125 0.03984375 0.021875 0.04921875
1 0.4015625 0.00546875 0.021875 0.0109375
1 0.4015625 0.08515625 0.040625 0.06484375
11 0.35234375 0.415625 0.0671875 0.04140625
11 0.40625 0.4359375 0.0609375 0.04140625
9 0.55390625 0.4796875 0.0703125 0.059375
9 0.3859375 0.49453125 0.065625 0.0296875
10 0.9359375 0.39609375 0.08125 0.14765625
1 0.7453125 0.40625 0.0625 0.10859375
1 0.88515625 0.48515625 0.0390625 0.0484375
1 0.98671875 0.34375 0.0265625 0.065625
1 0.98671875 0.41484375 0.0265625 0.0734375
1 0.88515625 0.31484375 0.0421875 0.01953125
2 0.0734375 0.8953125 0.146875 0.109375
0 0.04609375 0.640625 0.08671875 0.08359375
0 0.1375 0.534375 0.109375 0.0390625
0 0.13828125 0.596875 0.07109375 0.05625
1 0.44296875 0.59921875 0.07421875 0.0671875
9 0.72421875 0.5328125 0.0828125 0.046875
9 0.6453125 0.5796875 0.0609375 0.075
9 0.62109375 0.6265625 0.065625 0.03984375
9 0.8859375 0.5234375 0.053125 0.028125
1 0.9671875 0.55390625 0.0515625 0.05078125
1 0.9125 0.58125 0.05 0.0546875
1 0.76484375 0.6234375 0.0484375 0.04765625
1 0.81015625 0.52421875 0.0546875 0.0296875
0 0.3140625 0.725 0.028125 0.0625
0 0.31640625 0.79453125 0.0328125 0.0609375
0 0.91328125 0.87265625 0.1125 0.03828125
0 0.85625 0.903125 0.07265625 0.03671875
0 0.8078125 0.9765625 0.109375 0.046875
10 0.59453125 0.97421875 0.08671875 0.0328125