10 0.03125 0.01484375 0.0625 0.0296875
10 0.0984375 0.065625 0.09296875 0.09140625
9 0.165625 0.03203125 0.0625 0.0640625
11 0.4734375 0.096875 0.04921875 0.05
11 0.37578125 0.12109375 0.04765625 0.0515625
11 0.384375 0.0234375 0.046875 0.046875
9 0.215625 0.2046875 0.03671875 0.05
9 0.42265625 0.184375 0.05 0.06171875
1 0.03515625 0.27578125 0.0703125 0.0765625
1 0.1296875 0.36328125 0.05625 0.07890625
0 0.0484375 0.58984375 0.096875 0.0796875
1 0.096875 0.47578125 0.09453125 0.11484375
10 0.22109375 0.32265625 0.04765625 0.0515625
10 0.26953125 0.4359375 0.053125 0.05703125
1 0.4484375 0.27421875 0.053125 0.065625
1 0.41953125 0.45703125 0.03984375 0.053125
9 0.48828125 0.4609375 0.053125 0.07578125
9 0.4703125 0.6078125 0.053125 0.04375
9 0.2921875 0.38984375 0.0703125 0.06328125
9 0.39375 0.51640625 0.04765625 0.06015625
5 0.73125 0.1296875 0.16484375 0.14609375
5 0.94140625 0.22734375 0.1171875 0.1453125
5 0.9109375 0.0890625 0.178125 0.178125
5 0.61015625 0.1421875 0.1828125 0.284375
9 0.76640625 0.4984375 0.05625 0.0609375
9 0.57109375 0.57265625 0.071875 0.0875
9 0.6671875 0.528125 0.08125 0.09296875
5 0.19296875 0.7921875 0.1015625 0.09453125
5 0.071875 0.79921875 0.0796875 0.06171875
5 0.03203125 0.8421875 0.0640625 0.06875
5 0.02421875 0.95 0.0484375 0.1
9 0.85625 0.7828125 0.04765625 0.05234375
9 0.884375 0.7015625 0.03671875 0.06015625
9 0.63125 0.984375 0.04375 0.03125
9 0.84296875 0.946875 0.0796875 0.10625
10 0.909375 0.89375 0.06328125 0.08828125
1 0.784375 0.7625 0.03359375 0.05078125
0 0.6390625 0.8984375 0.090625 0.165625