10 0.00625 0.37890625 0.0125 0.0828125
1 0.1921875 0.1625 0.09921875 0.09296875
1 0.3671875 0.0171875 0.059375 0.034375
0 0.16875 0.03359375 0.103125 0.0671875
1 0.47265625 0.17890625 0.071875 0.06015625
1 0.80625 0.39765625 0.0515625 0.05859375
1 0.93046875 0.1078125 0.05703125 0.06328125
9 0.7265625 0.42734375 0.04375 0.0453125
9 0.76953125 0.32109375 0.0609375 0.0609375
8 0.15078125 0.746875 0.07265625 0.10703125
8 0.084375 0.725 0.04765625 0.09140625
8 0.1828125 0.86953125 0.08515625 0.11484375
8 0.109375 0.9234375 0.0359375 0.06328125
8 0.059375 0.94375 0.03125 0.084375
8 0.4171875 0.93203125 0.115625 0.1359375
5 0.9359375 0.878125 0.128125 0.240625
5 0.534375 0.93046875 0.05 0.0984375
5 0.7546875 0.8140625 0.20390625 0.221875