9 0.209375 0.08515625 0.04921875 0.165625
9 0.615625 0.36328125 0.028125 0.1546875
1 0.3921875 0.39140625 0.065625 0.13828125
1 0.4609375 0.3640625 0.0515625 0.14609375
1 0.57734375 0.296875 0.0515625 0.12265625
10 0.9296875 0.0109375 0.065625 0.021875
10 0.9515625 0.3765625 0.04140625 0.05546875
11 0.86328125 0.1890625 0.1390625 0.0265625
1 0.86328125 0.2078125 0.04609375 0.0421875
2 0.2828125 0.87578125 0.11484375 0.11796875
2 0.1453125 0.940625 0.14453125 0.090625
2 0.05859375 0.69140625 0.1171875 0.1390625
2 0.209375 0.5828125 0.05 0.146875
10 0.15625 0.53203125 0.05625 0.0453125
0 0.41171875 0.9125 0.08671875 0.08359375
0 0.503125 0.80625 0.109375 0.0390625
0 0.50390625 0.86875 0.07109375 0.05625
0 0.31484375 0.59609375 0.08671875 0.0921875
0 0.02890625 0.88515625 0.0578125 0.0453125
9 0.74296875 0.54765625 0.0421875 0.0765625
0 0.8015625 0.55078125 0.034375 0.0828125
0 0.76953125 0.59453125 0.04375 0.0828125
0 0.7359375 0.5203125 0.06875 0.021875
1 0.6828125 0.51796875 0.021875 0.0171875
1 0.659375 0.54765625 0.040625 0.06484375
11 0.63671875 0.87734375 0.0140625 0.0421875
11 0.6640625 0.8984375 0.0609375 0.04140625
9 0.8125 0.94609375 0.0703125 0.0671875
9 0.653125 0.9671875 0.046875 0.05
1 0.9859375 0.86796875 0.028125 0.1078125