9 0.29140625 0.21015625 0.06171875 0.0609375
9 0.23359375 0.06171875 0.1171875 0.1234375
10 0.1921875 0.15859375 0.0859375 0.09765625
1 0.3765625 0.17109375 0.0453125 0.05546875
4 0.31953125 0.46015625 0.2203125 0.4171875
12 0.62734375 0.453125 0.09296875 0.20390625
9 0.5484375 0.19140625 0.03203125 0.08125
9 0.44453125 0.4140625 0.0296875 0.09375
1 0.48828125 0.48828125 0.02890625 0.07734375
1 0.490625 0.353125 0.03125 0.07578125
1 0.7265625 0.6046875 0.0296875 0.0734375
1 0.80234375 0.4109375 0.034375 0.084375
1 0.68984375 0.634375 0.0265625 0.06875