9 0.18359375 0.31484375 0.13515625 0.1828125
1 0.48203125 0.37890625 0.0359375 0.0953125
1 0.35078125 0.43046875 0.075 0.0953125
1 0.02109375 0.30078125 0.0421875 0.0859375
1 0.1703125 0.1171875 0.0796875 0.0859375
1 0.34921875 0.34296875 0.084375 0.115625
1 0.1734375 0.45390625 0.12734375 0.0859375
11 0.2828125 0.33203125 0.0703125 0.0953125
9 0.28203125 0.15078125 0.084375 0.0859375
9 0.47265625 0.29375 0.0546875 0.0875
9 0.39140625 0.22734375 0.1078125 0.1328125
9 0.38125 0.11953125 0.0796875 0.084375
1 0.6875 0.00625 0.071875 0.0125
1 0.85625 0.028125 0.065625 0.05625
1 0.65 0.1859375 0.05390625 0.04921875
1 0.528125 0.1703125 0.05625 0.0625
1 0.5140625 0.45859375 0.028125 0.0671875
1 0.7265625 0.33828125 0.06484375 0.0703125
1 0.86328125 0.165625 0.0765625 0.05546875
9 0.134375 0.91484375 0.215625 0.13046875
9 0.32265625 0.96015625 0.1390625 0.0796875
9 0.0234375 0.82109375 0.046875 0.0796875
9 0.1421875 0.81640625 0.096875 0.0625
9 0.00859375 0.93828125 0.0171875 0.0890625