10 0.13125 0.078125 0.07421875 0.02890625
11 0.5234375 0.0578125 0.053125 0.06875
1 0.1828125 0.19375 0.04140625 0.07890625
1 0.15078125 0.128125 0.04453125 0.0546875
1 0.12265625 0.11015625 0.0515625 0.03515625
1 0.0484375 0.13046875 0.06015625 0.06953125
1 0.11796875 0.2890625 0.034375 0.08046875
11 0.49375 0.465625 0.1046875 0.0984375
9 0.6234375 0.1515625 0.06875 0.0578125
9 0.93984375 0.05625 0.1203125 0.1125
0 0.9734375 0.28671875 0.053125 0.0921875
0 0.6140625 0.06640625 0.128125 0.1328125
10 0.50703125 0.64609375 0.0828125 0.10390625
9 0.3625 0.615625 0.07578125 0.08984375
1 0.384375 0.68515625 0.11640625 0.065625
1 0.28125 0.5734375 0.053125 0.046875
1 0.2703125 0.67265625 0.028125 0.08984375
1 0.4921875 0.56484375 0.078125 0.0296875
9 0.08984375 0.88125 0.04765625 0.065625
11 0.2640625 0.8453125 0.0171875 0.109375
11 0.415625 0.95625 0.103125 0.0875
10 0.509375 0.890625 0.059375 0.065625
10 0.63984375 0.6 0.08984375 0.059375
4 0.578125 0.73671875 0.05625 0.1109375