1 0.08046875 0.2078125 0.03359375 0.08125
10 0.05 0.28828125 0.06484375 0.0828125
10 0.390625 0.246875 0.071875 0.0953125
10 0.44921875 0.25859375 0.0203125 0.0609375
10 0.44921875 0.19375 0.0203125 0.0375
10 0.43359375 0.153125 0.02734375 0.04296875
10 0.40078125 0.15390625 0.04609375 0.0515625
10 0.346875 0.1390625 0.03671875 0.05546875
10 0.33984375 0.31796875 0.0515625 0.05546875
1 0.38359375 0.10078125 0.0328125 0.0484375
10 0.29765625 0.35390625 0.0625 0.0171875
8 0.17265625 0.5859375 0.04453125 0.04765625
8 0.1359375 0.6515625 0.04765625 0.04609375
8 0.14140625 0.61015625 0.040625 0.04140625
8 0.225 0.55234375 0.05078125 0.04609375
8 0.271875 0.58203125 0.040625 0.04453125
8 0.1015625 0.55703125 0.03359375 0.034375
8 0.1078125 0.68984375 0.0546875 0.0515625
8 0.2578125 0.56484375 0.0375 0.03515625
8 0.35 0.5625 0.0546875 0.0484375
8 0.35234375 0.59296875 0.0546875 0.0515625
8 0.284375 0.62890625 0.08359375 0.07265625
8 0.2296875 0.5953125 0.06875 0.0609375
8 0.19609375 0.56171875 0.053125 0.0484375
8 0.16640625 0.721875 0.03359375 0.03359375
1 0.4328125 0.95859375 0.053125 0.0828125
1 0.10078125 0.9953125 0.0296875 0.009375
1 0.19921875 0.94453125 0.05546875 0.0578125
1 0.23046875 0.9859375 0.0390625 0.028125
10 0.53984375 0.58671875 0.0546875 0.06484375
9 0.7703125 0.48125 0.040625 0.0578125
9 0.7203125 0.5296875 0.04453125 0.0484375
9 0.721875 0.4359375 0.02265625 0.0421875
9 0.82109375 0.38828125 0.0671875 0.0390625
9 0.69609375 0.46015625 0.03203125 0.03984375
9 0.690625 0.88671875 0.175 0.2265625
10 0.978125 0.76171875 0.04375 0.0578125