10 0.103125 0.10078125 0.0609375 0.0421875
11 0.02578125 0.09140625 0.0515625 0.0609375
11 0.0484375 0.02109375 0.096875 0.0421875
7 0.25703125 0.034375 0.0578125 0.06875
9 0.146875 0.0875 0.0625 0.06640625
1 0.49140625 0.03359375 0.0671875 0.0359375
11 0.278125 0.2421875 0.01796875 0.05234375
10 0.240625 0.3015625 0.034375 0.03515625
1 0.0953125 0.34375 0.03203125 0.03984375
10 0.16171875 0.53203125 0.0328125 0.0140625
10 0.4828125 0.18046875 0.09296875 0.0953125
11 0.45 0.49140625 0.128125 0.0953125
9 0.878125 0.1109375 0.16484375 0.1171875
10 0.621875 0.01015625 0.10625 0.0203125
10 0.83203125 0.2421875 0.15078125 0.09609375
1 0.98828125 0.03671875 0.0234375 0.0734375
0 0.6171875 0.39296875 0.1046875 0.0609375
0 0.953125 0.5109375 0.09375 0.05625
0 0.90703125 0.3484375 0.12109375 0.07734375
0 0.6765625 0.45859375 0.11171875 0.05625
0 0.5921875 0.2765625 0.125 0.075
9 0.36484375 0.94453125 0.1015625 0.1109375
0 0.32734375 0.77109375 0.0765625 0.07578125
1 0.246875 0.66328125 0.0796875 0.0609375
0 0.95625 0.8921875 0.0875 0.165625
1 0.76484375 0.9359375 0.0796875 0.0765625