5 0.0859375 0.30546875 0.171875 0.1078125
5 0.02890625 0.1546875 0.0578125 0.1609375
5 0.25234375 0.32265625 0.13515625 0.07421875
5 0.225 0.05234375 0.1125 0.1046875
5 0.16796875 0.115625 0.115625 0.0953125
5 0.08671875 0.09921875 0.084375 0.07578125
1 0.60703125 0.01015625 0.0421875 0.0203125
1 0.51171875 0.33203125 0.059375 0.0546875
1 0.73046875 0.01953125 0.04375 0.0390625
1 0.82109375 0.1640625 0.0578125 0.06328125
11 0.8125 0.3140625 0.08984375 0.0921875
9 0.684375 0.34140625 0.09296875 0.03671875
1 0.578125 0.2234375 0.059375 0.0484375
1 0.596875 0.165625 0.04921875 0.0421875
1 0.47265625 0.190625 0.05234375 0.0453125
1 0.675 0.02578125 0.0453125 0.0484375
1 0.74453125 0.27578125 0.0578125 0.05
1 0.07109375 0.63359375 0.03671875 0.040625
1 0.30546875 0.66796875 0.028125 0.0578125
1 0.01171875 0.590625 0.0171875 0.01328125
1 0.00625 0.66953125 0.0125 0.01640625
0 0.2453125 0.59765625 0.0546875 0.06640625
0 0.18515625 0.60859375 0.04921875 0.06640625
0 0.190625 0.540625 0.07734375 0.059375
9 0.09609375 0.4953125 0.0421875 0.05
11 0.70234375 0.41484375 0.128125 0.109375
11 0.5921875 0.51953125 0.1546875 0.16953125
11 0.66015625 0.89609375 0.1703125 0.2078125
11 0.8921875 0.9390625 0.1125 0.121875
11 0.459375 0.43671875 0.16328125 0.1546875