10 0.41796875 0.2171875 0.05703125 0.06484375
10 0.41015625 0.13515625 0.0609375 0.08515625
1 0.28984375 0.1875 0.0421875 0.0625
1 0.284375 0.08828125 0.03125 0.0640625
1 0.4203125 0.04921875 0.0453125 0.05859375
1 0.421875 0.00625 0.040625 0.0125
1 0.31796875 0.0234375 0.0390625 0.046875
1 0.38671875 0.2484375 0.0203125 0.03828125
10 0.70390625 0.053125 0.0828125 0.10625
1 0.81953125 0.10234375 0.05703125 0.08046875
0 0.96015625 0.040625 0.0796875 0.08125
9 0.284375 0.37109375 0.03125 0.1578125
9 0.45390625 0.34375 0.10625 0.10234375
0 0.35078125 0.41328125 0.09609375 0.140625
9 0.93828125 0.44765625 0.1234375 0.0609375
10 0.95390625 0.52421875 0.0921875 0.0453125
10 0.81640625 0.46953125 0.06640625 0.03125