1 0.128125 0.16015625 0.0375 0.0859375
1 0.1328125 0.01484375 0.028125 0.0296875
9 0.096875 0.009375 0.078125 0.01875
10 0.19140625 0.48828125 0.0453125 0.0234375
9 0.56171875 0.08671875 0.13046875 0.10390625
1 0.434375 0.26640625 0.06875 0.0890625
0 0.8015625 0.11171875 0.109375 0.090625
0 0.18828125 0.60390625 0.04609375 0.08125
0 0.3671875 0.54453125 0.05625 0.0890625
0 0.38828125 0.64765625 0.0234375 0.0921875
0 0.2 0.70078125 0.04921875 0.05078125
1 0.34609375 0.940625 0.1078125 0.046875
1 0.10546875 0.965625 0.0671875 0.06875
1 0.18671875 0.9375 0.08671875 0.0390625
9 0.5046875 0.60390625 0.08515625 0.04140625
1 0.66015625 0.50859375 0.1484375 0.0171875
1 0.53125 0.52890625 0.05703125 0.02734375
1 0.80625 0.6015625 0.05234375 0.02421875
9 0.6359375 0.65234375 0.04921875 0.02265625
9 0.6 0.55234375 0.04921875 0.02265625
9 0.66171875 0.5890625 0.0640625 0.02734375
9 0.65234375 0.60703125 0.05703125 0.02734375
9 0.803125 0.57578125 0.05703125 0.02578125
9 0.42578125 0.53046875 0.0515625 0.0265625
9 0.7109375 0.53828125 0.0640625 0.02734375
9 0.90234375 0.5140625 0.1140625 0.028125
4 0.92421875 0.93984375 0.1515625 0.1203125