9 0.4984375 0.0140625 0.059375 0.028125
9 0.34296875 0.01640625 0.0421875 0.0328125
9 0.2640625 0.1125 0.05625 0.03125
9 0.1890625 0.21796875 0.04140625 0.05078125
9 0.11953125 0.46015625 0.0640625 0.0578125
3 0.57265625 0.08828125 0.0453125 0.1171875
9 0.7640625 0.096875 0.04296875 0.0984375
10 0.81640625 0.2796875 0.05859375 0.059375
10 0.67578125 0.0421875 0.07265625 0.065625
10 0.628125 0.175 0.06328125 0.08046875
0 0.984375 0.146875 0.03125 0.103125
1 0.8015625 0.56328125 0.04921875 0.06875
1 0.6296875 0.52109375 0.059375 0.0640625