4 0.02109375 0.303125 0.0421875 0.1125
1 0.190625 0.440625 0.046875 0.0375
1 0.12265625 0.36875 0.06953125 0.08203125
4 0.0640625 0.4703125 0.046875 0.021875
11 0.009375 0.7484375 0.01875 0.053125
10 0.01953125 0.921875 0.0265625 0.0453125
7 0.37890625 0.91875 0.06015625 0.05625
7 0.3359375 0.96796875 0.05078125 0.03125
7 0.36015625 0.98671875 0.0703125 0.0265625
1 0.3390625 0.54296875 0.0890625 0.05234375
1 0.57578125 0.55859375 0.06953125 0.07578125
1 0.56640625 0.490625 0.0609375 0.0625
1 0.66484375 0.47578125 0.0359375 0.0328125
1 0.43359375 0.72890625 0.0484375 0.0328125
0 0.48203125 0.69609375 0.1078125 0.1
0 0.49765625 0.515625 0.06484375 0.096875
1 0.41484375 0.921875 0.0109375 0.04375
1 0.4578125 0.8796875 0.03828125 0.0515625
1 0.41796875 0.76796875 0.0171875 0.0453125
1 0.85234375 0.8 0.0671875 0.1078125