0 0.4328125 0.32109375 0.0125 0.0890625
1 0.58203125 0.040625 0.14296875 0.0625
1 0.54375 0.13359375 0.11171875 0.059375
1 0.5109375 0.1875 0.06875 0.04609375
1 0.59921875 0.23359375 0.1375 0.04921875
1 0.97109375 0.215625 0.0578125 0.046875
9 0.31640625 0.45859375 0.0609375 0.0796875
9 0.1265625 0.50703125 0.04453125 0.10859375
1 0.43125 0.81796875 0.015625 0.0640625
4 0.55546875 0.42578125 0.1328125 0.0140625
1 0.6796875 0.453125 0.1078125 0.03984375
1 0.6953125 0.65234375 0.075 0.09296875
1 0.8171875 0.61796875 0.01640625 0.065625
10 0.81015625 0.965625 0.0296875 0.06875
9 0.5328125 0.62421875 0.06484375 0.07265625
5 0.9296875 0.659375 0.13125 0.18984375
5 0.94296875 0.76875 0.03828125 0.0796875
5 0.96328125 0.7328125 0.0296875 0.05703125
5 0.9921875 0.6734375 0.015625 0.08125
5 0.9734375 0.9328125 0.053125 0.109375
5 0.9828125 0.83359375 0.034375 0.1265625
5 0.99140625 0.9484375 0.0171875 0.103125