8 0.42578125 0.13203125 0.0484375 0.1109375
8 0.13359375 0.3046875 0.2359375 0.190625
8 0.3359375 0.08125 0.09609375 0.12265625
8 0.18046875 0.06875 0.1984375 0.1375
8 0.24453125 0.0203125 0.2328125 0.040625
10 0.63984375 0.1609375 0.0640625 0.0796875
1 0.796875 0.0515625 0.05546875 0.0796875
9 0.47578125 0.08359375 0.046875 0.08515625
1 0.64296875 0.709375 0.05078125 0.07890625
9 0.88125 0.55078125 0.03515625 0.0625
1 0.7515625 0.5140625 0.06328125 0.071875
9 0.9828125 0.56953125 0.034375 0.1390625
8 0.5671875 0.909375 0.09609375 0.06875
8 0.48125 0.9734375 0.0625 0.04375
12 0.690625 0.98515625 0.109375 0.0296875
12 0.7859375 0.97109375 0.11875 0.0578125
12 0.5453125 0.990625 0.1125 0.01875