11 0.09453125 0.0546875 0.1890625 0.109375
0 0.06015625 0.1921875 0.08671875 0.1375
0 0.16484375 0.18828125 0.0515625 0.09453125
9 0.0921875 0.46953125 0.06875 0.0609375
9 0.065625 0.40546875 0.0484375 0.06328125
10 0.309375 0.42265625 0.13203125 0.14296875
9 0.48359375 0.35078125 0.1015625 0.12421875
1 0.25625 0.31015625 0.0671875 0.075
1 0.19921875 0.3203125 0.01796875 0.06796875
1 0.33828125 0.1484375 0.065625 0.075
1 0.26640625 0.26875 0.05 0.0578125
0 0.8890625 0.13984375 0.1046875 0.134375
9 0.97890625 0.240625 0.0421875 0.115625
9 0.65078125 0.54375 0.06875 0.0671875
9 0.790625 0.8390625 0.08125 0.08125
9 0.75703125 0.903125 0.04765625 0.065625
9 0.81640625 0.98125 0.0484375 0.0375
9 0.671875 0.8265625 0.0640625 0.04765625
9 0.56875 0.61484375 0.01875 0.0734375
9 0.7609375 0.76484375 0.08515625 0.078125
1 0.89140625 0.9796875 0.0390625 0.040625
1 0.9296875 0.98984375 0.040625 0.0203125
1 0.68359375 0.77578125 0.06171875 0.0546875
9 0.62421875 0.6 0.065625 0.04609375
0 0.6171875 0.66953125 0.115625 0.0921875
0 0.61953125 0.74296875 0.1203125 0.1359375
0 0.6609375 0.89375 0.15546875 0.12421875
1 0.60390625 0.9671875 0.0890625 0.065625
1 0.7609375 0.71171875 0.05625 0.05703125
1 0.86171875 0.9796875 0.0734375 0.040625