1 0.2921875 0.0984375 0.03203125 0.0234375
1 0.3078125 0.42890625 0.05546875 0.0609375
1 0.32578125 0.56015625 0.06796875 0.103125
10 0.2140625 0.85546875 0.14765625 0.1125
10 0.0515625 0.8796875 0.103125 0.084375
10 0.1859375 0.9875 0.084375 0.025
9 0.678125 0.81875 0.16953125 0.26953125
9 0.95703125 0.67421875 0.07109375 0.053125
1 0.85703125 0.496875 0.0828125 0.034375
1 0.946875 0.49765625 0.05625 0.0359375
1 0.95625 0.58671875 0.03046875 0.0421875
1 0.91640625 0.57421875 0.04453125 0.05859375
1 0.95546875 0.76484375 0.05625 0.03203125
1 0.990625 0.76953125 0.01875 0.0359375
1 0.93671875 0.86640625 0.04375 0.046875
1 0.8265625 0.63515625 0.0171875 0.0421875
1 0.9875 0.515625 0.025 0.046875
1 0.98984375 0.603125 0.0203125 0.065625
1 0.840625 0.7296875 0.0390625 0.046875
1 0.85390625 0.90625 0.03359375 0.03671875
1 0.99375 0.81640625 0.0125 0.0328125
1 0.91640625 0.90234375 0.03046875 0.05703125
1 0.93515625 0.9265625 0.040625 0.0453125
1 0.90625 0.79453125 0.03203125 0.03671875
10 0.96875 0.9625 0.053125 0.01875