1 0.328125 0.1515625 0.08359375 0.04765625
1 0.021875 0.33671875 0.04375 0.025
1 0.18671875 0.16484375 0.05859375 0.03359375
1 0.14375 0.15 0.05859375 0.03515625
1 0.12890625 0.2140625 0.0453125 0.02109375
1 0.1453125 0.2625 0.07265625 0.0453125
1 0.21953125 0.23984375 0.0859375 0.0453125
1 0.0203125 0.17109375 0.040625 0.0484375
9 0.41640625 0.3546875 0.05625 0.04375
9 0.315625 0.390625 0.0921875 0.03125
0 0.653125 0.1671875 0.0375 0.11015625
9 0.634375 0.0546875 0.0171875 0.0546875
9 0.67578125 0.184375 0.02109375 0.0671875
9 0.61953125 0.1015625 0.0265625 0.0828125
5 0.1453125 0.5296875 0.290625 0.196875
5 0.13046875 0.6203125 0.2609375 0.096875
1 0.478125 0.9875 0.053125 0.025
1 0.0203125 0.884375 0.040625 0.075
1 0.0375 0.96640625 0.05390625 0.0578125
11 0.1953125 0.884375 0.07578125 0.09921875
10 0.034375 0.68125 0.059375 0.025
0 0.3015625 0.80859375 0.07578125 0.0546875
0 0.22421875 0.97265625 0.0640625 0.0546875
9 0.84765625 0.68203125 0.1078125 0.0265625
1 0.7203125 0.71484375 0.04765625 0.06015625