9 0.57421875 0.303125 0.08203125 0.08203125
9 0.01328125 0.3671875 0.0265625 0.090625
9 0.65859375 0.33671875 0.0421875 0.0640625
11 0.01796875 0.90234375 0.0359375 0.0765625
11 0.03828125 0.796875 0.05390625 0.0578125
9 0.0078125 0.778125 0.015625 0.028125
10 0.446875 0.82890625 0.065625 0.07421875
10 0.65859375 0.89140625 0.0421875 0.0640625
10 0.29765625 0.86796875 0.04453125 0.04765625
10 0.31875 0.83671875 0.04453125 0.04609375
10 0.6609375 0.96953125 0.0375 0.0609375
11 0.63203125 0.71171875 0.07578125 0.090625
11 0.55234375 0.9125 0.071875 0.1015625
0 0.578125 0.75 0.065625 0.07578125
0 0.4859375 0.865625 0.0609375 0.071875
0 0.2140625 0.89375 0.07109375 0.0828125
0 0.4515625 0.71484375 0.06328125 0.0609375
0 0.27890625 0.97109375 0.0515625 0.0578125
0 0.6265625 0.86953125 0.04765625 0.06328125