1 0.0484375 0.1828125 0.05703125 0.06484375
9 0.1109375 0.1265625 0.05703125 0.05625
0 0.30390625 0.309375 0.02421875 0.103125
1 0.44921875 0.28671875 0.0390625 0.0640625
1 0.40703125 0.26328125 0.0375 0.075
1 0.35234375 0.14140625 0.05 0.0828125
1 0.375 0.040625 0.0875 0.08125
11 0.6453125 0.3453125 0.07890625 0.15625
10 0.48203125 0.3453125 0.0265625 0.071875
10 0.5796875 0.45625 0.04375 0.046875
10 0.58203125 0.31015625 0.04375 0.08046875
1 0.4953125 0.0078125 0.053125 0.015625
9 0.87421875 0.3484375 0.07890625 0.0921875
1 0.978125 0.40859375 0.040625 0.0421875
1 0.9890625 0.10390625 0.021875 0.0546875
1 0.984375 0.2078125 0.03125 0.075
1 0.79453125 0.45234375 0.03203125 0.05390625
10 0.75859375 0.10234375 0.05078125 0.08203125
1 0.978125 0.46171875 0.025 0.0359375
1 0.91640625 0.02109375 0.0484375 0.0421875
1 0.8640625 0.00703125 0.0375 0.0140625
1 0.93515625 0.121875 0.02421875 0.04375
9 0.6578125 0.5484375 0.0578125 0.0640625
1 0.7265625 0.4984375 0.075 0.0375
1 0.8296875 0.584375 0.03515625 0.0578125
1 0.475 0.56328125 0.0125 0.0703125
6 0.88671875 0.9390625 0.1765625 0.121875