5 0.20078125 0.0234375 0.0953125 0.046875
5 0.2 0.11328125 0.07109375 0.09140625
1 0.13359375 0.0125 0.0421875 0.025
1 0.1328125 0.18671875 0.04453125 0.08203125
1 0.05390625 0.16328125 0.05078125 0.05546875
1 0.05234375 0.2234375 0.04140625 0.02265625
9 0.17265625 0.428125 0.0390625 0.07265625
9 0.05078125 0.39921875 0.046875 0.08203125
9 0.15859375 0.378125 0.06015625 0.10078125
1 0.065625 0.45390625 0.05625 0.0296875
9 0.81796875 0.17578125 0.07265625 0.0609375
9 0.5890625 0.32109375 0.046875 0.06796875
10 0.6890625 0.01015625 0.078125 0.0203125
10 0.33046875 0.0265625 0.09453125 0.053125
1 0.0265625 0.94609375 0.053125 0.1078125