1 0.3875 0.3671875 0.0625 0.10625
0 0.89921875 0.35234375 0.1109375 0.2328125
11 0.4546875 0.20390625 0.071875 0.1578125
9 0.1078125 0.6046875 0.0703125 0.0828125
9 0.16328125 0.63671875 0.03125 0.09296875
9 0.0234375 0.7921875 0.046875 0.090625
9 0.0078125 0.72265625 0.015625 0.0671875
9 0.05234375 0.6375 0.04296875 0.0734375
9 0.0078125 0.86171875 0.015625 0.0859375
1 0.10625 0.6640625 0.03359375 0.05234375
1 0.1375 0.65 0.03515625 0.05
1 0.08671875 0.64375 0.06171875 0.084375
1 0.384375 0.671875 0.06875 0.1109375
1 0.2515625 0.48125 0.075 0.025
1 0.19609375 0.55546875 0.03359375 0.0734375
1 0.2453125 0.76015625 0.0515625 0.06640625
1 0.33671875 0.8703125 0.0578125 0.07890625
1 0.28125 0.8125 0.0515625 0.075
1 0.34140625 0.65703125 0.05 0.06640625
1 0.48125 0.9859375 0.05 0.028125
1 0.4328125 0.93125 0.028125 0.059375
4 0.59140625 0.9203125 0.09296875 0.12578125
9 0.5046875 0.665625 0.08203125 0.11875
0 0.490625 0.76875 0.065625 0.08125
1 0.453125 0.8546875 0.0609375 0.0875
9 0.95 0.934375 0.0515625 0.05078125
9 0.97890625 0.90625 0.0421875 0.065625
9 0.76796875 0.63125 0.03515625 0.0484375
9 0.9578125 0.728125 0.084375 0.1875
9 0.88984375 0.5515625 0.0546875 0.06328125
9 0.89765625 0.77734375 0.040625 0.053125
1 0.984375 0.703125 0.009375 0.01015625
1 0.8796875 0.67890625 0.0234375 0.02734375
9 0.79453125 0.65703125 0.04296875 0.05546875
9 0.8375 0.7421875 0.03359375 0.0421875