0 0.0875 0.3453125 0.075 0.04296875
0 0.1578125 0.028125 0.08125 0.05625
0 0.11953125 0.0984375 0.065625 0.03671875
0 0.034375 0.49453125 0.06875 0.0484375
9 0.03515625 0.39609375 0.0703125 0.0859375
9 0.1484375 0.3 0.0703125 0.08046875
9 0.73046875 0.5125 0.07109375 0.10234375
4 0.81875 0.3375 0.0984375 0.10078125
0 0.8265625 0.0984375 0.11015625 0.09453125
0 0.65390625 0.26640625 0.17734375 0.12421875
0 0.87265625 0.43671875 0.1171875 0.10078125
0 0.86015625 0.52734375 0.09609375 0.05703125
0 0.60546875 0.465625 0.05390625 0.0890625
5 0.19375 0.8546875 0.15 0.290625
5 0.0921875 0.80546875 0.11015625 0.23515625
11 0.63671875 0.69609375 0.0984375 0.1140625
0 0.7875 0.653125 0.13125 0.028125
0 0.60625 0.859375 0.09296875 0.1
0 0.6984375 0.83046875 0.06953125 0.090625
0 0.89921875 0.78828125 0.13515625 0.2046875
0 0.8140625 0.796875 0.1 0.10234375