1 0.30625 0.359375 0.06875 0.07890625
1 0.29296875 0.27421875 0.06484375 0.07890625
0 0.20546875 0.0671875 0.0796875 0.134375
0 0.071875 0.04296875 0.10625 0.0859375
9 0.1515625 0.37109375 0.06484375 0.05546875
9 0.18359375 0.30625 0.0453125 0.0734375
10 0.39765625 0.1125 0.06875 0.10703125
6 0.16875 0.5046875 0.1859375 0.21171875
1 0.95703125 0.13125 0.04609375 0.034375
1 0.7609375 0.0546875 0.06328125 0.0484375
1 0.99140625 0.1703125 0.0171875 0.0125
0 0.7984375 0.11640625 0.065625 0.05390625
0 0.8515625 0.121875 0.06328125 0.05390625
0 0.825 0.16484375 0.0828125 0.05390625
9 0.8890625 0.215625 0.0515625 0.04140625
0 0.321875 0.66953125 0.028125 0.0203125
1 0.2625 0.72421875 0.03359375 0.05703125
1 0.6375 0.82734375 0.14375 0.0265625
1 0.6140625 0.89765625 0.109375 0.07421875
1 0.640625 0.9578125 0.03515625 0.0296875
1 0.57578125 0.9609375 0.04453125 0.03828125
1 0.2640625 0.853125 0.06484375 0.0609375
10 0.4328125 0.971875 0.065625 0.05625
10 0.88515625 0.99296875 0.0453125 0.0140625
11 0.925 0.81015625 0.0640625 0.08515625
1 0.84921875 0.9171875 0.0453125 0.07109375
1 0.98046875 0.73515625 0.0390625 0.0703125
9 0.99140625 0.98125 0.0171875 0.0375