1 0.00859375 0.18984375 0.0171875 0.0703125
1 0.06171875 0.184375 0.0484375 0.0609375
1 0.0546875 0.11796875 0.0546875 0.05625
11 0.0765625 0.01484375 0.053125 0.0296875
11 0.271875 0.21328125 0.06171875 0.08203125
11 0.16015625 0.0515625 0.05234375 0.08671875
11 0.1578125 0.2296875 0.03984375 0.0515625
11 0.05234375 0.3234375 0.04609375 0.065625
11 0.215625 0.31796875 0.06796875 0.0578125
0 0.0578125 0.05234375 0.115625 0.0828125
0 0.11328125 0.21328125 0.059375 0.07421875
1 0.16875 0.13125 0.03046875 0.0453125
1 0.17109375 0.18984375 0.04453125 0.04140625
9 0.59765625 0.3484375 0.059375 0.09921875
9 0.64140625 0.115625 0.0859375 0.125
9 0.07265625 0.4921875 0.0359375 0.053125
0 0.26640625 0.46953125 0.0640625 0.0984375
10 0.6046875 0.46328125 0.0328125 0.059375
10 0.49609375 0.46015625 0.01796875 0.03984375
10 0.5703125 0.434375 0.021875 0.0453125
0 0.88203125 0.3890625 0.06953125 0.10625
0 0.978125 0.48515625 0.04375 0.0671875
5 0.96171875 0.0765625 0.0765625 0.09375
5 0.865625 0.040625 0.06875 0.08125
5 0.9109375 0.21875 0.0796875 0.134375
5 0.98203125 0.1765625 0.0359375 0.10625
0 0.584375 0.58203125 0.065625 0.1265625
0 0.52890625 0.88359375 0.10078125 0.11796875
0 0.1484375 0.8203125 0.040625 0.0765625
9 0.384375 0.70234375 0.11328125 0.11171875
9 0.24296875 0.7296875 0.10234375 0.1078125
9 0.4640625 0.63984375 0.0921875 0.11171875
9 0.33984375 0.5453125 0.0453125 0.053125
1 0.9390625 0.8421875 0.0890625 0.06875