1 0.01875 0.171875 0.0375 0.121875
9 0.01796875 0.2765625 0.0359375 0.096875
9 0.2375 0.36328125 0.08359375 0.09296875
9 0.43828125 0.128125 0.0234375 0.078125
9 0.15234375 0.19609375 0.07109375 0.09453125
9 0.0984375 0.13359375 0.046875 0.0671875
9 0.1578125 0.4328125 0.0609375 0.075
9 0.13359375 0.4796875 0.065625 0.03984375
9 0.43984375 0.32421875 0.0203125 0.0578125
9 0.3984375 0.340625 0.053125 0.10234375
1 0.425 0.434375 0.05 0.0546875
1 0.06484375 0.29453125 0.0546875 0.0640625
1 0.3796875 0.03203125 0.05 0.0640625
1 0.42578125 0.01640625 0.0484375 0.0328125
1 0.27734375 0.47578125 0.0484375 0.0484375
1 0.3234375 0.365625 0.0546875 0.053125
1 0.32265625 0.00546875 0.0453125 0.0109375
11 0.69296875 0.20859375 0.0625 0.0265625
11 0.70859375 0.171875 0.10390625 0.05
11 0.6140625 0.2109375 0.0625 0.059375
11 0.66796875 0.25390625 0.0484375 0.05
9 0.70390625 0.31328125 0.06015625 0.0234375
9 0.73125 0.3828125 0.0484375 0.05
10 0.60234375 0.44140625 0.04453125 0.04296875
10 0.634375 0.37421875 0.07265625 0.046875
1 0.88046875 0.3078125 0.0734375 0.0375
1 0.98046875 0.27421875 0.0390625 0.0578125
1 0.53828125 0.29609375 0.034375 0.034375
1 0.4609375 0.4046875 0.021875 0.0375
1 0.51171875 0.49140625 0.0484375 0.0171875
1 0.56875 0.4875 0.0375 0.025
1 0.72421875 0.48828125 0.0546875 0.0234375
1 0.878125 0.4484375 0.0546875 0.04453125
1 0.6515625 0.4140625 0.046875 0.0375
1 0.13515625 0.5359375 0.05390625 0.05859375
1 0.15546875 0.61640625 0.05703125 0.08046875
1 0.15078125 0.71875 0.05390625 0.0671875
0 0.1921875 0.9515625 0.053125 0.096875
9 0.3109375 0.646875 0.0515625 0.0890625
9 0.2625 0.7265625 0.034375 0.0703125
1 0.28359375 0.553125 0.04375 0.0578125