9 0.1125 0.02421875 0.04453125 0.04765625
1 0.29453125 0.29375 0.03515625 0.04609375
1 0.27421875 0.0171875 0.0453125 0.034375
1 0.19609375 0.22265625 0.02890625 0.03203125
1 0.2359375 0.24140625 0.0328125 0.0390625
1 0.2875 0.24453125 0.028125 0.0421875
1 0.475 0.24296875 0.04609375 0.0578125
1 0.3875 0.24140625 0.0421875 0.05078125
1 0.8375 0.01875 0.071875 0.0375
1 0.87265625 0.19765625 0.04375 0.04296875
1 0.87421875 0.14765625 0.0421875 0.03984375
0 0.77265625 0.0796875 0.0734375 0.07421875
10 0.01953125 0.53671875 0.0390625 0.0734375
1 0.01015625 0.4453125 0.0203125 0.078125
9 0.178125 0.703125 0.1171875 0.06796875
0 0.30078125 0.96953125 0.1109375 0.0609375
11 0.18203125 0.88828125 0.08984375 0.1234375
11 0.3296875 0.79375 0.059375 0.115625