1 0.0953125 0.078125 0.04609375 0.0390625
1 0.08359375 0.1328125 0.06171875 0.046875
10 0.46953125 0.06953125 0.071875 0.1
10 0.521875 0.41171875 0.034375 0.0859375
10 0.325 0.44453125 0.06171875 0.04296875
10 0.30703125 0.12578125 0.04609375 0.071875
10 0.359375 0.15546875 0.04921875 0.07890625
10 0.41953125 0.025 0.0484375 0.05
10 0.24453125 0.2609375 0.04296875 0.07890625
10 0.2328125 0.4125 0.0421875 0.0625
10 0.4359375 0.3484375 0.03828125 0.071875
10 0.18203125 0.284375 0.0515625 0.0734375
10 0.50703125 0.034375 0.0453125 0.06875
1 0.45 0.14921875 0.059375 0.07734375
9 0.384375 0.5640625 0.03359375 0.05390625
1 0.3359375 0.55234375 0.03984375 0.059375
1 0.28828125 0.48515625 0.0359375 0.0375
9 0.48515625 0.59296875 0.0453125 0.0140625
9 0.3640625 0.58671875 0.040625 0.0265625
1 0.225 0.771875 0.08984375 0.121875
1 0.1296875 0.778125 0.08203125 0.1203125
1 0.27890625 0.9546875 0.0609375 0.078125
1 0.4328125 0.76484375 0.0640625 0.10859375
1 0.52265625 0.90078125 0.0328125 0.0953125
1 0.57578125 0.7140625 0.0734375 0.046875
1 0.86640625 0.97890625 0.1015625 0.0421875
1 0.6140625 0.85 0.06640625 0.06484375
1 0.80078125 0.78671875 0.0375 0.05078125
1 0.73671875 0.89375 0.1609375 0.09609375
1 0.73046875 0.80546875 0.06875 0.0875
1 0.853125 0.66171875 0.06640625 0.06484375
1 0.58984375 0.94375 0.0578125 0.1125
9 0.90859375 0.79765625 0.08046875 0.07890625