1 0.36640625 0.06875 0.0859375 0.090625
4 0.19765625 0.42578125 0.0578125 0.20234375
0 0.35234375 0.6171875 0.10625 0.05703125
0 0.48828125 0.66875 0.0234375 0.05
9 0.33984375 0.79609375 0.10234375 0.05
9 0.41953125 0.7625 0.06171875 0.0421875
9 0.28828125 0.74765625 0.121875 0.06484375
1 0.40078125 0.725 0.1078125 0.0703125
1 0.21796875 0.76015625 0.07265625 0.04375
9 0.45625 0.80390625 0.0796875 0.0453125
0 0.9453125 0.609375 0.0625 0.059375
0 0.9859375 0.615625 0.028125 0.071875
0 0.88046875 0.9734375 0.0828125 0.053125
0 0.71640625 0.70234375 0.11328125 0.17421875