12 0.025 0.11875 0.05 0.125
12 0.06328125 0.10390625 0.08828125 0.15703125
0 0.21953125 0.2140625 0.06953125 0.10625
0 0.3296875 0.31796875 0.071875 0.0828125
8 0.38203125 0.1390625 0.0640625 0.13046875
5 0.24765625 0.05546875 0.0796875 0.1109375
5 0.3296875 0.02734375 0.05625 0.0546875
9 0.04296875 0.76640625 0.0859375 0.1203125
1 0.115625 0.49609375 0.07578125 0.0640625
1 0.8703125 0.37890625 0.059375 0.0390625
0 0.85234375 0.425 0.05390625 0.021875
0 0.95 0.42578125 0.040625 0.0203125
0 0.73984375 0.39375 0.05546875 0.059375
0 0.825 0.3671875 0.040625 0.015625
9 0.5109375 0.67734375 0.06484375 0.10078125
9 0.5515625 0.909375 0.209375 0.18125
6 0.98671875 0.9359375 0.0265625 0.128125