1 0.00625 0.04140625 0.0125 0.0765625
9 0.28359375 0.0703125 0.1484375 0.140625
0 0.13828125 0.459375 0.0484375 0.11875
1 0.046875 0.21171875 0.0515625 0.046875
9 0.25234375 0.33671875 0.04921875 0.06171875
9 0.3 0.17578125 0.0546875 0.01484375
9 0.22890625 0.5046875 0.0390625 0.028125
9 0.27734375 0.50703125 0.0359375 0.0234375
1 0.18359375 0.44765625 0.0390625 0.06015625
1 0.3375 0.25703125 0.03671875 0.0703125
1 0.29296875 0.23203125 0.04921875 0.03984375
1 0.25078125 0.24140625 0.0390625 0.0484375
1 0.39453125 0.234375 0.03671875 0.03828125
1 0.27734375 0.7625 0.08984375 0.11015625
1 0.334375 0.5625 0.184375 0.0875