1 0.19453125 0.12734375 0.10234375 0.1375
1 0.20859375 0.35546875 0.0390625 0.12421875
1 0.31484375 0.29296875 0.06640625 0.10703125
1 0.359375 0.47265625 0.05 0.0921875
11 0.496875 0.0578125 0.015625 0.059375
10 0.62265625 0.02265625 0.0859375 0.0453125
9 0.73203125 0.04375 0.0734375 0.0875
10 0.7546875 0.33984375 0.07578125 0.08828125
0 0.67265625 0.32890625 0.08671875 0.07265625
0 0.690625 0.4625 0.0671875 0.1109375
5 0.45078125 0.97578125 0.0765625 0.0484375
3 0.34453125 0.9359375 0.0796875 0.08984375