1 0.2 0.01484375 0.04375 0.0296875
1 0.0046875 0.0625 0.009375 0.053125
1 0.140625 0.12578125 0.08828125 0.0625
1 0.03046875 0.1421875 0.0609375 0.028125
9 0.05703125 0.0484375 0.075 0.0875
9 0.140625 0.01484375 0.09375 0.0296875
9 0.4109375 0.0640625 0.0796875 0.0625
1 0.30859375 0.103125 0.06484375 0.09375
1 0.36640625 0.13984375 0.0828125 0.0328125
9 0.65078125 0.34296875 0.1703125 0.1140625
9 0.93046875 0.27734375 0.07109375 0.053125
1 0.83046875 0.05859375 0.0828125 0.1171875
1 0.92109375 0.08203125 0.05625 0.0734375
1 0.9296875 0.18984375 0.03046875 0.0421875
1 0.88984375 0.17734375 0.04453125 0.05859375
1 0.92890625 0.36796875 0.05625 0.03203125
1 0.97578125 0.3734375 0.0421875 0.03671875
1 0.8 0.23828125 0.0171875 0.0421875
1 0.965625 0.11953125 0.03359375 0.046875
1 0.971875 0.20703125 0.03515625 0.06484375
1 0.8140625 0.3328125 0.0390625 0.046875
1 0.87890625 0.3890625 0.0328125 0.021875
1 0.85390625 0.01875 0.0390625 0.0375