1 0.8046875 0.60546875 0.071875 0.05078125
1 0.92265625 0.7 0.06875 0.06640625
1 0.95078125 0.36640625 0.065625 0.0546875
1 0.61484375 0.6140625 0.08359375 0.04609375
1 0.80703125 0.38828125 0.05390625 0.06328125
9 0.128125 0.60078125 0.07578125 0.0546875
9 0.82421875 0.809375 0.06875 0.05703125
9 0.95703125 0.89921875 0.07890625 0.07265625
9 0.603125 0.42421875 0.0703125 0.06953125
9 0.73046875 0.29296875 0.11171875 0.06015625
9 0.4671875 0.48671875 0.103125 0.07890625
9 0.4328125 0.72265625 0.0703125 0.0484375
9 0.22421875 0.50390625 0.05078125 0.05234375
9 0.30703125 0.7359375 0.08828125 0.09375
9 0.7625 0.16796875 0.11328125 0.09140625