5 0.13359375 0.50234375 0.2671875 0.1546875
5 0.35234375 0.53203125 0.2734375 0.0953125
5 0.0390625 0.38203125 0.078125 0.0890625
5 0.2828125 0.4703125 0.06875 0.0609375
5 0.33203125 0.33984375 0.09921875 0.046875
5 0.4625 0.28359375 0.053125 0.0671875
5 0.3203125 0.23125 0.1265625 0.0953125
1 0.38828125 0.17890625 0.0953125 0.0125
1 0.0296875 0.28828125 0.059375 0.0546875
1 0.4734375 0.409375 0.03125 0.0625
1 0.034375 0.98359375 0.040625 0.0328125
0 0.46484375 0.621875 0.0421875 0.084375
9 0.96015625 0.6375 0.0796875 0.115625
1 0.5234375 0.83046875 0.0515625 0.08203125