0 0.23828125 0.4734375 0.0640625 0.03125
0 0.13984375 0.41640625 0.05546875 0.07421875
9 0.25625 0.24375 0.06171875 0.07421875
9 0.20703125 0.2875 0.03828125 0.0625
9 0.28359375 0.31484375 0.0734375 0.096875
1 0.215625 0.34140625 0.06484375 0.1015625
1 0.32578125 0.3 0.04453125 0.0640625
9 0.18671875 0.22734375 0.04765625 0.065625
1 0.89609375 0.0296875 0.0546875 0.05
1 0.82734375 0.07421875 0.02265625 0.03828125
1 0.93828125 0.0984375 0.03515625 0.05
1 0.99609375 0.0265625 0.0078125 0.0375
1 0.9765625 0.10234375 0.046875 0.0859375
1 0.97890625 0.05078125 0.0390625 0.0640625
1 0.859375 0.16328125 0.0390625 0.05703125
1 0.9390625 0.15859375 0.03828125 0.0765625
1 0.88984375 0.1328125 0.028125 0.04140625
9 0.93984375 0.35703125 0.04609375 0.0796875
9 0.8921875 0.2875 0.04609375 0.05
10 0.73828125 0.48125 0.0671875 0.015625
1 0.7015625 0.471875 0.025 0.034375
9 0.90234375 0.4671875 0.0921875 0.04375
9 0.559375 0.51796875 0.059375 0.0578125
9 0.85546875 0.51796875 0.0609375 0.0578125
9 0.8671875 0.94375 0.1015625 0.0921875
10 0.66796875 0.83984375 0.08046875 0.06953125
0 0.91171875 0.76640625 0.0703125 0.1546875
0 0.825 0.69921875 0.0859375 0.07265625
0 0.746875 0.659375 0.0328125 0.11484375
0 0.6671875 0.6515625 0.0484375 0.10234375