1 0.04140625 0.0140625 0.0421875 0.028125
9 0.27109375 0.02890625 0.0390625 0.0578125
9 0.4625 0.08984375 0.0578125 0.06796875
9 0.36484375 0.17578125 0.03515625 0.05390625
10 0.51171875 0.03203125 0.040625 0.046875
10 0.4078125 0.03046875 0.0375 0.05
11 0.3125 0.01640625 0.034375 0.0328125
9 0.49609375 0.25 0.090625 0.0953125
0 0.359375 0.27734375 0.08125 0.0640625
10 0.63203125 0.15546875 0.06015625 0.0609375
9 0.60625 0.2859375 0.06875 0.046875
1 0.98125 0.278125 0.0375 0.0625
1 0.8171875 0.4046875 0.0609375 0.05234375
1 0.9171875 0.34921875 0.02890625 0.01640625
1 0.92578125 0.44765625 0.02890625 0.02109375
0 0.56171875 0.353125 0.0234375 0.084375
0 0.628125 0.36953125 0.078125 0.0859375