1 0.80390625 0.02109375 0.0671875 0.0421875
1 0.71171875 0.07734375 0.08203125 0.0953125
10 0.63046875 0.278125 0.0609375 0.075
10 0.72265625 0.22890625 0.08046875 0.09375
1 0.815625 0.30234375 0.06484375 0.07265625
9 0.94765625 0.32265625 0.07890625 0.0671875
10 0.33671875 0.64140625 0.07265625 0.021875
10 0.44140625 0.53671875 0.07421875 0.0734375
11 0.03125 0.66953125 0.0625 0.0359375
10 0.0265625 0.8734375 0.053125 0.071875
9 0.0640625 0.78515625 0.0859375 0.0734375
9 0.52265625 0.67421875 0.134375 0.04375
1 0.496875 0.9890625 0.065625 0.021875
1 0.4546875 0.95390625 0.03203125 0.0328125
1 0.51328125 0.92421875 0.0421875 0.0359375
1 0.50546875 0.8375 0.046875 0.05
1 0.48828125 0.80234375 0.06484375 0.0390625
1 0.4171875 0.76796875 0.07734375 0.0453125
9 0.27109375 0.6875 0.0578125 0.0703125
10 0.925 0.49453125 0.0765625 0.09921875
10 0.82734375 0.465625 0.0734375 0.07109375
10 0.85625 0.7171875 0.0484375 0.06796875
10 0.9 0.75234375 0.05625 0.015625
9 0.96640625 0.61171875 0.0671875 0.0828125