9 0.21328125 0.11796875 0.1375 0.084375
1 0.8671875 0.01015625 0.034375 0.0203125
1 0.9296875 0.01328125 0.03125 0.0265625
1 0.94921875 0.0234375 0.040625 0.0453125
0 0.640625 0.3390625 0.06328125 0.06328125
0 0.53984375 0.38984375 0.0828125 0.0390625
0 0.76953125 0.33125 0.0515625 0.05859375
9 0.71875 0.11484375 0.06171875 0.05546875
9 0.75078125 0.1828125 0.03359375 0.0515625
9 0.66484375 0.1578125 0.07265625 0.075
1 0.72265625 0.221875 0.05859375 0.08359375
1 0.628125 0.1171875 0.0421875 0.0515625
9 0.79296875 0.14375 0.04609375 0.05
9 0.90546875 0.17421875 0.07578125 0.08046875
9 0.93828125 0.36875 0.0671875 0.0765625
10 0.978125 0.059375 0.04375 0.01875
10 0.8390625 0.19921875 0.01796875 0.0703125
0 0.1015625 0.553125 0.11953125 0.1140625
0 0.2484375 0.54453125 0.09375 0.11953125
10 0.628125 0.765625 0.04140625 0.0109375
9 0.57421875 0.5953125 0.03828125 0.06171875
9 0.52109375 0.515625 0.03359375 0.04453125
10 0.7546875 0.75 0.02890625 0.04296875
9 0.49140625 0.875 0.0640625 0.1375
0 0.65546875 0.8203125 0.0703125 0.09765625
9 0.94375 0.90703125 0.03671875 0.05703125