5 0.06171875 0.1234375 0.053125 0.059375
9 0.35625 0.17578125 0.0671875 0.04140625
0 0.39765625 0.02265625 0.0890625 0.0453125
0 0.475 0.0546875 0.0375 0.109375
0 0.5328125 0.06328125 0.0125 0.1046875
5 0.02734375 0.2515625 0.0546875 0.109375
5 0.11015625 0.2390625 0.0890625 0.08515625
5 0.04609375 0.4359375 0.0921875 0.065625
9 0.31015625 0.3 0.07890625 0.08203125
1 0.43125 0.20625 0.07578125 0.01875
1 0.36015625 0.4390625 0.1015625 0.04375
1 0.2078125 0.3046875 0.07734375 0.075
3 0.76640625 0.075 0.1546875 0.15
3 0.58828125 0.10078125 0.0984375 0.0796875
10 0.7640625 0.4359375 0.084375 0.065625
9 0.01484375 0.4921875 0.0296875 0.046875
9 0.08671875 0.8375 0.04375 0.09609375
9 0.0328125 0.6375 0.0390625 0.09296875
10 0.0390625 0.790625 0.034375 0.075
9 0.009375 0.70390625 0.01875 0.1359375
9 0.35078125 0.55 0.0765625 0.11328125
9 0.45859375 0.48828125 0.0546875 0.0390625
9 0.2203125 0.5578125 0.03515625 0.1296875
1 0.41875 0.51640625 0.028125 0.0515625
1 0.41640625 0.56484375 0.03515625 0.053125
1 0.39765625 0.70859375 0.04921875 0.0734375
1 0.371875 0.75859375 0.03515625 0.06015625
1 0.309375 0.65703125 0.02734375 0.05625
1 0.3296875 0.63828125 0.0328125 0.04453125
1 0.4109375 0.903125 0.046875 0.0796875
1 0.425 0.6125 0.0390625 0.06328125
0 0.58671875 0.52890625 0.0953125 0.0859375
0 0.58984375 0.63125 0.09765625 0.0546875