6 0.19140625 0.35 0.1171875 0.178125
1 0.2828125 0.02890625 0.065625 0.0578125
5 0.70546875 0.109375 0.1796875 0.1390625
5 0.828125 0.0328125 0.121875 0.065625
5 0.70078125 0.27421875 0.0484375 0.08203125
5 0.80859375 0.1203125 0.0265625 0.059375
5 0.84921875 0.2484375 0.0453125 0.03203125
5 0.92421875 0.27578125 0.03359375 0.06171875
5 0.95703125 0.22734375 0.04296875 0.059375
5 0.85859375 0.3671875 0.0515625 0.08515625
1 0.9 0.42265625 0.040625 0.0328125
1 0.7171875 0.37109375 0.025 0.0515625
1 0.9171875 0.1375 0.03671875 0.05546875
1 0.58828125 0.24453125 0.0203125 0.05234375
10 0.034375 0.603125 0.06875 0.08125
10 0.015625 0.796875 0.03125 0.059375
1 0.08203125 0.88125 0.0453125 0.0609375