9 0.1015625 0.41328125 0.13984375 0.1546875
4 0.625 0.490625 0.28046875 0.171875
1 0.49921875 0.33984375 0.08203125 0.0671875
0 0.6609375 0.38515625 0.15390625 0.04296875
9 0.57734375 0.25390625 0.07421875 0.090625
0 0.08203125 0.71171875 0.1453125 0.1140625
9 0.67109375 0.8703125 0.03828125 0.06171875
9 0.5109375 0.71953125 0.02890625 0.03828125
9 0.49296875 0.7734375 0.0265625 0.03828125
9 0.4453125 0.81953125 0.0390625 0.05546875
9 0.62265625 0.64765625 0.0359375 0.0171875
9 0.61796875 0.790625 0.03359375 0.04453125
9 0.42421875 0.76953125 0.0296875 0.0546875