1 0.1890625 0.24375 0.04375 0.03125
1 0.24765625 0.19921875 0.05078125 0.06015625
1 0.19375 0.12890625 0.0375 0.06015625
1 0.0046875 0.01640625 0.009375 0.0328125
1 0.1390625 0.025 0.03125 0.05
4 0.35703125 0.1171875 0.09296875 0.12578125
1 0.21875 0.0515625 0.0609375 0.0875
1 0.3046875 0.22578125 0.06875 0.0671875
1 0.62109375 0.03671875 0.0234375 0.0734375
1 0.9078125 0.15546875 0.07265625 0.0546875
1 0.8453125 0.11484375 0.06640625 0.05625
1 0.95078125 0.78515625 0.04609375 0.05078125
1 0.775 0.7484375 0.04609375 0.065625
1 0.790625 0.878125 0.0296875 0.053125