0 0.36484375 0.3703125 0.0625 0.0796875
0 0.42578125 0.36640625 0.0703125 0.1109375
0 0.4296875 0.1859375 0.1171875 0.1234375
0 0.51484375 0.46328125 0.1484375 0.1328125
0 0.134375 0.4671875 0.1125 0.165625
0 0.2234375 0.25390625 0.1703125 0.14296875
9 0.14296875 0.58671875 0.07734375 0.06796875
9 0.3515625 0.771875 0.07421875 0.06796875
0 0.32421875 0.6453125 0.06796875 0.04921875
9 0.20546875 0.89765625 0.11875 0.13046875
10 0.2515625 0.98359375 0.10625 0.0328125
1 0.10546875 0.85546875 0.06484375 0.04453125
1 0.5796875 0.86328125 0.0125 0.03828125