1 0.10859375 0.0140625 0.0921875 0.028125
9 0.63359375 0.05703125 0.0328125 0.1140625
1 0.12578125 0.39453125 0.05859375 0.053125
1 0.08671875 0.45625 0.06015625 0.046875
10 0.56953125 0.33671875 0.0875 0.06171875
9 0.62890625 0.528125 0.0421875 0.075
9 0.3296875 0.5796875 0.09375 0.040625
11 0.459375 0.29609375 0.103125 0.053125
11 0.44296875 0.47109375 0.1203125 0.1046875
12 0.7359375 0.3328125 0.171875 0.153125
8 0.86875 0.0140625 0.05625 0.028125
1 0.6359375 0.94921875 0.028125 0.1015625
1 0.4375 0.83046875 0.115625 0.10859375
1 0.609375 0.75 0.08125 0.14375
12 0.42421875 0.64140625 0.0734375 0.0828125