8 0.33125 0.0328125 0.05 0.065625
8 0.2921875 0.01640625 0.128125 0.0328125
8 0.17421875 0.17421875 0.06484375 0.0671875
8 0.02421875 0.01875 0.0484375 0.0375
6 0.403125 0.15234375 0.09375 0.1109375
11 0.04609375 0.4609375 0.0921875 0.134375
1 0.4171875 0.54453125 0.065625 0.1703125
1 0.43515625 0.40390625 0.0296875 0.1609375
8 0.02421875 0.7328125 0.0484375 0.03125
8 0.015625 0.71171875 0.03125 0.0328125
10 0.26953125 0.6875 0.08046875 0.10390625
9 0.35234375 0.70546875 0.1078125 0.14453125
1 0.434375 0.8328125 0.03125 0.103125
9 0.41171875 0.67734375 0.0765625 0.0953125
1 0.2390625 0.91484375 0.01953125 0.078125