0 0.02890625 0.73828125 0.0578125 0.0890625
1 0.05234375 0.18671875 0.04921875 0.07734375
1 0.26953125 0.009375 0.0578125 0.01875
9 0.3046875 0.33359375 0.04375 0.06171875
9 0.28046875 0.6234375 0.0625 0.06484375
1 0.1671875 0.378125 0.0640625 0.06953125
10 0.98828125 0.5046875 0.0234375 0.134375
10 0.66015625 0.53125 0.05390625 0.12578125
10 0.61953125 0.36953125 0.05234375 0.11953125
11 0.81953125 0.40859375 0.0796875 0.19765625
0 0.8546875 0.7703125 0.08203125 0.1375
0 0.94140625 0.4578125 0.07578125 0.12890625
0 0.81328125 0.14765625 0.04375 0.09609375
0 0.72421875 0.553125 0.05390625 0.12265625
9 0.1359375 0.96953125 0.05 0.053125
9 0.040625 0.9078125 0.053125 0.06796875
9 0.528125 0.91328125 0.103125 0.1046875
0 0.7875 0.88359375 0.0953125 0.08515625
0 0.840625 0.94453125 0.06484375 0.059375
1 0.6265625 0.91875 0.04609375 0.034375