9 0.653125 0.08671875 0.0296875 0.06171875
1 0.63125 0.18515625 0.021875 0.0375
1 0.3546875 0.0171875 0.025 0.034375
0 0.00859375 0.39609375 0.0171875 0.0453125
10 0.56015625 0.54453125 0.0796875 0.0703125
10 0.690625 0.56171875 0.071875 0.0359375
9 0.5109375 0.3125 0.0625 0.08828125
9 0.69609375 0.2375 0.0515625 0.025
9 0.46953125 0.559375 0.0421875 0.040625
1 0.75546875 0.11953125 0.0328125 0.0609375
1 0.828125 0.14453125 0.03828125 0.03828125
1 0.94765625 0.06953125 0.03828125 0.05234375
11 0.83828125 0.28515625 0.084375 0.16640625
10 0.78515625 0.425 0.04765625 0.0859375
10 0.77578125 0.259375 0.04765625 0.084375
1 0.109375 0.9203125 0.028125 0.07890625
10 0.1890625 0.746875 0.02578125 0.084375
9 0.18359375 0.96015625 0.02421875 0.06640625
9 0.16875 0.7296875 0.03359375 0.1
9 0.1765625 0.6 0.025 0.040625
9 0.2140625 0.81484375 0.028125 0.08984375
9 0.59765625 0.60703125 0.1015625 0.0546875
1 0.63046875 0.7375 0.06171875 0.075
1 0.45859375 0.5921875 0.0640625 0.025
11 0.51484375 0.58671875 0.0515625 0.0140625
1 0.72578125 0.9125 0.0265625 0.08125
9 0.53515625 0.7234375 0.06640625 0.075
9 0.3671875 0.61796875 0.034375 0.0765625
9 0.4375 0.66640625 0.08203125 0.1203125
9 0.4578125 0.76796875 0.06328125 0.075