9 0.184375 0.30625 0.0734375 0.07421875
9 0.2421875 0.259375 0.09140625 0.1
9 0.27890625 0.1765625 0.07578125 0.07265625
9 0.40703125 0.3359375 0.059375 0.04609375
9 0.2203125 0.0609375 0.1984375 0.121875
9 0.0921875 0.06640625 0.05625 0.0796875
9 0.4359375 0.1515625 0.084375 0.10625
9 0.01171875 0.02421875 0.0234375 0.0484375
11 0.86796875 0.28359375 0.07578125 0.02734375
11 0.9359375 0.14375 0.07890625 0.03984375
10 0.61953125 0.1328125 0.0578125 0.02734375
9 0.8125 0.25859375 0.06171875 0.021875
9 0.628125 0.10390625 0.0421875 0.0203125
9 0.51015625 0.1484375 0.04609375 0.02890625
9 0.7234375 0.15625 0.0875 0.04453125
1 0.5734375 0.11015625 0.059375 0.0234375
1 0.66328125 0.08671875 0.04765625 0.01875
0 0.54453125 0.23203125 0.0890625 0.03671875
0 0.78203125 0.18828125 0.0734375 0.02890625
0 0.8734375 0.15546875 0.05625 0.0203125
9 0.78984375 0.13046875 0.096875 0.04140625
9 0.67578125 0.1109375 0.0578125 0.03046875
9 0.8984375 0.2171875 0.07734375 0.04140625
11 0.35546875 0.93984375 0.096875 0.1125
11 0.371875 0.8265625 0.128125 0.109375
11 0.42265625 0.9171875 0.075 0.0859375
11 0.37734375 0.61171875 0.15625 0.1796875
11 0.4328125 0.76640625 0.09140625 0.26328125
11 0.30546875 0.4296875 0.196875 0.14140625
9 0.0484375 0.40625 0.059375 0.078125
9 0.10625 0.46796875 0.0390625 0.05546875
9 0.078125 0.81875 0.0421875 0.06328125
6 0.0390625 0.83359375 0.0421875 0.06015625
6 0.1890625 0.79765625 0.0609375 0.06015625
1 0.646875 0.90625 0.13203125 0.12734375
1 0.59765625 0.6125 0.0890625 0.07109375