9 0.4453125 0.45234375 0.096875 0.0328125
9 0.5109375 0.253125 0.06796875 0.11015625
9 0.29921875 0.31875 0.0578125 0.134375
9 0.73125 0.209375 0.16796875 0.1734375
4 0.6890625 0.4171875 0.090625 0.103125
4 0.8140625 0.25078125 0.07109375 0.1
1 0.78671875 0.00625 0.0828125 0.0125
0 0.8625 0.05390625 0.065625 0.1078125
0 0.73515625 0.065625 0.08046875 0.08828125
5 0.084375 0.64765625 0.1203125 0.225
5 0.04140625 0.84609375 0.07421875 0.1140625
1 0.28984375 0.87734375 0.07421875 0.0515625
11 0.26328125 0.6046875 0.0890625 0.13046875
11 0.21171875 0.7609375 0.12578125 0.1109375
9 0.175 0.85625 0.05234375 0.09296875
9 0.45703125 0.65078125 0.06640625 0.10625
10 0.53828125 0.49609375 0.0421875 0.0546875
10 0.35859375 0.6796875 0.0859375 0.08359375
10 0.34453125 0.53828125 0.08125 0.09453125
8 0.50546875 0.97578125 0.0828125 0.0484375
8 0.53203125 0.946875 0.0546875 0.0875
8 0.39609375 0.9515625 0.1234375 0.096875
8 0.2296875 0.99296875 0.05 0.0140625
3 0.61953125 0.603125 0.05703125 0.1140625
3 0.696875 0.7203125 0.059375 0.1296875
3 0.62890625 0.76171875 0.05703125 0.15703125
10 0.5734375 0.85546875 0.028125 0.0859375