5 0.45703125 0.35625 0.053125 0.059375
5 0.37265625 0.2234375 0.09296875 0.03125
5 0.221875 0.19921875 0.06875 0.0625
5 0.1546875 0.25078125 0.084375 0.0609375
5 0.35234375 0.1 0.103125 0.08671875
1 0.265625 0.0296875 0.08046875 0.059375
1 0.23828125 0.34296875 0.071875 0.05546875
9 0.7515625 0.40859375 0.0671875 0.04140625
9 0.76484375 0.02109375 0.10625 0.04140625
10 0.9578125 0.1078125 0.084375 0.07265625
0 0.71171875 0.16875 0.07890625 0.15859375
0 0.79375 0.23984375 0.0890625 0.078125
0 0.8703125 0.284375 0.0375 0.11640625
0 0.94921875 0.296875 0.053125 0.1046875
5 0.32578125 0.484375 0.24921875 0.109375
5 0.25 0.6328125 0.16015625 0.17890625
5 0.165625 0.98359375 0.18046875 0.0328125
5 0.2484375 0.846875 0.18046875 0.215625
5 0.0859375 0.80859375 0.15625 0.20703125
5 0.50546875 0.471875 0.0890625 0.08515625
5 0.48046875 0.77265625 0.11484375 0.14296875
5 0.51171875 0.88125 0.07578125 0.203125
5 0.471875 0.92578125 0.12890625 0.14765625
5 0.4296875 0.68984375 0.1171875 0.1078125
5 0.35 0.70078125 0.0859375 0.08515625
5 0.0140625 0.49921875 0.02734375 0.06640625
9 0.7734375 0.74296875 0.1 0.1234375
9 0.74921875 0.8984375 0.121875 0.08671875
9 0.70546875 0.5328125 0.07890625 0.08203125
9 0.62734375 0.81484375 0.0890625 0.08515625
9 0.74140625 0.9921875 0.09453125 0.015625
10 0.62109375 0.91640625 0.0484375 0.09375
1 0.8265625 0.4390625 0.07578125 0.01875
1 0.86796875 0.76640625 0.0515625 0.05546875
1 0.96796875 0.90703125 0.06328125 0.07109375
1 0.75546875 0.671875 0.1015625 0.04375
1 0.603125 0.5375 0.07734375 0.075