9 0.1640625 0.45546875 0.0796875 0.178125
9 0.22421875 0.05078125 0.0890625 0.1015625
1 0.2375 0.35859375 0.059375 0.11875
1 0.0171875 0.24921875 0.034375 0.0828125
1 0.03828125 0.0484375 0.0515625 0.096875
9 0.49921875 0.10234375 0.078125 0.06640625
9 0.36953125 0.17265625 0.0390625 0.0328125
9 0.41875 0.01484375 0.04375 0.0296875
9 0.36640625 0.06796875 0.0328125 0.0453125
9 0.36796875 0.09765625 0.0359375 0.0421875
9 0.58046875 0.0046875 0.0359375 0.009375
4 0.840625 0.06953125 0.234375 0.1390625
9 0.4359375 0.56875 0.171875 0.121875
1 0.92421875 0.47109375 0.1125 0.09375
1 0.66875 0.30859375 0.06796875 0.053125
1 0.7203125 0.35859375 0.06640625 0.0484375
0 0.9171875 0.340625 0.11484375 0.0921875
1 0.31015625 0.6578125 0.0796875 0.05625