9 0.41171875 0.2484375 0.0859375 0.08203125
9 0.33125 0.0109375 0.059375 0.021875
1 0.06875 0.05 0.07734375 0.06875
11 0.56171875 0.03125 0.1046875 0.0625
11 0.72890625 0.1828125 0.1453125 0.0671875
1 0.8625 0.0109375 0.06875 0.021875
1 0.5984375 0.1953125 0.04609375 0.08203125
1 0.5296875 0.20859375 0.0328125 0.053125
1 0.7234375 0.35859375 0.071875 0.07578125
9 0.81640625 0.36875 0.0796875 0.0625
9 0.89296875 0.3296875 0.053125 0.0859375
9 0.696875 0.06171875 0.09921875 0.08203125
5 0.52734375 0.72890625 0.034375 0.065625