1 0.32265625 0.24921875 0.0625 0.02890625
1 0.290625 0.15 0.05859375 0.084375
1 0.3765625 0.05703125 0.04453125 0.08984375
1 0.0609375 0.16328125 0.04296875 0.05703125
1 0.02734375 0.2125 0.0484375 0.07265625
1 0.209375 0.10078125 0.05234375 0.07734375
1 0.17109375 0.15703125 0.05078125 0.0703125
1 0.0765625 0.065625 0.05234375 0.06875
1 0.015625 0.12109375 0.03125 0.0640625
1 0.3734375 0.14765625 0.05078125 0.0671875
1 0.13125 0.0828125 0.05078125 0.06875
1 0.24921875 0.109375 0.05078125 0.065625
1 0.22890625 0.0375 0.046875 0.0546875
1 0.18515625 0.034375 0.0734375 0.06875
1 0.21640625 0.01484375 0.00390625 0.003125
12 0.7046875 0.053125 0.06015625 0.0546875
12 0.69609375 0.01796875 0.0640625 0.0359375
12 0.62578125 0.0390625 0.1390625 0.078125
1 0.45390625 0.27265625 0.08984375 0.01875
1 0.69375 0.29765625 0.07578125 0.06875
11 0.91953125 0.14453125 0.06328125 0.1171875
10 0.975 0.23046875 0.05 0.0796875
9 0.5921875 0.51015625 0.0859375 0.05390625
9 0.6640625 0.61015625 0.06796875 0.0671875
9 0.57578125 0.65234375 0.090625 0.1
9 0.68203125 0.73046875 0.08359375 0.08671875
9 0.46875 0.5359375 0.08125 0.06328125
9 0.51484375 0.60625 0.03984375 0.06484375
9 0.38671875 0.6359375 0.1140625 0.05859375
0 0.2046875 0.7625 0.08125 0.0734375