4 0.08515625 0.33359375 0.13125 0.0625
10 0.14296875 0.2765625 0.07265625 0.0484375
9 0.4515625 0.1609375 0.1140625 0.05234375
9 0.36328125 0.3046875 0.13125 0.06640625
1 0.17265625 0.3515625 0.0953125 0.0578125
1 0.1671875 0.1890625 0.075 0.0421875
1 0.1640625 0.240625 0.08515625 0.04609375
1 0.76640625 0.43984375 0.1328125 0.03984375
1 0.78515625 0.27421875 0.07890625 0.08515625
0 0.8703125 0.0390625 0.203125 0.078125
0 0.9203125 0.3015625 0.15625 0.18984375
9 0.61171875 0.746875 0.1359375 0.16484375
9 0.2265625 0.90078125 0.1234375 0.1109375
9 0.19296875 0.6921875 0.1 0.0515625
9 0.4015625 0.828125 0.11484375 0.09609375
9 0.3828125 0.6078125 0.09375 0.07890625
6 0.0515625 0.78984375 0.0609375 0.05
6 0.0921875 0.67734375 0.06640625 0.06015625
6 0.14375 0.7484375 0.0765625 0.06484375
10 0.5015625 0.74453125 0.0609375 0.0578125
6 0.06484375 0.7625 0.0546875 0.04375
10 0.79921875 0.94921875 0.08125 0.07265625
10 0.73671875 0.89609375 0.0625 0.0796875
10 0.8046875 0.771875 0.05390625 0.0640625
10 0.8359375 0.665625 0.0640625 0.0640625
10 0.8859375 0.62890625 0.05625 0.06640625
10 0.975 0.6140625 0.05 0.0515625
1 0.7703125 0.76796875 0.0515625 0.04765625
1 0.696875 0.67890625 0.03359375 0.0703125
1 0.96640625 0.66171875 0.0546875 0.0546875
10 0.98203125 0.56640625 0.0359375 0.0640625