1 0.075 0.05703125 0.06328125 0.0796875
1 0.1484375 0.34296875 0.078125 0.0328125
1 0.01640625 0.2671875 0.0328125 0.096875
1 0.1703125 0.3140625 0.034375 0.090625
11 0.42421875 0.09375 0.0484375 0.06875
11 0.51484375 0.1 0.06171875 0.046875
10 0.50390625 0.1671875 0.07578125 0.05625
10 0.45546875 0.01484375 0.0421875 0.0296875
7 0.6140625 0.1546875 0.0875 0.0515625
1 0.4046875 0.2046875 0.009375 0.028125
1 0.41484375 0.25078125 0.0296875 0.0296875
1 0.44296875 0.178125 0.03125 0.02734375
1 0.42734375 0.13828125 0.03515625 0.02734375
9 0.759375 0.02421875 0.1625 0.0484375
0 0.88828125 0.23046875 0.2234375 0.1359375
0 0.9859375 0.09296875 0.028125 0.1484375
10 0.440625 0.315625 0.05625 0.03359375
1 0.63984375 0.3125 0.03671875 0.02734375
1 0.4125 0.34296875 0.025 0.0328125
1 0.025 0.3921875 0.05 0.065625
1 0.12578125 0.375 0.0984375 0.03125
1 0.09296875 0.61015625 0.07421875 0.0671875
9 0.13515625 0.434375 0.07890625 0.096875
9 0.36640625 0.5203125 0.0671875 0.09375
9 0.2890625 0.3796875 0.071875 0.040625
9 0.2953125 0.590625 0.0609375 0.075
9 0.27109375 0.6375 0.065625 0.03984375
1 0.20234375 0.45234375 0.0546875 0.0640625
10 0.24375 0.984375 0.0875 0.03125
1 0.57734375 0.3890625 0.05390625 0.028125
1 0.4515625 0.36484375 0.05625 0.0109375
5 0.46328125 0.72734375 0.1265625 0.2515625
5 0.44921875 0.940625 0.0984375 0.11875
5 0.55859375 0.984375 0.0859375 0.03125
5 0.55234375 0.83046875 0.08125 0.2421875
1 0.6359375 0.9765625 0.040625 0.046875