5 0.015625 0.35859375 0.03125 0.0953125
9 0.36875 0.62109375 0.10625 0.1171875
0 0.19296875 0.61953125 0.0796875 0.1203125
9 0.0171875 0.96328125 0.034375 0.0734375
0 0.07109375 0.74375 0.0578125 0.128125
0 0.02109375 0.77734375 0.0421875 0.0859375
0 0.21796875 0.71015625 0.0359375 0.0609375
1 0.96640625 0.76015625 0.05234375 0.034375
1 0.959375 0.8078125 0.06875 0.03828125
1 0.72578125 0.93125 0.04921875 0.0296875
1 0.4890625 0.87421875 0.0703125 0.04140625
1 0.77265625 0.965625 0.02265625 0.01015625
1 0.80390625 0.921875 0.02265625 0.0125
0 0.540625 0.9265625 0.07265625 0.0453125
0 0.603125 0.9296875 0.0703125 0.0453125
0 0.57734375 0.9671875 0.0953125 0.0453125
9 0.65703125 0.99453125 0.0578125 0.0109375