11 0.4359375 0.34609375 0.0828125 0.0921875
11 0.334375 0.40078125 0.1109375 0.13984375
11 0.4296875 0.03671875 0.11875 0.0734375
11 0.5328125 0.43203125 0.12109375 0.11484375
11 0.37265625 0.2546875 0.10078125 0.1015625
10 0.23671875 0.275 0.07890625 0.09453125
10 0.4390625 0.4171875 0.0640625 0.08515625
10 0.74140625 0.0140625 0.03984375 0.028125
10 0.7796875 0.02734375 0.04609375 0.05390625
10 0.75390625 0.4234375 0.053125 0.06640625
10 0.84609375 0.478125 0.04296875 0.0578125
11 0.73984375 0.12109375 0.07421875 0.0890625
11 0.94609375 0.146875 0.1078125 0.1046875
11 0.92265625 0.25546875 0.07421875 0.0734375
11 0.97890625 0.3484375 0.04140625 0.1203125
1 0.98828125 0.4 0.0234375 0.0453125
1 0.85546875 0.23125 0.0546875 0.06484375
1 0.81796875 0.31015625 0.04921875 0.04921875
9 0.36875 0.88203125 0.1078125 0.0421875
9 0.28046875 0.8140625 0.09765625 0.03828125
0 0.49375 0.7921875 0.10390625 0.03671875
0 0.04375 0.83515625 0.0875 0.03984375
0 0.35546875 0.753125 0.19296875 0.0625
10 0.6609375 0.70234375 0.04140625 0.12734375
10 0.71796875 0.82109375 0.09453125 0.09765625
10 0.87578125 0.815625 0.08125 0.09765625