6 0.0515625 0.3328125 0.078125 0.134375
6 0.0265625 0.37265625 0.053125 0.0546875
10 0.35390625 0.28359375 0.078125 0.08515625
10 0.4421875 0.2578125 0.0515625 0.05390625
10 0.44375 0.321875 0.04453125 0.03125
10 0.4203125 0.36875 0.028125 0.03984375
10 0.3796875 0.37421875 0.05 0.0453125
10 0.3171875 0.3875 0.0375 0.025
1 0.49375 0.05390625 0.109375 0.07421875
1 0.5203125 0.1140625 0.03515625 0.0296875
1 0.45546875 0.1171875 0.04453125 0.03828125
1 0.14296875 0.01953125 0.0640625 0.0390625
10 0.28203125 0.215625 0.0546875 0.065625
10 0.31328125 0.13828125 0.06640625 0.07421875
9 0.83125 0.2109375 0.1015625 0.0921875
10 0.63203125 0.10703125 0.08046875 0.06953125
0 0.87578125 0.05546875 0.0703125 0.1109375
9 0.5203125 0.65234375 0.11875 0.1484375
0 0.47890625 0.4328125 0.2015625 0.065625
0 0.546875 0.91640625 0.065625 0.0296875
1 0.76484375 0.671875 0.06171875 0.053125
1 0.9515625 0.6765625 0.06328125 0.04453125
0 0.89609375 0.5796875 0.1015625 0.078125
1 0.5890625 0.54375 0.01875 0.04375
9 0.80859375 0.76171875 0.071875 0.09921875
9 0.73828125 0.9890625 0.0484375 0.021875
10 0.871875 0.903125 0.04375 0.078125
1 0.96171875 0.77890625 0.0484375 0.06953125
1 0.90234375 0.80390625 0.03671875 0.06015625
1 0.734375 0.81171875 0.05546875 0.0640625
1 0.66328125 0.73203125 0.0515625 0.04765625
1 0.58984375 0.9140625 0.0203125 0.08125
1 0.82109375 0.959375 0.046875 0.06953125