5 0.14765625 0.071875 0.13125 0.1375
5 0.175 0.240625 0.13125 0.11875
1 0.6796875 0.19921875 0.0421875 0.078125
1 0.7296875 0.015625 0.05 0.03125
1 0.83046875 0.0140625 0.0421875 0.028125
1 0.88515625 0.221875 0.06015625 0.07734375
1 0.921875 0.15234375 0.06328125 0.0515625
1 0.4515625 0.28046875 0.05 0.0390625
1 0.5046875 0.00703125 0.059375 0.0140625
1 0.40390625 0.17890625 0.04453125 0.0484375
1 0.1015625 0.46015625 0.06796875 0.0765625
0 0.2484375 0.5015625 0.0890625 0.09296875
1 0.30546875 0.7046875 0.0265625 0.0625
10 0.09375 0.903125 0.06640625 0.09296875
10 0.01328125 0.94609375 0.0265625 0.0765625
1 0.09140625 0.9765625 0.0515625 0.046875
9 0.165625 0.9109375 0.03515625 0.05546875
0 0.30546875 0.85390625 0.0265625 0.0484375
4 0.39609375 0.8703125 0.1546875 0.171875
0 0.3828125 0.7640625 0.128125 0.04375