9 0.490625 0.621875 0.05625 0.09375
9 0.03359375 0.3296875 0.0671875 0.134375
9 0.2140625 0.45625 0.08125 0.1328125
0 0.3921875 0.50625 0.06640625 0.109375
0 0.13515625 0.32578125 0.075 0.11875
10 0.60078125 0.34765625 0.071875 0.0578125
10 0.71015625 0.24140625 0.06484375 0.0875
1 0.53515625 0.50546875 0.0328125 0.0640625
9 0.71484375 0.56484375 0.06640625 0.06796875
9 0.625 0.27890625 0.06328125 0.05703125
1 0.99140625 0.21328125 0.0171875 0.0421875
1 0.93828125 0.20859375 0.01796875 0.0359375
1 0.9390625 0.30859375 0.03359375 0.053125
1 0.99296875 0.10390625 0.0140625 0.0390625
1 0.9953125 0.35546875 0.009375 0.0734375
1 0.9734375 0.3 0.02421875 0.03828125
9 0.94921875 0.53046875 0.03828125 0.07265625
9 0.9296875 0.4375 0.040625 0.04453125
0 0.2546875 0.91640625 0.10390625 0.140625
0 0.26875 0.725 0.065625 0.1125