10 0.20078125 0.0203125 0.1015625 0.040625
1 0.2515625 0.06328125 0.03515625 0.053125
9 0.5046875 0.01796875 0.071875 0.0359375
9 0.3671875 0.0390625 0.0515625 0.05703125
10 0.28671875 0.25546875 0.04296875 0.06640625
10 0.31328125 0.16875 0.01015625 0.06796875
11 0.40078125 0.52265625 0.0609375 0.0734375
0 0.371875 0.3984375 0.06015625 0.0828125
0 0.43515625 0.41640625 0.04296875 0.0765625
0 0.56875 0.43828125 0.08125 0.1703125
0 0.51484375 0.43828125 0.06484375 0.084375
0 0.4671875 0.284375 0.0828125 0.06953125
0 0.36015625 0.28671875 0.06328125 0.11484375
1 0.44921875 0.1765625 0.06328125 0.10078125
9 0.6453125 0.1875 0.071875 0.121875
9 0.79453125 0.1046875 0.04375 0.08828125
5 0.67109375 0.53359375 0.0765625 0.0515625
0 0.03671875 0.58125 0.0734375 0.04375
0 0.15234375 0.59921875 0.0546875 0.0796875
12 0.57890625 0.575 0.0609375 0.03125
1 0.04453125 0.79921875 0.07734375 0.121875
10 0.16953125 0.94140625 0.0890625 0.1171875
1 0.51640625 0.73515625 0.10390625 0.13203125
1 0.73203125 0.65625 0.07578125 0.10703125
10 0.678125 0.978125 0.0375 0.04375