9 0.0671875 0.01640625 0.0625 0.0328125
1 0.01484375 0.16640625 0.0296875 0.0828125
1 0.09609375 0.0375 0.0265625 0.0484375
1 0.06875 0.08125 0.04296875 0.078125
1 0.0796875 0.2109375 0.03125 0.05703125
0 0.62265625 0.2296875 0.07265625 0.08828125
0 0.40234375 0.33515625 0.0890625 0.0890625
0 0.33515625 0.2453125 0.0796875 0.1
0 0.58828125 0.134375 0.06953125 0.0625
1 0.9515625 0.04921875 0.0546875 0.04609375
10 0.95703125 0.1234375 0.046875 0.03515625
1 0.98671875 0.09375 0.0265625 0.03125
1 0.91328125 0.109375 0.06015625 0.040625
1 0.95859375 0.090625 0.04140625 0.03359375
10 0.95625 0.346875 0.0875 0.065625
10 0.88046875 0.371875 0.0265625 0.015625
1 0.1203125 0.3890625 0.059375 0.01875
1 0.321875 0.9515625 0.065625 0.096875
1 0.2828125 0.3984375 0.0375 0.0375
1 0.67734375 0.6859375 0.0234375 0.084375
1 0.66015625 0.978125 0.0453125 0.04375
1 0.1984375 0.61640625 0.04140625 0.0734375
1 0.21640625 0.76875 0.02890625 0.04609375
1 0.35234375 0.41640625 0.02421875 0.05703125
1 0.55 0.8484375 0.03828125 0.06171875