1 0.04921875 0.184375 0.06015625 0.021875
11 0.04921875 0.07734375 0.06171875 0.0828125
11 0.13828125 0.10625 0.06171875 0.1015625
0 0.05078125 0.13984375 0.1015625 0.1109375
1 0.16171875 0.17578125 0.03515625 0.0390625
1 0.33359375 0.52421875 0.0640625 0.103125
1 0.3890625 0.42890625 0.0625 0.09453125
1 0.4046875 0.26640625 0.0734375 0.07578125
9 0.81875 0.0359375 0.09296875 0.0515625
8 0.7234375 0.5171875 0.071875 0.125
8 0.79765625 0.54453125 0.0609375 0.0703125
8 0.778125 0.44453125 0.03828125 0.09765625
8 0.7125 0.35390625 0.0328125 0.12890625
8 0.6828125 0.4328125 0.0375 0.1234375
8 0.6890625 0.146875 0.04453125 0.11875
8 0.77109375 0.24609375 0.02734375 0.0765625
8 0.73515625 0.259375 0.02890625 0.07890625
8 0.80859375 0.409375 0.03125 0.09765625
8 0.85 0.540625 0.025 0.078125
8 0.871875 0.4765625 0.02421875 0.07109375
8 0.8421875 0.446875 0.03515625 0.1109375
8 0.878125 0.36015625 0.02265625 0.0765625
8 0.63671875 0.146875 0.03046875 0.06640625
8 0.7328125 0.125 0.02734375 0.07890625
8 0.665625 0.30390625 0.03984375 0.11640625
8 0.61875 0.5609375 0.021875 0.0375
8 0.6484375 0.346875 0.0203125 0.06015625
8 0.79140625 0.5 0.02734375 0.07109375
8 0.7703125 0.51328125 0.021875 0.07109375
8 0.80625 0.265625 0.03125 0.08515625
8 0.71015625 0.490625 0.0375 0.10859375
0 0.9328125 0.121875 0.0375 0.12109375
0 0.96796875 0.3296875 0.0640625 0.15625
1 0.171875 0.5921875 0.084375 0.025
9 0.37109375 0.88046875 0.08515625 0.08125
1 0.7484375 0.63046875 0.075 0.1015625
0 0.7546875 0.7453125 0.0671875 0.0953125
0 0.72578125 0.59140625 0.0578125 0.0234375
0 0.64609375 0.71328125 0.05234375 0.07890625
0 0.60703125 0.7828125 0.0546875 0.109375
0 0.9421875 0.846875 0.071875 0.0875
0 0.88359375 0.85390625 0.05 0.1015625
0 0.89140625 0.70703125 0.0671875 0.08125
0 0.796875 0.865625 0.07578125 0.0953125
0 0.803125 0.62265625 0.05390625 0.084375
1 0.6296875 0.97734375 0.046875 0.0453125