0 0.1484375 0.13984375 0.078125 0.103125
0 0.23203125 0.35703125 0.1140625 0.0671875
11 0.01796875 0.890625 0.0359375 0.175
11 0.059375 0.6265625 0.08359375 0.10234375
11 0.16171875 0.95 0.08515625 0.07890625
11 0.2046875 0.58828125 0.0609375 0.08359375
11 0.45078125 0.48671875 0.0421875 0.0140625
11 0.40078125 0.525 0.046875 0.0265625
9 0.3390625 0.56015625 0.028125 0.01796875
10 0.38046875 0.7109375 0.0359375 0.025
10 0.41953125 0.56015625 0.0296875 0.028125
1 0.3828125 0.67265625 0.0453125 0.03515625
1 0.54921875 0.71640625 0.0359375 0.0328125
1 0.55703125 0.6625 0.0328125 0.02578125
1 0.47890625 0.71484375 0.02890625 0.02578125
9 0.58125 0.490625 0.03125 0.021875
10 0.45546875 0.54296875 0.02109375 0.015625
10 0.4578125 0.5578125 0.02109375 0.01484375
9 0.38828125 0.4859375 0.0265625 0.0125
10 0.3890625 0.5828125 0.015625 0.01171875
10 0.415625 0.5859375 0.01953125 0.01328125
10 0.40390625 0.578125 0.0171875 0.01328125
10 0.39140625 0.56171875 0.0171875 0.01171875
9 0.384375 0.55234375 0.028125 0.01796875
9 0.4140625 0.4921875 0.01796875 0.01484375
1 0.465625 0.51015625 0.02734375 0.01796875
1 0.49765625 0.503125 0.02109375 0.015625
1 0.484375 0.5015625 0.0171875 0.0171875
1 0.4296875 0.5375 0.025 0.01796875
1 0.909375 0.69765625 0.0734375 0.04140625
1 0.87109375 0.61875 0.0421875 0.02890625
0 0.84453125 0.50703125 0.0984375 0.0546875
0 0.9546875 0.609375 0.07890625 0.06796875
4 0.43984375 0.98984375 0.0296875 0.0203125
4 0.47421875 0.86015625 0.06796875 0.12890625
4 0.409375 0.809375 0.034375 0.04765625
10 0.49921875 0.75859375 0.03125 0.02265625
1 0.36640625 0.93515625 0.0203125 0.04765625
1 0.39375 0.97890625 0.028125 0.0421875
7 0.87265625 0.88359375 0.2546875 0.2328125