10 0.240625 0.08203125 0.128125 0.1640625
10 0.05859375 0.15859375 0.07578125 0.1
10 0.4421875 0.05390625 0.078125 0.084375
10 0.35703125 0.04921875 0.0953125 0.0984375
10 0.44609375 0.12421875 0.0953125 0.0921875
10 0.44375 0.28671875 0.14765625 0.23984375
10 0.57734375 0.16484375 0.1234375 0.13203125
10 0.28359375 0.3 0.11640625 0.14921875
10 0.071875 0.0515625 0.14375 0.103125
10 0.109375 0.27734375 0.1171875 0.13984375
10 0.07890625 0.42109375 0.1578125 0.1765625
10 0.01953125 0.28984375 0.0390625 0.1953125
10 0.29921875 0.46171875 0.0703125 0.0953125
1 0.68046875 0.065625 0.071875 0.1140625
1 0.70625 0.01015625 0.0578125 0.0203125
11 0.9125 0.28359375 0.08046875 0.1125
0 0.8078125 0.325 0.07265625 0.07265625
0 0.9046875 0.15859375 0.075 0.13359375
10 0.31953125 0.82421875 0.046875 0.05859375
9 0.428125 0.5609375 0.0359375 0.03984375
9 0.24140625 0.8703125 0.04921875 0.05234375
1 0.9140625 0.928125 0.05234375 0.084375
1 0.825 0.95859375 0.0359375 0.06171875
1 0.796875 0.93125 0.0359375 0.06171875
1 0.7046875 0.96640625 0.05 0.0671875