0 0.0703125 0.20859375 0.096875 0.0640625
11 0.165625 0.12109375 0.07421875 0.125
11 0.03125 0.04921875 0.0625 0.0984375
1 0.30546875 0.0765625 0.1765625 0.153125
1 0.26953125 0.16953125 0.13359375 0.1421875
1 0.371875 0.0296875 0.140625 0.059375
1 0.26171875 0.07265625 0.1203125 0.1453125
10 0.3484375 0.51875 0.09375 0.040625
9 0.47578125 0.25546875 0.0578125 0.0296875
9 0.3703125 0.3421875 0.10078125 0.1125
1 0.2859375 0.3390625 0.0703125 0.08515625
1 0.21171875 0.26796875 0.01796875 0.05390625
1 0.39765625 0.44765625 0.084375 0.096875
1 0.52265625 0.37265625 0.0328125 0.0890625
1 0.296875 0.4703125 0.08671875 0.096875
1 0.8328125 0.02109375 0.01875 0.0125
0 0.66484375 0.0203125 0.0828125 0.040625
9 0.7296875 0.065625 0.0515625 0.04140625
1 0.89609375 0.4609375 0.1140625 0.15625
1 0.95234375 0.45625 0.0953125 0.165625
0 0.0703125 0.5828125 0.034375 0.0875
0 0.08828125 0.70390625 0.0421875 0.10625
0 0.065625 0.88125 0.0421875 0.1203125
9 0.58046875 0.6546875 0.06640625 0.07890625
9 0.72421875 0.6 0.0421875 0.075
9 0.7203125 0.76015625 0.040625 0.05625
1 0.9734375 0.584375 0.040625 0.090625