9 0.29375 0.271875 0.190625 0.13125
9 0.37421875 0.06484375 0.03046875 0.0890625
9 0.16953125 0.05546875 0.10703125 0.1109375
10 0.025 0.2203125 0.05 0.065625
1 0.15234375 0.49453125 0.0390625 0.01171875
1 0.378125 0.1640625 0.021875 0.0578125
9 0.259375 0.1171875 0.0984375 0.096875
9 0.34921875 0.44296875 0.0796875 0.11484375
9 0.3421875 0.55703125 0.059375 0.08125
0 0.3640625 0.621875 0.05078125 0.0734375
0 0.34140625 0.51875 0.0953125 0.0375
1 0.20703125 0.52109375 0.0609375 0.04140625
9 0.94921875 0.121875 0.1015625 0.096875
9 0.41953125 0.13984375 0.0390625 0.0765625
10 0.42421875 0.44453125 0.0484375 0.0921875
10 0.82421875 0.45703125 0.0609375 0.05859375
0 0.4359375 0.27734375 0.071875 0.0734375
0 0.7375 0.09921875 0.12265625 0.0953125
0 0.86015625 0.23671875 0.084375 0.0671875
0 0.45859375 0.06796875 0.1171875 0.0953125
5 0.07578125 0.97109375 0.05078125 0.05
5 0.0390625 0.92421875 0.040625 0.05859375
5 0.03203125 0.8671875 0.03828125 0.0671875
5 0.20234375 0.90390625 0.0359375 0.0375
1 0.12421875 0.97421875 0.025 0.0515625
1 0.14609375 0.9609375 0.01796875 0.034375
1 0.13203125 0.83203125 0.028125 0.0484375
11 0.35703125 0.8046875 0.0859375 0.0375
9 0.378125 0.87578125 0.04375 0.0390625