10 0.30078125 0.140625 0.10390625 0.13125
1 0.353125 0.103125 0.05703125 0.07890625
1 0.06171875 0.4578125 0.0609375 0.04375
10 0.53046875 0.45078125 0.0703125 0.0578125
4 0.58125 0.4140625 0.0375 0.13125
1 0.534375 0.365625 0.05703125 0.0328125
1 0.48203125 0.46796875 0.0578125 0.0234375
11 0.07890625 0.60078125 0.09375 0.09140625
0 0.16953125 0.5421875 0.1046875 0.08125
0 0.1796875 0.49296875 0.071875 0.0265625
9 0.13671875 0.8046875 0.08828125 0.08203125
10 0.590625 0.62109375 0.01875 0.0765625
9 0.54609375 0.76875 0.08359375 0.10390625
1 0.890625 0.83046875 0.09921875 0.07890625