1 0.021875 0.0625 0.04375 0.075
1 0.1625 0.29765625 0.07109375 0.08671875
5 0.58515625 0.30234375 0.1515625 0.1484375
5 0.57109375 0.378125 0.1234375 0.0625
5 0.82421875 0.31875 0.1234375 0.14453125
5 0.89296875 0.14921875 0.178125 0.21640625
9 0.028125 0.459375 0.05625 0.1
11 0.221875 0.45 0.084375 0.08125
5 0.15703125 0.98984375 0.0453125 0.0203125
1 0.1140625 0.88046875 0.07578125 0.075
10 0.296875 0.90390625 0.08046875 0.07890625
1 0.378125 0.82265625 0.046875 0.05078125
10 0.5875 0.5453125 0.0484375 0.06796875
10 0.63125 0.58046875 0.05625 0.015625
9 0.70390625 0.4453125 0.0796875 0.071875
5 0.83671875 0.8578125 0.1015625 0.09453125
5 0.715625 0.86484375 0.0796875 0.06171875
5 0.66171875 0.90859375 0.09296875 0.06796875
5 0.6203125 0.9828125 0.14375 0.034375