2 0.1859375 0.21640625 0.11484375 0.11796875
2 0.06015625 0.28125 0.1203125 0.090625
2 0.18046875 0.44921875 0.14296875 0.09375
2 0.334375 0.50625 0.1625 0.10625
0 0.31484375 0.253125 0.08671875 0.08359375
0 0.40625 0.146875 0.109375 0.0390625
0 0.40703125 0.209375 0.07109375 0.05625
0 0.0625 0.5296875 0.10625 0.059375
0 0.025 0.46640625 0.05 0.0546875
1 0.5875 0.0265625 0.053125 0.053125
4 0.86640625 0.1015625 0.1375 0.1640625
9 0.6484375 0.45 0.11875 0.15859375
0 0.65078125 0.2875 0.09765625 0.10546875
1 0.61171875 0.140625 0.08984375 0.11640625
9 0.07265625 0.878125 0.1453125 0.24375
9 0.48984375 0.79765625 0.0796875 0.07890625
9 0.33984375 0.74765625 0.07109375 0.053125
1 0.23984375 0.5734375 0.0828125 0.028125
1 0.3296875 0.57421875 0.05625 0.0296875
1 0.3390625 0.66015625 0.03046875 0.0421875
1 0.29921875 0.64765625 0.04453125 0.05859375
1 0.33828125 0.83828125 0.05625 0.03203125
1 0.38515625 0.84375 0.0421875 0.03671875
1 0.31953125 0.93984375 0.04375 0.046875
1 0.209375 0.70859375 0.0171875 0.0421875
1 0.375 0.58984375 0.03359375 0.046875
1 0.38125 0.67734375 0.03515625 0.06484375
1 0.446875 0.9375 0.02265625 0.03046875
1 0.46640625 0.96484375 0.02109375 0.03984375
1 0.2234375 0.803125 0.0390625 0.046875
1 0.23671875 0.9796875 0.03359375 0.03671875
1 0.43046875 0.98671875 0.0359375 0.0265625
1 0.38359375 0.890625 0.025 0.03359375
1 0.2984375 0.9734375 0.03125 0.053125
1 0.3171875 0.98828125 0.040625 0.0234375
1 0.2890625 0.86796875 0.03203125 0.03671875
1 0.43515625 0.60625 0.025 0.03671875
1 0.61640625 0.771875 0.03125 0.04453125
1 0.79765625 0.58125 0.0359375 0.04375