9 0.075 0.3609375 0.06015625 0.09375
10 0.54296875 0.38359375 0.09296875 0.0765625
11 0.646875 0.23125 0.04765625 0.05390625
11 0.71015625 0.22890625 0.02890625 0.03828125
11 0.75390625 0.2546875 0.0203125 0.03984375
11 0.70859375 0.28515625 0.03359375 0.03046875
11 0.6796875 0.43046875 0.03125 0.0390625
1 0.859375 0.38984375 0.05546875 0.0984375
10 0.28125 0.4625 0.034375 0.025
10 0.27265625 0.6484375 0.0484375 0.04140625
10 0.128125 0.51796875 0.0484375 0.09140625
10 0.1796875 0.634375 0.0421875 0.06875
10 0.0734375 0.64140625 0.04453125 0.0546875
1 0.04765625 0.4609375 0.0421875 0.021875
9 0.14609375 0.56796875 0.0484375 0.08671875
4 0.30390625 0.6 0.0765625 0.1234375
4 0.14453125 0.46875 0.0609375 0.0375
11 0.14921875 0.57265625 0.04375 0.08671875
0 0.5734375 0.48828125 0.034375 0.0765625
1 0.16953125 0.9828125 0.0640625 0.034375
1 0.1921875 0.940625 0.06171875 0.05234375
1 0.21640625 0.884375 0.05390625 0.05234375
1 0.0796875 0.84453125 0.10546875 0.0984375
1 0.11484375 0.77578125 0.07421875 0.0640625
1 0.184375 0.72890625 0.09609375 0.0734375
1 0.35078125 0.88203125 0.11640625 0.11171875
1 0.40546875 0.9765625 0.0890625 0.046875
1 0.340625 0.82890625 0.1578125 0.10078125
1 0.28515625 0.7453125 0.0734375 0.0640625
1 0.23203125 0.8203125 0.05390625 0.0453125
1 0.1609375 0.815625 0.04609375 0.04765625
1 0.496875 0.8546875 0.0515625 0.05
9 0.58828125 0.94609375 0.0234375 0.1078125
9 0.8046875 0.959375 0.0625 0.08125
9 0.98125 0.7734375 0.0375 0.075
0 0.9359375 0.94296875 0.09921875 0.09453125
0 0.915625 0.80234375 0.03125 0.0640625
8 0.72578125 0.98515625 0.0234375 0.0296875