8 0.17265625 0.12265625 0.109375 0.09921875
8 0.41171875 0.04140625 0.0546875 0.0828125
8 0.11640625 0.27421875 0.1015625 0.190625
8 0.28125 0.090625 0.0828125 0.1453125
11 0.04921875 0.65859375 0.0328125 0.0421875
9 0.09140625 0.6640625 0.0515625 0.03125
9 0.4921875 0.071875 0.04140625 0.04375
4 0.54609375 0.13671875 0.0546875 0.0453125
0 0.5640625 0.23203125 0.06015625 0.04296875
0 0.47734375 0.17265625 0.0765625 0.0578125
0 0.5671875 0.0953125 0.06484375 0.04609375
0 0.55546875 0.059375 0.0515625 0.02734375
0 0.44375 0.0953125 0.009375 0.0375
5 0.9578125 0.13203125 0.08125 0.05703125
5 0.99140625 0.090625 0.0171875 0.05
10 0.5765625 0.659375 0.053125 0.040625
10 0.65234375 0.56484375 0.0359375 0.0609375
10 0.7734375 0.503125 0.05625 0.0703125
11 0.8234375 0.33046875 0.08359375 0.03203125
11 0.83984375 0.525 0.11015625 0.18125
9 0.71875 0.51640625 0.05234375 0.06875
9 0.66640625 0.49609375 0.046875 0.0625
0 0.86171875 0.809375 0.05859375 0.06640625
1 0.87421875 0.965625 0.0671875 0.06875