11 0.4390625 0.1140625 0.321875 0.228125
10 0.28046875 0.41484375 0.059375 0.0484375
10 0.5578125 0.4265625 0.04375 0.03203125
0 0.28359375 0.48359375 0.0609375 0.0109375
10 0.30625 0.65 0.09375 0.0640625
10 0.0484375 0.6875 0.08515625 0.1171875
9 0.40546875 0.65078125 0.07265625 0.084375
1 0.78359375 0.51015625 0.0734375 0.0421875
1 0.7078125 0.496875 0.05625 0.015625
11 0.61328125 0.5015625 0.0265625 0.025
0 0.65078125 0.5046875 0.0671875 0.03125
0 0.90859375 0.65234375 0.0875 0.09765625
7 0.8765625 0.95703125 0.14375 0.0859375