9 0.10703125 0.1359375 0.12421875 0.07109375
10 0.11015625 0.203125 0.11171875 0.059375
11 0.10390625 0.42421875 0.078125 0.05625
11 0.165625 0.38828125 0.09140625 0.04921875
11 0.19375 0.428125 0.096875 0.04453125
1 0.1734375 0.08515625 0.0703125 0.04765625
0 0.37421875 0.3609375 0.0875 0.04296875
0 0.028125 0.29296875 0.05625 0.0390625
0 0.25234375 0.32109375 0.08359375 0.03984375
0 0.17890625 0.24765625 0.0890625 0.04921875
0 0.06875 0.3203125 0.078125 0.03828125
0 0.0109375 0.240625 0.021875 0.046875
9 0.55234375 0.41015625 0.0140625 0.0578125
11 0.52734375 0.4625 0.0640625 0.0625
11 0.4734375 0.328125 0.05 0.0609375
10 0.45234375 0.40234375 0.02578125 0.0640625
1 0.5125 0.12734375 0.0390625 0.0546875
9 0.4609375 0.1421875 0.0421875 0.07890625
9 0.4875 0.28359375 0.0515625 0.0578125
9 0.4453125 0.3484375 0.0109375 0.059375
9 0.5390625 0.178125 0.040625 0.0625
11 0.15859375 0.65625 0.0890625 0.046875
9 0.53984375 0.5140625 0.0390625 0.04375
10 0.45078125 0.5140625 0.02265625 0.04140625
11 0.4453125 0.63046875 0.0125 0.0984375
1 0.40234375 0.8671875 0.09375 0.065625
1 0.303125 0.8921875 0.04453125 0.08125
1 0.77265625 0.72890625 0.07265625 0.07265625
1 0.59375 0.92578125 0.06875 0.06640625