9 0.1765625 0.1296875 0.0609375 0.10625
10 0.26484375 0.26640625 0.04765625 0.08125
0 0.13515625 0.28671875 0.0515625 0.159375
0 0.171875 0.36640625 0.05078125 0.084375
0 0.20703125 0.41953125 0.028125 0.11484375
0 0.24609375 0.44296875 0.03515625 0.10625
0 0.025 0.16328125 0.03671875 0.1
10 0.5671875 0.1625 0.053125 0.046875
10 0.75546875 0.16796875 0.065625 0.06796875
10 0.85390625 0.196875 0.03984375 0.05
10 0.88046875 0.26171875 0.0421875 0.03984375
10 0.65625 0.19453125 0.04453125 0.04453125
4 0.77734375 0.23125 0.078125 0.06328125
1 0.7140625 0.3390625 0.0828125 0.07109375
1 0.684375 0.26484375 0.0828125 0.046875
1 0.73203125 0.0796875 0.053125 0.04296875
1 0.48125 0.12734375 0.04453125 0.03515625
10 0.88359375 0.23125 0.04375 0.04296875
10 0.4765625 0.41171875 0.06796875 0.0515625
1 0.58125 0.41953125 0.04375 0.03125
1 0.51328125 0.39296875 0.04140625 0.03515625
1 0.4 0.36640625 0.03984375 0.04453125
1 0.61640625 0.115625 0.05546875 0.0515625
1 0.64375 0.4609375 0.084375 0.05625
1 0.58203125 0.41640625 0.05078125 0.05
10 0.28125 0.853125 0.0984375 0.17578125
10 0.30546875 0.68359375 0.06953125 0.14140625
6 0.01953125 0.68125 0.0390625 0.096875
11 0.73203125 0.66328125 0.05625 0.025
11 0.73671875 0.628125 0.09609375 0.05
11 0.796875 0.6859375 0.05859375 0.05625
11 0.7296875 0.7109375 0.046875 0.0484375
9 0.6125 0.94921875 0.0671875 0.0546875
9 0.6703125 0.75390625 0.0546875 0.0234375
9 0.6125 0.81015625 0.046875 0.0484375
10 0.69296875 0.89375 0.0421875 0.04140625
10 0.6984375 0.8265625 0.0671875 0.046875
1 0.525 0.70625 0.0671875 0.03671875
1 0.4484375 0.64921875 0.05390625 0.0546875
1 0.81953125 0.7796875 0.0328125 0.03359375
1 0.8421875 0.89921875 0.046875 0.03671875
1 0.73828125 0.9703125 0.04453125 0.03671875
1 0.69609375 0.946875 0.03515625 0.03359375
1 0.56328125 0.9109375 0.05078125 0.03671875
1 0.4890625 0.9359375 0.04609375 0.0265625
1 0.45625 0.83125 0.05078125 0.04453125
1 0.6640625 0.85703125 0.04375 0.03671875