10 0.0171875 0.253125 0.034375 0.134375
1 0.2328125 0.3921875 0.05 0.034375
1 0.06328125 0.25703125 0.046875 0.059375
1 0.03515625 0.31171875 0.046875 0.06640625
1 0.23125 0.25390625 0.09609375 0.09765625
1 0.02890625 0.04609375 0.0578125 0.0703125
1 0.12890625 0.1734375 0.09609375 0.0796875
9 0.11953125 0.30078125 0.084375 0.09921875
9 0.16953125 0.37734375 0.1015625 0.0640625
0 0.46484375 0.24296875 0.0296875 0.0859375
11 0.44296875 0.07578125 0.0734375 0.1234375
1 0.90234375 0.04453125 0.0390625 0.0484375
11 0.08828125 0.46484375 0.0390625 0.03828125
11 0.08203125 0.53046875 0.06328125 0.0765625
11 0.13828125 0.4515625 0.0359375 0.084375
0 0.4015625 0.52109375 0.11484375 0.04296875
9 0.4109375 0.41640625 0.075 0.0140625
11 0.04140625 0.91015625 0.06015625 0.09609375
11 0.19921875 0.72890625 0.0578125 0.05
11 0.1203125 0.9421875 0.04921875 0.09765625
10 0.23046875 0.8765625 0.02734375 0.08828125
6 0.36796875 0.8140625 0.0546875 0.084375