9 0.16328125 0.1140625 0.065625 0.0984375
9 0.10390625 0.175 0.0421875 0.0703125
1 0.0828125 0.01171875 0.053125 0.0234375
5 0.09375 0.3953125 0.05625 0.1125
5 0.171875 0.3484375 0.046875 0.06796875
5 0.19296875 0.30390625 0.0546875 0.02421875
9 0.146875 0.94296875 0.053125 0.07421875
9 0.0953125 0.728125 0.059375 0.0640625
1 0.0546875 0.84765625 0.03984375 0.084375
1 0.103125 0.81796875 0.053125 0.0484375
1 0.14921875 0.82890625 0.0421875 0.0578125
1 0.00625 0.8203125 0.0125 0.046875
3 0.71796875 0.71171875 0.0984375 0.0640625