0 0.13671875 0.0265625 0.1109375 0.053125
9 0.6703125 0.159375 0.09453125 0.07734375
1 0.42890625 0.2859375 0.0765625 0.046875
1 0.4796875 0.18828125 0.06015625 0.08828125
9 0.30078125 0.55234375 0.0953125 0.08359375
9 0.85234375 0.696875 0.0625 0.06875
1 0.93671875 0.46015625 0.10546875 0.121875
1 0.99296875 0.33984375 0.0140625 0.0421875
1 0.9703125 0.33125 0.0375 0.04375
1 0.93515625 0.32421875 0.0453125 0.0296875
1 0.85 0.56328125 0.04140625 0.04453125
9 0.97109375 0.7640625 0.03671875 0.034375
9 0.9109375 0.59453125 0.03671875 0.0359375
9 0.97109375 0.65 0.04765625 0.04765625
9 0.96953125 0.6828125 0.04140625 0.04453125
9 0.7640625 0.58203125 0.04453125 0.03984375
9 0.80546875 0.36328125 0.0546875 0.05625
9 0.98515625 0.553125 0.0296875 0.04375