9 0.15625 0.1125 0.153125 0.21171875
4 0.1796875 0.365625 0.0828125 0.13203125
4 0.08125 0.1546875 0.065625 0.1203125
4 0.06328125 0.5015625 0.1265625 0.13125
1 0.30078125 0.5515625 0.0546875 0.03203125
0 0.00859375 0.05078125 0.0171875 0.1015625
1 0.2625 0.46875 0.075 0.103125
1 0.40234375 0.2609375 0.08359375 0.11875
8 0.35703125 0.0234375 0.0359375 0.046875
1 0.44765625 0.146875 0.096875 0.13359375
1 0.50703125 0.2046875 0.08515625 0.125
1 0.5296875 0.0765625 0.090625 0.153125
1 0.578125 0.34453125 0.0984375 0.1421875
1 0.48515625 0.31171875 0.12109375 0.15078125
1 0.51796875 0.446875 0.13046875 0.15078125
1 0.5859375 0.22578125 0.1078125 0.14375
1 0.63984375 0.38984375 0.08046875 0.11875
1 0.35390625 0.2390625 0.02890625 0.1421875
1 0.37421875 0.115625 0.0703125 0.121875
1 0.440625 0.04375 0.121875 0.0875
1 0.61640625 0.01796875 0.1109375 0.0359375
1 0.61796875 0.10703125 0.11953125 0.15234375
1 0.66796875 0.275 0.0859375 0.14921875
12 0.30078125 0.7265625 0.1390625 0.1328125
9 0.61015625 0.959375 0.1609375 0.08125
4 0.58671875 0.81015625 0.0859375 0.09765625
4 0.6890625 0.96015625 0.06875 0.0796875
4 0.72578125 0.678125 0.1671875 0.15625
1 0.475 0.6515625 0.02734375 0.0640625
1 0.5 0.73359375 0.07734375 0.0765625