9 0.11953125 0.0234375 0.0734375 0.046875
9 0.13671875 0.46953125 0.04140625 0.06328125
9 0.14765625 0.32421875 0.028125 0.05390625
9 0.08203125 0.190625 0.028125 0.04921875
9 0.059375 0.25390625 0.03359375 0.06171875
1 0.25546875 0.2875 0.03515625 0.05078125
1 0.0890625 0.53359375 0.03125 0.0109375
9 0.0859375 0.4625 0.03359375 0.05625
12 0.7046875 0.1 0.09375 0.2
9 0.521875 0.059375 0.03203125 0.09375
1 0.56640625 0.13359375 0.02890625 0.07734375
1 0.56875 0.01796875 0.03125 0.0359375
1 0.8046875 0.25 0.0296875 0.0734375
1 0.88046875 0.05625 0.034375 0.084375
1 0.76875 0.284375 0.02578125 0.07734375
8 0.72578125 0.515625 0.0296875 0.025
8 0.78671875 0.5359375 0.0296875 0.00625
8 0.69609375 0.49375 0.03359375 0.0296875
8 0.6359375 0.53359375 0.034375 0.0109375
8 0.63359375 0.49375 0.0578125 0.0421875
8 0.6140625 0.5140625 0.03671875 0.021875
12 0.67734375 0.525 0.0796875 0.028125
12 0.765625 0.5078125 0.03828125 0.0328125
12 0.71796875 0.471875 0.0625 0.040625
3 0.47734375 0.9609375 0.0171875 0.078125
9 0.53125 0.8625 0.08203125 0.03203125
9 0.59765625 0.7359375 0.05625 0.0875
10 0.484375 0.7296875 0.03125 0.078125
1 0.784375 0.91328125 0.09765625 0.05546875
1 0.93046875 0.975 0.0640625 0.05
1 0.628125 0.5453125 0.06875 0.0125
1 0.834375 0.64609375 0.065625 0.07734375
1 0.4953125 0.65859375 0.053125 0.0640625