9 0.340625 0.23671875 0.11328125 0.0796875
10 0.52734375 0.23125 0.0640625 0.090625
0 0.359375 0.08046875 0.10625 0.1609375
0 0.45234375 0.046875 0.0953125 0.09375
0 0.52890625 0.046875 0.0609375 0.09375
10 0.2625 0.29609375 0.12265625 0.03984375
1 0.01953125 0.4875 0.01484375 0.071875
1 0.0078125 0.565625 0.015625 0.071875
0 0.55078125 0.5859375 0.0171875 0.040625
0 0.3578125 0.5734375 0.0796875 0.065625
9 0.07265625 0.92109375 0.090625 0.11875
0 0.04453125 0.84375 0.03515625 0.1046875
0 0.13984375 0.8484375 0.0828125 0.11015625