1 0.175 0.59140625 0.034375 0.0171875
1 0.26953125 0.18125 0.02421875 0.0765625
9 0.41796875 0.57734375 0.0421875 0.0453125
9 0.51015625 0.4796875 0.03828125 0.0953125
1 0.1890625 0.12890625 0.03046875 0.0953125
1 0.3265625 0.2078125 0.034375 0.0609375
1 0.47734375 0.14765625 0.03203125 0.06875
1 0.52265625 0.2234375 0.0453125 0.05078125
9 0.74765625 0.1984375 0.0953125 0.16875
4 0.80859375 0.43203125 0.07109375 0.11171875
1 0.984375 0.575 0.03125 0.05
0 0.7109375 0.03984375 0.021875 0.0796875
1 0.92421875 0.496875 0.06953125 0.08203125