1 0.04453125 0.02578125 0.0421875 0.0515625
1 0.196875 0.08828125 0.08828125 0.0625
1 0.071875 0.10546875 0.09140625 0.028125
9 0.1125 0.02734375 0.075 0.0546875
9 0.46640625 0.02890625 0.0796875 0.0578125
9 0.553125 0.0453125 0.084375 0.04140625
1 0.36484375 0.065625 0.06484375 0.09375
1 0.42265625 0.10234375 0.0828125 0.0328125
10 0.025 0.2875 0.05 0.078125
4 0.58125 0.48515625 0.175 0.1296875
1 0.87265625 0.12578125 0.0625 0.05703125
1 0.92734375 0.35859375 0.0515625 0.03984375
1 0.909375 0.39375 0.04453125 0.03125
9 0.76875 0.51953125 0.075 0.0609375
4 0.3140625 0.86015625 0.23984375 0.18984375
4 0.4515625 0.6453125 0.103125 0.190625
1 0.69453125 0.6375 0.0515625 0.0625
1 0.85390625 0.68203125 0.06484375 0.06328125
1 0.72265625 0.9796875 0.0640625 0.040625
1 0.86015625 0.821875 0.0765625 0.05546875