9 0.275 0.35859375 0.1421875 0.1234375
10 0.196875 0.06015625 0.08671875 0.1140625
1 0.1 0.25234375 0.0703125 0.09375
1 0.01328125 0.2734375 0.0265625 0.09375
0 0.0421875 0.04609375 0.084375 0.0921875
0 0.0203125 0.38671875 0.040625 0.0671875
0 0.1046875 0.15390625 0.18125 0.18046875
1 0.4609375 0.0984375 0.02421875 0.07890625
1 0.4796875 0.2015625 0.0578125 0.0703125
1 0.471875 0.26015625 0.04765625 0.06015625
1 0.5109375 0.3125 0.0375 0.090625
1 0.4890625 0.02265625 0.08125 0.0453125
1 0.7296875 0.0703125 0.07578125 0.05859375
1 0.6265625 0.0515625 0.02890625 0.04765625
1 0.86171875 0.34609375 0.0703125 0.08671875
1 0.74375 0.18203125 0.046875 0.0609375
1 0.85859375 0.171875 0.02890625 0.0453125
1 0.80546875 0.23828125 0.10546875 0.10234375
1 0.815625 0.17109375 0.05234375 0.078125
1 0.61875 0.17734375 0.05390625 0.071875
1 0.78046875 0.3578125 0.0453125 0.06328125
1 0.90546875 0.08828125 0.04375 0.0609375
1 0.71484375 0.2484375 0.05 0.0953125
1 0.67109375 0.1734375 0.03828125 0.05
9 0.6140625 0.42421875 0.0625 0.0296875
9 0.59375 0.33828125 0.0640625 0.0609375
9 0.9078125 0.2015625 0.03828125 0.07421875
0 0.75703125 0.4203125 0.0703125 0.0375
9 0.23203125 0.55625 0.0796875 0.0546875
1 0.0875 0.559375 0.07734375 0.04765625
1 0.028125 0.57421875 0.05625 0.0171875
1 0.50390625 0.4578125 0.0515625 0.0375
1 0.428125 0.5578125 0.05234375 0.05078125
1 0.4453125 0.45 0.084375 0.021875
9 0.240625 0.84921875 0.09921875 0.0875
9 0.425 0.75390625 0.046875 0.09296875
0 0.4140625 0.89921875 0.025 0.18984375
0 0.47578125 0.79609375 0.1078125 0.1296875
9 0.64609375 0.46484375 0.0890625 0.0515625
0 0.5390625 0.6109375 0.01875 0.09375
11 0.85625 0.45546875 0.084375 0.0328125
5 0.5984375 0.8296875 0.1375 0.103125
5 0.5546875 0.9234375 0.05 0.075
5 0.79140625 0.98046875 0.0453125 0.0390625
1 0.7484375 0.86171875 0.07578125 0.075
10 0.93125 0.88515625 0.08046875 0.07890625
1 0.99453125 0.803125 0.0109375 0.05