1 0.29453125 0.21953125 0.078125 0.0609375
0 0.11015625 0.2265625 0.08828125 0.11015625
0 0.02890625 0.25546875 0.0578125 0.0890625
0 0.26171875 0.0796875 0.090625 0.0828125
0 0.23984375 0.178125 0.0640625 0.0546875
9 0.8125 0.471875 0.08046875 0.10625
0 0.66015625 0.45546875 0.0921875 0.1484375
9 0.1015625 0.6890625 0.11640625 0.11953125
1 0.03671875 0.7046875 0.03125 0.05625
0 0.015625 0.96875 0.03125 0.0625
0 0.21953125 0.9765625 0.0828125 0.046875
1 0.2515625 0.83984375 0.0515625 0.0453125
0 0.36328125 0.8921875 0.0515625 0.071875
1 0.4171875 0.7109375 0.05625 0.0875
1 0.40625 0.54453125 0.028125 0.0296875
9 0.45625 0.5671875 0.03828125 0.07421875
11 0.66015625 0.878125 0.07578125 0.04765625
11 0.72265625 0.85625 0.06875 0.04765625
10 0.725 0.72109375 0.0671875 0.05
10 0.78984375 0.6421875 0.065625 0.06328125
9 0.8921875 0.809375 0.08203125 0.07578125
9 0.85 0.65546875 0.07578125 0.07578125
9 0.70390625 0.77890625 0.07578125 0.05625