1 0.34296875 0.01328125 0.0421875 0.0265625
1 0.2921875 0.0640625 0.08203125 0.0765625
1 0.340625 0.01640625 0.053125 0.0328125
9 0.18125 0.50625 0.0390625 0.09296875
0 0.2296875 0.26953125 0.0578125 0.07890625
0 0.1890625 0.228125 0.046875 0.0640625
1 0.5015625 0.03046875 0.10625 0.0609375
1 0.6390625 0.02578125 0.0625 0.0515625
1 0.4375 0.24609375 0.06875 0.06640625
1 0.41640625 0.07265625 0.0328125 0.0703125
0 0.51953125 0.415625 0.10546875 0.0734375
0 0.5484375 0.2265625 0.0953125 0.0734375
0 0.415625 0.40078125 0.03125 0.0703125
0 0.64921875 0.1390625 0.1015625 0.05703125
0 0.68203125 0.29609375 0.07421875 0.06015625
1 0.47109375 0.725 0.0765625 0.11328125
1 0.52109375 0.61796875 0.0609375 0.0359375