1 0.0453125 0.26640625 0.090625 0.1203125
1 0.128125 0.2765625 0.06640625 0.0859375
1 0.16875 0.06640625 0.06796875 0.075
1 0.31328125 0.20625 0.06796875 0.0875
1 0.18359375 0.321875 0.07265625 0.075
1 0.315625 0.06015625 0.0953125 0.1
11 0.6875 0.109375 0.16328125 0.1515625
11 0.590625 0.034375 0.06875 0.06875
11 0.84609375 0.0046875 0.05625 0.009375
11 0.9015625 0.046875 0.05625 0.07265625
1 0.98828125 0.1859375 0.02265625 0.07265625
1 0.621875 0.33203125 0.07265625 0.0546875
1 0.559375 0.29140625 0.06640625 0.05625
1 0.53203125 0.115625 0.0640625 0.06171875
11 0.14765625 0.69765625 0.05 0.09296875
0 0.1625 0.48203125 0.05 0.10390625
10 0.371875 0.97421875 0.025 0.05078125
11 0.83046875 0.425 0.08046875 0.0453125
11 0.76640625 0.45625 0.07265625 0.04765625
10 0.446875 0.6828125 0.0578125 0.06953125
10 0.7828125 0.60859375 0.06796875 0.05078125
10 0.7234375 0.7046875 0.0640625 0.0671875
9 0.58984375 0.5265625 0.0828125 0.08203125
9 0.65703125 0.69609375 0.0765625 0.08046875
9 0.796875 0.54140625 0.07890625 0.05859375