0 0.1 0.428125 0.02421875 0.0703125
0 0.09765625 0.3515625 0.0265625 0.0703125
0 0.3640625 0.1140625 0.028125 0.06328125
0 0.0734375 0.26171875 0.028125 0.078125
0 0.35625 0.01328125 0.03515625 0.0265625
0 0.3703125 0.05546875 0.03125 0.0484375
1 0.021875 0.20703125 0.03125 0.0703125
9 0.21796875 0.53671875 0.028125 0.06328125
9 0.8203125 0.3984375 0.10625 0.11171875
0 0.67578125 0.44453125 0.1375 0.1734375
9 0.05234375 0.9109375 0.1046875 0.1046875
9 0.0265625 0.79140625 0.05234375 0.1265625
9 0.26015625 0.953125 0.09765625 0.09296875
9 0.21953125 0.834375 0.09921875 0.11640625
9 0.10390625 0.84453125 0.08515625 0.075
5 0.93828125 0.8046875 0.103125 0.0734375
5 0.9671875 0.725 0.065625 0.078125
5 0.95859375 0.659375 0.0828125 0.0875
5 0.68203125 0.8328125 0.075 0.0546875
1 0.85625 0.84609375 0.0578125 0.06484375
1 0.8109375 0.84921875 0.03984375 0.04296875
1 0.76953125 0.70078125 0.0609375 0.06328125
1 0.69921875 0.61484375 0.06484375 0.0515625