1 0.03828125 0.07890625 0.05234375 0.065625
10 0.328125 0.0078125 0.046875 0.015625
9 0.38125 0.0078125 0.05625 0.015625
9 0.26640625 0.3859375 0.03515625 0.0625
9 0.40078125 0.39921875 0.0359375 0.0921875
9 0.3359375 0.384375 0.04921875 0.09609375
10 0.2375 0.58359375 0.040625 0.0703125
0 0.38359375 0.5640625 0.05859375 0.0671875
0 0.41171875 0.58984375 0.0140625 0.0578125
9 0.58203125 0.040625 0.08046875 0.0765625
10 0.59140625 0.3453125 0.08046875 0.09140625
10 0.9875 0.35625 0.025 0.059375
0 0.6125 0.178125 0.08359375 0.071875
0 0.9203125 0.02265625 0.121875 0.0453125
9 0.325 0.71640625 0.14765625 0.1828125
10 0.3671875 0.8265625 0.103125 0.06875
1 0.14375 0.83984375 0.05703125 0.04453125
0 0.0515625 0.6578125 0.103125 0.078125
9 0.33359375 0.903125 0.0890625 0.08203125
10 0.684375 0.73046875 0.0421875 0.05546875
1 0.4390625 0.725 0.0296875 0.040625
0 0.56953125 0.65703125 0.0828125 0.0765625
1 0.9390625 0.97265625 0.059375 0.0546875