10 0.07265625 0.325 0.1453125 0.146875
9 0.4640625 0.11875 0.07421875 0.0765625
1 0.54453125 0.4421875 0.0578125 0.034375
0 0.4234375 0.2125 0.16328125 0.18515625
10 0.24296875 0.946875 0.1046875 0.10625
10 0.08203125 0.8109375 0.109375 0.075
1 0.09765625 0.6015625 0.08359375 0.09765625
1 0.01953125 0.69453125 0.0390625 0.1203125
1 0.159375 0.70078125 0.0546875 0.07109375
1 0.18515625 0.53984375 0.04453125 0.09375
1 0.38828125 0.94609375 0.04453125 0.08984375
1 0.2109375 0.8375 0.06015625 0.11953125
9 0.70625 0.55546875 0.053125 0.0796875
9 0.84453125 0.5015625 0.0421875 0.075
9 0.840625 0.66171875 0.040625 0.05625