4 0.26640625 0.3640625 0.0515625 0.02890625
4 0.31484375 0.27578125 0.046875 0.03515625
4 0.328125 0.33125 0.04140625 0.03671875
9 0.1359375 0.20078125 0.05390625 0.03515625
9 0.17421875 0.2875 0.046875 0.03359375
10 0.1828125 0.12890625 0.03671875 0.03515625
10 0.06875 0.2171875 0.0484375 0.03046875
11 0.30078125 0.22578125 0.05078125 0.03046875
1 0.80078125 0.07890625 0.025 0.046875
1 0.90078125 0.01796875 0.0296875 0.0359375
9 0.7328125 0.3515625 0.06171875 0.07421875
9 0.6828125 0.3765625 0.0375 0.025
1 0.8015625 0.38203125 0.04375 0.0140625
9 0.66328125 0.33515625 0.04765625 0.065625
1 0.5484375 0.64453125 0.0875 0.0671875
9 0.5375 0.91015625 0.10234375 0.0703125
1 0.57421875 0.69921875 0.04140625 0.0390625
1 0.52109375 0.721875 0.05703125 0.040625
1 0.9796875 0.71171875 0.040625 0.0765625
0 0.76484375 0.9125 0.07421875 0.11484375
0 0.9 0.85625 0.0703125 0.08515625
0 0.82578125 0.94296875 0.06484375 0.11015625