0 0.17734375 0.2609375 0.028125 0.07265625
0 0.15859375 0.1796875 0.03203125 0.07265625
0 0.1640625 0.06640625 0.0328125 0.08046875
4 0.41796875 0.075 0.0578125 0.0859375
11 0.459375 0.26796875 0.04921875 0.065625
11 0.32578125 0.22109375 0.05859375 0.07890625
11 0.325 0.025 0.059375 0.05
11 0.4890625 0.01875 0.084375 0.0375
11 0.35078125 0.35 0.0921875 0.14375
11 0.53515625 0.04375 0.0453125 0.059375
10 0.39375 0.196875 0.05546875 0.07109375
1 0.53984375 0.45390625 0.0234375 0.0296875
1 0.55 0.40859375 0.0265625 0.053125
1 0.44453125 0.42734375 0.05703125 0.05625
9 0.5015625 0.23828125 0.0640625 0.1140625
5 0.69921875 0.06484375 0.1359375 0.1296875
5 0.890625 0.1328125 0.07265625 0.11875
10 0.184375 0.81015625 0.14140625 0.109375
9 0.01171875 0.5109375 0.0234375 0.084375
9 0.284375 0.48671875 0.046875 0.0359375
9 0.4140625 0.9265625 0.0859375 0.09609375
0 0.18984375 0.603125 0.06640625 0.109375
0 0.46171875 0.7171875 0.084375 0.146875
11 0.778125 0.4984375 0.11875 0.059375
9 0.6203125 0.96953125 0.0875 0.0609375
0 0.91015625 0.93671875 0.021875 0.0609375