11 0.29140625 0.0765625 0.1828125 0.153125
1 0.4 0.16953125 0.0375 0.0765625
1 0.38203125 0.28671875 0.0734375 0.0265625
10 0.23046875 0.44296875 0.1390625 0.0921875
9 0.04921875 0.35 0.09140625 0.0984375
1 0.3203125 0.3625 0.0703125 0.06328125
1 0.39765625 0.39140625 0.0421875 0.0578125
1 0.3171875 0.3234375 0.05078125 0.0453125
1 0.1796875 0.6671875 0.0890625 0.05390625
1 0.115625 0.67578125 0.0375 0.075
9 0.55234375 0.5203125 0.0640625 0.0625
10 0.4375 0.8203125 0.025 0.08671875
10 0.71171875 0.953125 0.02265625 0.0734375
11 0.596875 0.78984375 0.025 0.08046875
11 0.5125 0.7734375 0.01796875 0.06953125
11 0.64765625 0.94375 0.0375 0.09609375
1 0.6109375 0.990625 0.01875 0.01875
6 0.51171875 0.86875 0.028125 0.05625
9 0.965625 0.9796875 0.04375 0.040625
10 0.83984375 0.76953125 0.04765625 0.06953125
0 0.9640625 0.8890625 0.071875 0.165625