10 0.25859375 0.35703125 0.07265625 0.021875
10 0.36328125 0.25234375 0.07421875 0.0734375
9 0.0140625 0.50078125 0.028125 0.0734375
9 0.44453125 0.38984375 0.134375 0.04375
1 0.4265625 0.5484375 0.046875 0.040625
1 0.41015625 0.51796875 0.06484375 0.0390625
1 0.3390625 0.48359375 0.07734375 0.0453125
9 0.5375 0.3921875 0.0625 0.05
9 0.19296875 0.403125 0.0578125 0.0703125
10 0.903125 0.2515625 0.06640625 0.0265625
11 0.78984375 0.246875 0.08203125 0.0359375
1 0.66640625 0.17421875 0.06171875 0.07734375
1 0.71875 0.19609375 0.04921875 0.06796875
1 0.83046875 0.1609375 0.07890625 0.1296875
5 0.7421875 0.47578125 0.0953125 0.084375
5 0.66640625 0.51796875 0.08046875 0.090625
5 0.640625 0.55390625 0.078125 0.0296875
1 0.82421875 0.49375 0.05390625 0.0734375
1 0.859375 0.52109375 0.03671875 0.04921875
1 0.57734375 0.39765625 0.0171875 0.0734375
1 0.78515625 0.8 0.05 0.0625
1 0.921875 0.915625 0.03828125 0.05390625
0 0.67109375 0.7609375 0.07421875 0.07578125