10 0.58359375 0.05859375 0.04921875 0.084375
11 0.34921875 0.49765625 0.0671875 0.0828125
0 0.425 0.34375 0.075 0.09765625
0 0.32890625 0.34609375 0.05078125 0.09375
0 0.1140625 0.32734375 0.11640625 0.21171875
0 0.578125 0.30703125 0.075 0.09609375
0 0.2078125 0.3484375 0.08203125 0.09765625
0 0.31015625 0.15703125 0.11484375 0.07109375
0 0.46640625 0.196875 0.075 0.1421875
1 0.36015625 0.0390625 0.0765625 0.078125
3 0.9703125 0.3078125 0.0421875 0.16875
9 0.9484375 0.47578125 0.0296875 0.0609375
9 0.82890625 0.1734375 0.02265625 0.0765625
9 0.83984375 0.41796875 0.03671875 0.1140625
1 0.6671875 0.57890625 0.065625 0.0796875
1 0.6875 0.6921875 0.025 0.096875
0 0.5671875 0.7046875 0.08125 0.171875
0 0.67265625 0.84609375 0.0546875 0.1578125
0 0.55390625 0.92265625 0.1421875 0.1453125
0 0.18515625 0.9375 0.1140625 0.125
0 0.23125 0.74453125 0.1046875 0.1125
10 0.72578125 0.92578125 0.0515625 0.1484375