8 0.2671875 0.32890625 0.403125 0.1265625
8 0.34765625 0.45625 0.1515625 0.0875
8 0.0203125 0.340625 0.040625 0.11875
0 0.84375 0.1625 0.075 0.04296875
0 0.77734375 0.3125 0.0953125 0.04765625
1 0.57578125 0.040625 0.0328125 0.08125
9 0.7875 0.2140625 0.08046875 0.08671875
9 0.9046875 0.1171875 0.0703125 0.08046875
9 0.58359375 0.1171875 0.04375 0.0390625
9 0.6859375 0.11796875 0.0578125 0.0546875
9 0.7421875 0.090625 0.03828125 0.03671875
9 0.63125 0.36640625 0.06640625 0.05859375
9 0.609375 0.2515625 0.04921875 0.03984375
9 0.70390625 0.3796875 0.084375 0.0484375
9 0.01875 0.63046875 0.0375 0.0734375
9 0.1015625 0.7234375 0.040625 0.0546875
9 0.11171875 0.8046875 0.0203125 0.059375
9 0.075 0.8140625 0.0625 0.08515625
9 0.103125 0.88828125 0.03828125 0.07578125
9 0.04296875 0.71484375 0.0515625 0.059375
9 0.053125 0.77109375 0.03125 0.0515625
9 0.009375 0.7625 0.01875 0.0625