1 0.23515625 0.040625 0.0546875 0.05
1 0.16640625 0.08515625 0.02265625 0.03828125
1 0.39765625 0.15546875 0.05234375 0.07109375
1 0.27734375 0.109375 0.03515625 0.05
1 0.34375 0.03828125 0.02265625 0.03671875
1 0.33125 0.1140625 0.07734375 0.08515625
1 0.31796875 0.06171875 0.0390625 0.0640625
1 0.1984375 0.17421875 0.0390625 0.05703125
1 0.35234375 0.20859375 0.03359375 0.05
1 0.278125 0.16953125 0.03828125 0.0765625
1 0.22890625 0.14375 0.028125 0.04140625
9 0.27890625 0.36796875 0.04609375 0.0796875
9 0.38984375 0.38515625 0.03203125 0.05390625
9 0.23125 0.2984375 0.04609375 0.05
9 0.38828125 0.028125 0.0421875 0.05625
0 0.3609375 0.2765625 0.05234375 0.0609375
10 0.078125 0.521875 0.0671875 0.07265625
10 0.0703125 0.6125 0.071875 0.0953125
1 0.04140625 0.4875 0.02421875 0.04140625
9 0.2421875 0.5046875 0.09296875 0.096875
1 0.18671875 0.63828125 0.1140625 0.0609375
1 0.178125 0.5375 0.06484375 0.078125
1 0.1390625 0.60546875 0.01796875 0.0765625
1 0.365625 0.559375 0.071875 0.0953125
1 0.40625 0.65234375 0.065625 0.0328125
1 0.31171875 0.653125 0.0515625 0.03125
1 0.06875 0.9359375 0.05546875 0.096875
1 0.22265625 0.91640625 0.06484375 0.034375
1 0.2546875 0.8359375 0.0578125 0.05625
1 0.1609375 0.90625 0.03828125 0.028125
1 0.31796875 0.80859375 0.03515625 0.03203125
1 0.36953125 0.7859375 0.04921875 0.021875
1 0.34921875 0.9390625 0.04375 0.02578125
1 0.1375 0.940625 0.03984375 0.01953125
1 0.42421875 0.96328125 0.0296875 0.0265625
1 0.4015625 0.996875 0.040625 0.00625
9 0.15390625 0.9875 0.0484375 0.025
9 0.321875 0.98046875 0.05390625 0.021875
9 0.259375 0.97421875 0.03515625 0.028125
9 0.2078125 0.85 0.059375 0.03203125
1 0.57578125 0.67578125 0.0328125 0.0140625