9 0.3484375 0.29609375 0.021875 0.0609375
0 0.9625 0.45390625 0.075 0.2296875
0 0.61640625 0.0640625 0.10546875 0.0734375
0 0.47734375 0.04921875 0.10390625 0.0703125
11 0.5015625 0.3078125 0.14140625 0.15703125
9 0.084375 0.82890625 0.1 0.103125
9 0.0359375 0.86328125 0.071875 0.1015625
1 0.2921875 0.653125 0.03828125 0.04140625
1 0.275 0.68125 0.04375 0.04609375
10 0.11640625 0.98359375 0.0453125 0.0328125
1 0.34140625 0.9875 0.0359375 0.025
1 0.415625 0.58359375 0.053125 0.0296875
9 0.36875 0.70234375 0.01875 0.0546875
9 0.565625 0.5890625 0.05625 0.040625
10 0.378125 0.76796875 0.0375 0.0828125
1 0.91953125 0.59609375 0.1046875 0.0546875