1 0.165625 0.48125 0.053125 0.05625
1 0.2328125 0.43359375 0.04140625 0.08046875
1 0.12890625 0.040625 0.0421875 0.08125
1 0.0546875 0.46875 0.0625 0.08125
9 0.1203125 0.27578125 0.03203125 0.09765625
9 0.321875 0.25625 0.05859375 0.05859375
5 0.78671875 0.01640625 0.0734375 0.0328125
1 0.8 0.2265625 0.08125 0.08515625
0 0.8984375 0.4625 0.203125 0.09375
0 0.92578125 0.23515625 0.1484375 0.1046875
4 0.69609375 0.7015625 0.0375 0.20078125
0 0.6890625 0.86953125 0.0515625 0.1234375
1 0.96015625 0.56640625 0.0796875 0.1140625
1 0.815625 0.8703125 0.0703125 0.13359375
1 0.8140625 0.74296875 0.0875 0.13359375
1 0.74375 0.9296875 0.059375 0.140625
11 0.96953125 0.86171875 0.0609375 0.1859375