9 0.3609375 0.29375 0.07578125 0.078125
9 0.21484375 0.24921875 0.06796875 0.05078125
1 0.10390625 0.04375 0.0921875 0.0875
1 0.20078125 0.0515625 0.053125 0.07109375
1 0.21171875 0.1609375 0.0296875 0.040625
1 0.17265625 0.15 0.0421875 0.0578125
1 0.0421875 0.39609375 0.03515625 0.07421875
1 0.21640625 0.34140625 0.05390625 0.03046875
1 0.26171875 0.34453125 0.0390625 0.0359375
1 0.20078125 0.44453125 0.0421875 0.04609375
1 0.0421875 0.18046875 0.0328125 0.04609375
1 0.08828125 0.215625 0.01640625 0.0421875
1 0.2453125 0.08828125 0.03125 0.04609375
1 0.25234375 0.1765625 0.0328125 0.0640625
1 0.4375 0.38203125 0.03125 0.04609375
1 0.32421875 0.4375 0.0203125 0.03046875
1 0.34375 0.4640625 0.0203125 0.040625
1 0.20546875 0.5796875 0.05546875 0.040625
1 0.10390625 0.31015625 0.03671875 0.04765625
10 0.471875 0.08671875 0.0484375 0.06953125
1 0.49609375 0.47109375 0.0515625 0.05625
1 0.12109375 0.48828125 0.03125 0.0359375
1 0.31015625 0.490625 0.03359375 0.03203125
1 0.26171875 0.3921875 0.02421875 0.03203125
1 0.18203125 0.48203125 0.028125 0.0578125
1 0.2015625 0.50625 0.03828125 0.04375
1 0.16953125 0.3734375 0.0296875 0.0359375
1 0.31953125 0.01796875 0.04609375 0.0359375
1 0.3703125 0.00625 0.03671875 0.01171875
1 0.303125 0.10234375 0.02265625 0.0375
1 0.92890625 0.3234375 0.0921875 0.04375
1 0.88984375 0.11328125 0.08828125 0.07421875
1 0.77109375 0.203125 0.0921875 0.1203125
0 0.0609375 0.79140625 0.08125 0.12734375
0 0.2875 0.83125 0.0828125 0.09296875
1 0.5390625 0.93984375 0.04765625 0.0375
1 0.2984375 0.99140625 0.0515625 0.0171875
0 0.4359375 0.965625 0.090625 0.06875
0 0.49765625 0.95078125 0.059375 0.0984375
10 0.95 0.87421875 0.0421875 0.0640625
11 0.66015625 0.93125 0.0421875 0.0609375
11 0.81484375 0.928125 0.03125 0.05234375
9 0.58515625 0.73046875 0.0109375 0.08125
1 0.66484375 0.7328125 0.0421875 0.08828125
1 0.61953125 0.75546875 0.0328125 0.05078125
6 0.74609375 0.7296875 0.0421875 0.04375
6 0.8109375 0.8515625 0.0484375 0.0390625