1 0.11015625 0.15078125 0.0828125 0.03828125
1 0.18828125 0.08828125 0.08515625 0.0546875
1 0.05703125 0.1328125 0.0515625 0.028125
1 0.26484375 0.075 0.0515625 0.03203125
1 0.32734375 0.065625 0.059375 0.02578125
1 0.2203125 0.18828125 0.05546875 0.02734375
1 0.01953125 0.15703125 0.0390625 0.02109375
1 0.3875 0.21328125 0.0484375 0.0234375
1 0.35390625 0.2265625 0.0390625 0.0171875
1 0.28125 0.2203125 0.04609375 0.025
1 0.234375 0.25 0.05 0.021875
1 0.4296875 0.2453125 0.0421875 0.02734375
9 0.0171875 0.20390625 0.03359375 0.034375
9 0.1703125 0.21796875 0.0625 0.02578125
9 0.11328125 0.20390625 0.04765625 0.02578125
9 0.134375 0.09375 0.07578125 0.034375
1 0.96953125 0.08515625 0.0609375 0.0515625
9 0.71953125 0.17734375 0.09609375 0.040625
9 0.565625 0.41640625 0.0484375 0.11328125
0 0.51484375 0.35 0.0796875 0.10625
5 0.73515625 0.3015625 0.0328125 0.04453125
5 0.7578125 0.33515625 0.05703125 0.1125
5 0.81015625 0.36796875 0.0421875 0.12734375
5 0.83828125 0.37890625 0.021875 0.09765625
5 0.76796875 0.5578125 0.06875 0.13125
5 0.89921875 0.84296875 0.07421875 0.2109375
5 0.7390625 0.72890625 0.04609375 0.1171875
5 0.71875 0.815625 0.034375 0.09375
5 0.8296875 0.75078125 0.03359375 0.134375
5 0.87265625 0.48203125 0.08125 0.22578125
5 0.91875 0.52265625 0.0421875 0.15546875
5 0.8546875 0.63828125 0.10703125 0.19296875
5 0.70625 0.5484375 0.10703125 0.29140625
5 0.63046875 0.3859375 0.04609375 0.1296875
5 0.7171875 0.3515625 0.040625 0.11328125
5 0.8203125 0.95 0.07265625 0.1
5 0.959375 0.81015625 0.034375 0.09375