10 0.14921875 0.225 0.02265625 0.0734375
11 0.034375 0.06171875 0.025 0.08046875
11 0.08515625 0.215625 0.0375 0.09609375
9 0.0765625 0.32578125 0.028125 0.10703125
1 0.02421875 0.31015625 0.0265625 0.11640625
1 0.04921875 0.28828125 0.01953125 0.06796875
9 0.28515625 0.51015625 0.0578125 0.0984375
9 0.40390625 0.2640625 0.04296875 0.065625
10 0.27734375 0.04140625 0.04765625 0.06953125
0 0.4109375 0.1609375 0.090625 0.165625
10 0.57109375 0.01953125 0.1078125 0.0390625
9 0.68828125 0.11171875 0.1109375 0.11796875
9 0.5328125 0.08046875 0.065625 0.0921875
1 0.775 0.07734375 0.03828125 0.0765625
1 0.978125 0.04765625 0.04375 0.0796875
0 0.6375 0.39609375 0.07421875 0.0828125
0 0.603125 0.48515625 0.07109375 0.05625
0 0.47890625 0.92109375 0.0421875 0.0546875
0 0.753125 0.98671875 0.0875 0.0265625
0 0.90546875 0.8828125 0.090625 0.0828125
0 0.88359375 0.9765625 0.0640625 0.046875