10 0.015625 0.03515625 0.03125 0.0453125
9 0.040625 0.03515625 0.04140625 0.046875
1 0.465625 0.0265625 0.040625 0.053125
1 0.23125 0.21953125 0.04140625 0.05390625
1 0.3421875 0.259375 0.0421875 0.034375
0 0.40390625 0.175 0.053125 0.11875
0 0.321875 0.17734375 0.0671875 0.08125
9 0.40078125 0.00859375 0.0296875 0.0171875
1 0.14609375 0.07578125 0.0078125 0.04140625
10 0.97265625 0.06484375 0.0546875 0.0671875
10 0.95390625 0.125 0.06015625 0.065625
1 0.81953125 0.38828125 0.05546875 0.0546875
1 0.62421875 0.3765625 0.0046875 0.059375
9 0.66640625 0.4875 0.0921875 0.05625
9 0.55703125 0.51640625 0.046875 0.0703125
9 0.68515625 0.9625 0.0859375 0.075
0 0.9671875 0.87421875 0.065625 0.1171875
0 0.73359375 0.7640625 0.084375 0.146875