7 0.15234375 0.17890625 0.1171875 0.15859375
7 0.096875 0.38203125 0.09296875 0.21015625
7 0.36015625 0.090625 0.1671875 0.18125
7 0.0375 0.2171875 0.075 0.271875
1 0.2375 0.04296875 0.04453125 0.025
1 0.4515625 0.059375 0.03671875 0.05703125
1 0.52109375 0.0328125 0.0171875 0.065625
0 0.32578125 0.8015625 0.0625 0.0796875
0 0.38671875 0.79765625 0.0703125 0.1109375
0 0.390625 0.6171875 0.1171875 0.1234375
0 0.465625 0.89453125 0.128125 0.1328125
0 0.09609375 0.90390625 0.11328125 0.17421875
0 0.184375 0.68515625 0.1703125 0.14296875
0 0.98046875 0.71484375 0.0390625 0.0328125
0 0.94921875 0.69296875 0.0734375 0.07421875
0 0.82734375 0.79765625 0.0796875 0.05234375
0 0.84140625 0.74453125 0.06875 0.03515625