0 0.36875 0.0828125 0.021875 0.134375
9 0.02578125 0.39140625 0.0515625 0.0765625
9 0.1515625 0.7328125 0.09453125 0.07734375
10 0.66640625 0.5359375 0.0578125 0.12109375
6 0.9546875 0.44453125 0.053125 0.0296875
10 0.4984375 0.4421875 0.040625 0.025
10 0.5484375 0.6484375 0.04765625 0.1015625
6 0.709375 0.92734375 0.06484375 0.1046875
11 0.40625 0.6484375 0.053125 0.184375
11 0.453125 0.94609375 0.05 0.1078125
10 0.5984375 0.95390625 0.065625 0.0921875
10 0.7890625 0.98671875 0.040625 0.0265625