3 0.15 0.440625 0.05625 0.078125
9 0.2234375 0.3421875 0.08203125 0.03203125
9 0.28984375 0.215625 0.05625 0.0875
10 0.12421875 0.0765625 0.0515625 0.075
10 0.14609375 0.21015625 0.0921875 0.07734375
1 0.3203125 0.015625 0.06875 0.03125
1 0.18671875 0.1390625 0.05625 0.06484375
1 0.41015625 0.21328125 0.0203125 0.0703125
1 0.46484375 0.2078125 0.0484375 0.0609375
1 0.4578125 0.14140625 0.0546875 0.05625
11 0.4796875 0.0265625 0.053125 0.053125
11 0.675 0.23671875 0.06171875 0.08203125
11 0.56328125 0.075 0.05234375 0.08671875
11 0.5609375 0.253125 0.03984375 0.0515625
11 0.45546875 0.346875 0.04609375 0.065625
11 0.61875 0.34140625 0.06796875 0.0578125
0 0.459375 0.07578125 0.11875 0.0828125
0 0.51640625 0.23671875 0.059375 0.07421875
1 0.571875 0.1546875 0.03046875 0.0453125
1 0.57421875 0.21328125 0.04453125 0.04140625
9 0.98515625 0.37109375 0.0296875 0.0984375
0 0.66953125 0.46171875 0.0640625 0.0359375
10 0.8984375 0.47109375 0.01875 0.0171875
10 0.9734375 0.45703125 0.021875 0.0453125
1 0.290625 0.68984375 0.0734375 0.0640625
1 0.21484375 0.66953125 0.05625 0.05390625
1 0.2328125 0.6203125 0.0609375 0.05
11 0.22890625 0.52265625 0.0609375 0.06015625
11 0.01640625 0.6453125 0.0328125 0.071875
11 0.1375 0.546875 0.0625 0.0734375
11 0.11015625 0.6828125 0.04609375 0.0453125
11 0.0375 0.734375 0.075 0.04609375
10 0.31015625 0.4875 0.0546875 0.015625
0 0.36875 0.64296875 0.0625 0.0578125
0 0.24765625 0.57109375 0.14375 0.08359375
0 0.1578125 0.6796875 0.0671875 0.06484375
1 0.115625 0.6046875 0.03515625 0.0390625
1 0.103125 0.64921875 0.05 0.0390625
1 0.33046875 0.49921875 0.0375 0.03515625
0 0.38515625 0.8421875 0.0296875 0.096875
12 0.83359375 0.6390625 0.059375 0.1625
12 0.6546875 0.63203125 0.14296875 0.13984375
12 0.6796875 0.7765625 0.05859375 0.06484375
8 0.58515625 0.6140625 0.02890625 0.05078125
9 0.778125 0.70703125 0.0328125 0.065625
12 0.71796875 0.7234375 0.05546875 0.07890625
12 0.859375 0.50234375 0.046875 0.0453125
12 0.8796875 0.52109375 0.075 0.0828125
12 0.92578125 0.50234375 0.0765625 0.0453125
12 0.86640625 0.67890625 0.0671875 0.0828125
12 0.65546875 0.58125 0.06875 0.07890625