1 0.06171875 0.0203125 0.0796875 0.040625
11 0.128125 0.165625 0.115625 0.0375
9 0.25 0.03828125 0.078125 0.0765625
1 0.0453125 0.06953125 0.090625 0.1140625
11 0.20546875 0.15703125 0.10078125 0.05390625
11 0.04609375 0.4375 0.0921875 0.11875
0 0.0875 0.50234375 0.06328125 0.06328125
9 0.19140625 0.48671875 0.1171875 0.1046875
10 0.22578125 0.8796875 0.084375 0.08984375
0 0.121875 0.8359375 0.10703125 0.0640625
0 0.1078125 0.971875 0.065625 0.05625
9 0.43125 0.7984375 0.07578125 0.078125
9 0.30390625 0.753125 0.0296875 0.05
1 0.29296875 0.665625 0.0078125 0.040625
1 0.30078125 0.8453125 0.0234375 0.03125
1 0.33203125 0.84921875 0.0390625 0.0359375
1 0.315625 0.59296875 0.03125 0.04609375
1 0.32265625 0.68125 0.0328125 0.0640625
1 0.5078125 0.88671875 0.03125 0.04609375
1 0.39453125 0.9421875 0.0203125 0.03046875
1 0.4140625 0.96875 0.0203125 0.040625
10 0.5421875 0.59140625 0.0484375 0.06953125
1 0.56640625 0.9734375 0.0515625 0.053125
1 0.3796875 0.9890625 0.034375 0.021875
1 0.33203125 0.896875 0.02421875 0.03203125
1 0.3734375 0.60703125 0.02265625 0.0375
1 0.9765625 0.828125 0.046875 0.04375
1 0.9578125 0.6171875 0.084375 0.075
1 0.84140625 0.7078125 0.0921875 0.1203125