1 0.15625 0.1453125 0.0921875 0.115625
1 0.09453125 0.1140625 0.08515625 0.0953125
1 0.48515625 0.015625 0.1015625 0.03125
1 0.4046875 0.18515625 0.06953125 0.0734375
1 0.4359375 0.10546875 0.090625 0.096875
1 0.4671875 0.2828125 0.05390625 0.05703125
1 0.5875 0.24609375 0.015625 0.06953125
1 0.32890625 0.25703125 0.05390625 0.0734375
1 0.18515625 0.30390625 0.0765625 0.0515625
1 0.30078125 0.07890625 0.0609375 0.07734375
0 0.73125 0.24296875 0.0375 0.1171875
0 0.65546875 0.06875 0.1203125 0.1375
0 0.70234375 0.19140625 0.08671875 0.0953125
1 0.45546875 0.37109375 0.0890625 0.0828125
1 0.43203125 0.7109375 0.05390625 0.07421875
0 0.29765625 0.59296875 0.12109375 0.15703125
0 0.3046875 0.76015625 0.12890625 0.08828125
9 0.5609375 0.95234375 0.09375 0.08203125
10 0.596875 0.82421875 0.065625 0.0390625
11 0.24921875 0.9734375 0.0984375 0.053125
11 0.6125 0.98828125 0.1125 0.0234375
9 0.84140625 0.96640625 0.1015625 0.0671875
1 0.84453125 0.74921875 0.0953125 0.09140625
9 0.79296875 0.846875 0.0859375 0.0875
9 0.79609375 0.59765625 0.06875 0.05703125
9 0.80859375 0.67265625 0.04609375 0.05078125