11 0.0203125 0.0578125 0.040625 0.115625
1 0.04375 0.45546875 0.0875 0.1265625
1 0.01328125 0.37265625 0.0265625 0.0890625
1 0.22578125 0.37265625 0.040625 0.07109375
1 0.18828125 0.29453125 0.0421875 0.07109375
1 0.25703125 0.5046875 0.0328125 0.028125
1 0.4578125 0.41484375 0.0625 0.1265625
1 0.4265625 0.49609375 0.10625 0.0453125
1 0.35703125 0.46875 0.0921875 0.1
1 0.30078125 0.33671875 0.0515625 0.15390625
1 0.378125 0.3671875 0.13359375 0.159375
1 0.34140625 0.22109375 0.1328125 0.1609375
1 0.30078125 0.45546875 0.0515625 0.1265625
9 0.71640625 0.01640625 0.1640625 0.0328125
10 0.67109375 0.10625 0.15078125 0.09609375
11 0.61640625 0.4796875 0.1265625 0.078125
0 0.95390625 0.48671875 0.0921875 0.0640625
0 0.80546875 0.3765625 0.11875 0.0578125
0 0.74609375 0.2125 0.12109375 0.07734375
0 0.5296875 0.321875 0.08125 0.05625
1 0.57890625 0.60703125 0.10390625 0.0671875
1 0.54296875 0.74296875 0.1078125 0.0984375
1 0.68828125 0.703125 0.075 0.065625
1 0.69609375 0.775 0.07734375 0.0515625
1 0.62578125 0.9671875 0.1203125 0.065625
1 0.82109375 0.80390625 0.11953125 0.07734375