9 0.06484375 0.025 0.0390625 0.05
1 0.05703125 0.28671875 0.0421875 0.046875
1 0.140625 0.1703125 0.03515625 0.0625
1 0.31953125 0.26640625 0.009375 0.05546875
1 0.20703125 0.0296875 0.0453125 0.059375
1 0.2859375 0.00625 0.0375 0.0125
1 0.0609375 0.1546875 0.0515625 0.06640625
11 0.1625 0.06484375 0.028125 0.06484375
11 0.1078125 0.1015625 0.0484375 0.06640625
10 0.91953125 0.0125 0.1015625 0.025
1 0.521875 0.10546875 0.05703125 0.18046875
9 0.43359375 0.56875 0.0078125 0.065625
1 0.44453125 0.97421875 0.0296875 0.0515625
1 0.5359375 0.94296875 0.096875 0.1140625
1 0.4625 0.84375 0.065625 0.078125