10 0.0921875 0.1703125 0.0578125 0.06953125
10 0.428125 0.09609375 0.06796875 0.05078125
10 0.36875 0.1921875 0.0640625 0.0671875
9 0.23515625 0.02734375 0.0828125 0.0546875
9 0.30234375 0.18359375 0.0765625 0.08046875
9 0.44140625 0.02890625 0.0796875 0.0578125
1 0.18984375 0.3609375 0.0546875 0.021875
1 0.2125 0.421875 0.04375 0.04921875
1 0.0109375 0.478125 0.021875 0.053125
1 0.0078125 0.41875 0.015625 0.059375
1 0.153125 0.54140625 0.08828125 0.0625
1 0.03671875 0.5578125 0.0734375 0.028125
9 0.06953125 0.4640625 0.075 0.0875
9 0.15390625 0.39765625 0.09296875 0.0953125
9 0.4234375 0.4796875 0.0796875 0.0625
9 0.509375 0.4984375 0.084375 0.04140625
1 0.32109375 0.51875 0.06484375 0.09375
1 0.37890625 0.55546875 0.0828125 0.0328125
4 0.534375 0.93671875 0.16875 0.1265625
10 0.8984375 0.7234375 0.06640625 0.0265625
9 0.8375 0.384375 0.0875 0.06875
11 0.78515625 0.71875 0.08203125 0.0359375
1 0.66171875 0.64609375 0.06171875 0.07734375
1 0.7140625 0.66796875 0.04921875 0.06796875
1 0.82578125 0.6328125 0.07890625 0.1296875
5 0.7375 0.94765625 0.0953125 0.084375
5 0.6609375 0.971875 0.08125 0.05625
1 0.81875 0.9640625 0.053125 0.071875
1 0.85390625 0.98359375 0.0359375 0.0328125