1 0.10625 0.034375 0.025 0.06875
9 0.03984375 0.096875 0.021875 0.065625
9 0.08046875 0.25390625 0.0296875 0.0296875
9 0.0328125 0.24921875 0.025 0.0390625
9 0.08203125 0.3171875 0.1640625 0.096875
9 0.178125 0.35859375 0.06328125 0.05625
9 0.0703125 0.3765625 0.08671875 0.04921875
9 0.1875 0.29140625 0.05625 0.0453125
9 0.18515625 0.62734375 0.06015625 0.08671875
9 0.1703125 0.91328125 0.090625 0.090625
10 0.18828125 0.9828125 0.0546875 0.034375
1 0.0953125 0.6515625 0.08671875 0.0796875
1 0.30703125 0.753125 0.07578125 0.04453125