0 0.628125 0.0609375 0.140625 0.121875
11 0.5 0.13515625 0.040625 0.0265625
9 0.49609375 0.271875 0.0328125 0.115625
9 0.71796875 0.40703125 0.1578125 0.0859375
9 0.4 0.55234375 0.02578125 0.08203125
10 0.0421875 0.48046875 0.0625 0.0609375
0 0.27578125 0.4625 0.0921875 0.025
0 0.353125 0.48125 0.08125 0.0625
10 0.28203125 0.75078125 0.06953125 0.0859375
10 0.17734375 0.7890625 0.0609375 0.071875
10 0.0734375 0.846875 0.03984375 0.0640625
1 0.24921875 0.99140625 0.0515625 0.0171875
1 0.2734375 0.896875 0.0515625 0.06015625
1 0.27734375 0.82421875 0.053125 0.04609375
9 0.359375 0.76171875 0.03671875 0.05234375
5 0.8390625 0.6484375 0.1625 0.31953125
5 0.68046875 0.81328125 0.1921875 0.2578125
5 0.69140625 0.54296875 0.1453125 0.1859375
5 0.884375 0.88359375 0.1828125 0.1171875
5 0.94921875 0.8390625 0.0765625 0.1171875
5 0.98359375 0.7125 0.0328125 0.25
5 0.975 0.55234375 0.05 0.1578125
5 0.9375 0.48125 0.078125 0.0625
5 0.7390625 0.671875 0.0984375 0.13515625