9 0.27421875 0.31796875 0.06796875 0.04140625
9 0.2359375 0.0890625 0.06796875 0.06640625
1 0.096875 0.22890625 0.0578125 0.05625
1 0.2921875 0.27734375 0.034375 0.0453125
9 0.30078125 0.09375 0.0171875 0.0625
0 0.2640625 0.1609375 0.090625 0.078125
0 0.23984375 0.221875 0.1390625 0.11875
0 0.2296875 0.37109375 0.159375 0.1078125
1 0.13828125 0.4234375 0.09921875 0.0796875
9 0.1609375 0.5796875 0.225 0.12421875
1 0.0484375 0.525 0.0328125 0.04609375
9 0.4203125 0.60390625 0.05078125 0.0828125
0 0.43671875 0.27109375 0.0390625 0.04921875
0 0.4765625 0.29453125 0.04609375 0.11015625
0 0.5328125 0.109375 0.05859375 0.07265625
0 0.5421875 0.19140625 0.05234375 0.04765625
1 0.97578125 0.221875 0.0484375 0.10625
1 0.990625 0.38203125 0.01875 0.0921875
1 0.79609375 0.20859375 0.0375 0.07109375
5 0.18046875 0.76171875 0.1140625 0.08984375
5 0.07421875 0.740625 0.1484375 0.15