10 0.30703125 0.1359375 0.0234375 0.084375
0 0.1625 0.421875 0.075 0.09765625
0 0.06640625 0.42421875 0.05078125 0.09375
0 0.2984375 0.384375 0.040625 0.096875
0 0.05234375 0.234375 0.1046875 0.071875
0 0.20390625 0.275 0.075 0.1421875
1 0.09765625 0.0953125 0.0765625 0.12265625
9 0.2546875 0.55703125 0.090625 0.0765625
0 0.0640625 0.890625 0.128125 0.21875
3 0.49765625 0.8671875 0.1078125 0.1484375
3 0.97109375 0.8203125 0.0578125 0.084375
1 0.4828125 0.54765625 0.059375 0.0578125
1 0.56015625 0.55 0.0390625 0.0625
1 0.59765625 0.75546875 0.0453125 0.075
10 0.8375 0.80625 0.0609375 0.11640625
10 0.940625 0.71328125 0.09140625 0.11328125
10 0.3421875 0.62265625 0.046875 0.1140625