11 0.50625 0.1828125 0.103125 0.125
0 0.51015625 0.4765625 0.1046875 0.046875
1 0.98671875 0.1390625 0.0265625 0.1375
1 0.69375 0.06875 0.05 0.090625
0 0.634375 0.56484375 0.04296875 0.05390625
0 0.6390625 0.5078125 0.0375 0.015625
1 0.15625 0.54609375 0.03359375 0.05703125
6 0.065625 0.965625 0.078125 0.06875
10 0.36796875 0.94921875 0.078125 0.08515625
10 0.45625 0.9234375 0.0515625 0.05390625
10 0.45703125 0.9859375 0.0453125 0.028125
9 0.646875 0.8125 0.04375 0.08125
1 0.55390625 0.65 0.1875 0.02578125
1 0.5078125 0.71953125 0.109375 0.07421875
1 0.534375 0.7796875 0.03515625 0.0296875
1 0.46953125 0.7828125 0.04453125 0.03828125
1 0.1578125 0.675 0.06484375 0.0609375
10 0.29609375 0.88125 0.0546875 0.065625
10 0.32734375 0.80390625 0.06640625 0.07421875