0 0.08203125 0.13046875 0.0890625 0.065625
0 0.040625 0.05 0.07265625 0.05546875
10 0.89609375 0.22265625 0.05078125 0.065625
10 0.709375 0.14921875 0.06328125 0.0953125
10 0.60078125 0.14765625 0.03671875 0.07109375
10 0.55 0.22734375 0.04140625 0.05390625
10 0.79609375 0.22890625 0.04375 0.0625
4 0.66328125 0.228125 0.0765625 0.08671875
1 0.68359375 0.40625 0.08203125 0.096875
1 0.74296875 0.31484375 0.08359375 0.0625
1 0.765625 0.03515625 0.05234375 0.0609375
1 0.98515625 0.2078125 0.0296875 0.046875
10 0.559375 0.1828125 0.0421875 0.05859375
1 0.784375 0.56640625 0.04375 0.02421875
1 0.8609375 0.5609375 0.03984375 0.03671875
1 0.98125 0.56484375 0.03671875 0.02734375
1 0.86640625 0.13515625 0.0546875 0.06953125
1 0.784375 0.55703125 0.04921875 0.04296875
10 0.01171875 0.6203125 0.0234375 0.0828125
9 0.14921875 0.65625 0.0765625 0.08671875
9 0.08671875 0.58828125 0.065625 0.01875
9 0.3125 0.8234375 0.1109375 0.16328125
1 0.2046875 0.98046875 0.115625 0.0390625
1 0.01953125 0.91484375 0.0390625 0.0734375
1 0.08671875 0.815625 0.05234375 0.0609375
1 0.04375 0.68203125 0.059375 0.0609375
1 0.41171875 0.73359375 0.0546875 0.0921875
1 0.25 0.65859375 0.07578125 0.08515625
1 0.41484375 0.92578125 0.04765625 0.125
1 0.32890625 0.96796875 0.0421875 0.0640625
1 0.43046875 0.6796875 0.01640625 0.11796875
11 0.18828125 0.76484375 0.05625 0.0625
11 0.25078125 0.91796875 0.04140625 0.0796875
5 0.4953125 0.7203125 0.08671875 0.0796875
5 0.77109375 0.74921875 0.1140625 0.08984375
5 0.62578125 0.72890625 0.2265625 0.15078125