10 0.309375 0.590625 0.05078125 0.10546875
6 0.0359375 0.37109375 0.05078125 0.0703125
6 0.12890625 0.571875 0.06171875 0.06171875
10 0.64375 0.31875 0.10390625 0.1125
10 0.49765625 0.1796875 0.0765625 0.075
1 0.559375 0.06953125 0.0546875 0.07109375
1 0.78828125 0.31484375 0.04453125 0.08984375
1 0.6109375 0.20625 0.06015625 0.11953125
1 0.4875 0.55625 0.05625 0.13125
0 0.86875 0.44375 0.06015625 0.14609375
0 0.95234375 0.43125 0.0703125 0.09765625
0 0.784375 0.53203125 0.05703125 0.12734375
1 0.2421875 0.75 0.0578125 0.09609375
0 0.43203125 0.97578125 0.0546875 0.0484375
9 0.45390625 0.68984375 0.0109375 0.0609375