11 0.37265625 0.15546875 0.1375 0.1359375
11 0.48203125 0.0671875 0.1359375 0.11328125
11 0.5078125 0.46953125 0.084375 0.23125
10 0.5421875 0.4875 0.01484375 0.0875
0 0.2390625 0.14140625 0.103125 0.096875
0 0.17109375 0.26171875 0.11640625 0.0578125
0 0.1578125 0.20078125 0.08125 0.06796875
0 0.39921875 0.43515625 0.1046875 0.10625
4 0.61328125 0.440625 0.1265625 0.10625
11 0.64453125 0.5515625 0.09609375 0.11640625
11 0.9140625 0.45546875 0.1015625 0.07578125
1 0.865625 0.58984375 0.0796875 0.0515625
1 0.76015625 0.6046875 0.0515625 0.0578125
1 0.95078125 0.11015625 0.06953125 0.09375
9 0.165625 0.6953125 0.11484375 0.03203125
10 0.1375 0.80078125 0.084375 0.08046875
10 0.28125 0.7078125 0.06171875 0.0546875
1 0.5 0.9640625 0.0578125 0.07109375
1 0.17890625 0.8890625 0.075 0.06328125
1 0.81328125 0.81484375 0.08828125 0.06328125
1 0.8234375 0.715625 0.1078125 0.07265625
1 0.71640625 0.75625 0.06640625 0.059375
1 0.69921875 0.703125 0.06484375 0.0484375
1 0.603125 0.70703125 0.1 0.05625
1 0.80546875 0.93515625 0.11953125 0.103125