9 0.13203125 0.04765625 0.05703125 0.06484375
1 0.128125 0.40625 0.0515625 0.046875
1 0.1421875 0.13828125 0.0515625 0.06953125
1 0.18203125 0.08046875 0.0625 0.0796875
7 0.78203125 0.21796875 0.2203125 0.396875
7 0.98359375 0.07109375 0.03203125 0.1421875
7 0.9421875 0.35546875 0.115625 0.1484375
7 0.7921875 0.41875 0.078125 0.02265625
1 0.5671875 0.74140625 0.04140625 0.04453125
1 0.51328125 0.740625 0.03984375 0.046875
1 0.43984375 0.74609375 0.04140625 0.04296875
1 0.375 0.68828125 0.0265625 0.0390625
1 0.475 0.67734375 0.028125 0.0609375
9 0.53046875 0.51640625 0.0609375 0.05703125
0 0.3890625 0.51953125 0.071875 0.07109375
0 0.42421875 0.6671875 0.04375 0.0734375
0 0.528125 0.6453125 0.05703125 0.04296875
9 0.7609375 0.859375 0.06640625 0.0875
9 0.87734375 0.7828125 0.10234375 0.0875
9 0.94140625 0.8625 0.07578125 0.07734375
9 0.87578125 0.6875 0.0703125 0.06953125
9 0.86015625 0.61328125 0.08125 0.08515625