9 0.21796875 0.078125 0.06484375 0.059375
10 0.17578125 0.028125 0.04453125 0.040625
10 0.2625 0.040625 0.0125 0.04375
0 0.059375 0.28125 0.11875 0.10625
1 0.165625 0.2375 0.1015625 0.01640625
11 0.98515625 0.325 0.0296875 0.1
10 0.4296875 0.3 0.09765625 0.06328125
9 0.8671875 0.00625 0.109375 0.0125
9 0.428125 0.37890625 0.07109375 0.04921875
9 0.63984375 0.253125 0.14453125 0.11171875
1 0.328125 0.353125 0.10078125 0.05625
1 0.48515625 0.43515625 0.084375 0.046875
0 0.34375 0.02734375 0.15 0.0546875
0 0.7703125 0.17578125 0.12734375 0.06640625
0 0.92421875 0.2828125 0.09765625 0.04609375
9 0.7515625 0.33671875 0.16796875 0.10078125
9 0.5234375 0.36796875 0.0953125 0.075
9 0.97109375 0.11484375 0.0578125 0.1015625
1 0.75390625 0.78046875 0.10546875 0.05