0 0.28515625 0.26015625 0.08515625 0.146875
9 0.46953125 0.028125 0.0578125 0.05625
0 0.3828125 0.0375 0.046875 0.075
0 0.43671875 0.07421875 0.06015625 0.071875
9 0.2265625 0.45546875 0.15 0.0890625
10 0.53671875 0.37109375 0.028125 0.01875
3 0.70703125 0.4765625 0.1140625 0.046875
3 0.796875 0.42421875 0.1015625 0.05234375
10 0.73046875 0.21953125 0.0953125 0.06015625
10 0.79375 0.078125 0.0828125 0.0828125
9 0.896875 0.07734375 0.0984375 0.1
9 0.72734375 0.3140625 0.1078125 0.06796875
5 0.10625 0.5234375 0.13125 0.046875
9 0.5265625 0.54765625 0.0796875 0.03828125
0 0.20703125 0.9 0.028125 0.07265625
0 0.18828125 0.81875 0.03203125 0.07265625
0 0.19375 0.70546875 0.0328125 0.08046875
1 0.24375 0.5984375 0.03828125 0.0640625
4 0.44765625 0.7140625 0.0578125 0.0859375
11 0.4890625 0.90703125 0.04921875 0.065625
11 0.35546875 0.86015625 0.05859375 0.07890625
11 0.35546875 0.64609375 0.05859375 0.0859375
11 0.51953125 0.64140625 0.08359375 0.07109375
11 0.38046875 0.95859375 0.0921875 0.0828125
11 0.55546875 0.6828125 0.0265625 0.059375
10 0.4234375 0.8359375 0.05546875 0.07109375
9 0.53125 0.87734375 0.0640625 0.1140625
1 0.8703125 0.51484375 0.10625 0.0296875