1 0.44609375 0.196875 0.053125 0.0359375
1 0.4765625 0.2078125 0.0296875 0.04453125
9 0.25078125 0.1296875 0.05859375 0.053125
11 0.496875 0.56640625 0.065625 0.0828125
11 0.32421875 0.640625 0.10390625 0.1296875
10 0.403125 0.5703125 0.096875 0.0890625
9 0.3 0.54296875 0.10703125 0.03359375
9 0.4515625 0.6921875 0.153125 0.09375
11 0.1609375 0.6625 0.25625 0.153125
1 0.6453125 0.10859375 0.040625 0.06015625
11 0.7609375 0.11484375 0.08828125 0.11328125
0 0.778125 0.46328125 0.1109375 0.09609375
0 0.64609375 0.48046875 0.1078125 0.09296875
0 0.5796875 0.42578125 0.09453125 0.034375
11 0.54609375 0.5765625 0.0328125 0.13125
11 0.71484375 0.68671875 0.1578125 0.1046875
0 0.90625 0.7078125 0.04765625 0.05703125
1 0.6359375 0.9359375 0.02890625 0.07890625
10 0.95625 0.98203125 0.059375 0.0359375
9 0.98203125 0.83359375 0.0359375 0.0609375
9 0.9125 0.93828125 0.06328125 0.07890625