10 0.1609375 0.03984375 0.0421875 0.05546875
9 0.93125 0.25703125 0.103125 0.096875
9 0.39453125 0.27421875 0.0515625 0.0765625
0 0.4109375 0.4125 0.084375 0.07265625
0 0.71875 0.23359375 0.12265625 0.0953125
0 0.84140625 0.37109375 0.084375 0.0671875
0 0.43984375 0.203125 0.11875 0.0953125
9 0.14453125 0.5453125 0.0703125 0.053125
10 0.22578125 0.9859375 0.1046875 0.028125
9 0.10546875 0.95390625 0.1109375 0.0921875
0 0.5375 0.54765625 0.034375 0.0578125
0 0.55546875 0.65390625 0.0421875 0.10625
0 0.5328125 0.83125 0.0421875 0.1203125
1 0.4375 0.96640625 0.053125 0.0671875