9 0.3828125 0.2421875 0.05 0.015625
9 0.10625 0.09453125 0.04453125 0.04765625
9 0.5265625 0.21875 0.0375 0.05625
1 0.234375 0.01484375 0.040625 0.0296875
1 0.26875 0.08671875 0.04453125 0.0375
9 0.1 0.41015625 0.053125 0.0546875
9 0.015625 0.39375 0.03125 0.084375
10 0.1703125 0.26015625 0.059375 0.0203125
1 0.5359375 0.465625 0.046875 0.04375
1 0.35390625 0.36328125 0.03515625 0.0359375
11 0.0515625 0.7125 0.103125 0.146875
10 0.246875 0.715625 0.08828125 0.0859375
0 0.05625 0.9078125 0.05546875 0.0484375
0 0.18984375 0.815625 0.1421875 0.0890625
9 0.44140625 0.9390625 0.0828125 0.121875
9 0.546875 0.97890625 0.025 0.0421875
9 0.471875 0.9921875 0.075 0.015625
1 0.5 0.71328125 0.08515625 0.07578125
9 0.5234375 0.81484375 0.071875 0.0703125
9 0.54453125 0.653125 0.0296875 0.04375
1 0.73359375 0.6203125 0.0734375 0.07734375
1 0.73203125 0.2875 0.0765625 0.07109375
9 0.93828125 0.67265625 0.11953125 0.1015625
9 0.8484375 0.71484375 0.13984375 0.03046875
10 0.84296875 0.5078125 0.078125 0.06015625
1 0.94921875 0.2640625 0.0609375 0.028125
9 0.61640625 0.9796875 0.1140625 0.040625
9 0.6046875 0.96484375 0.0828125 0.053125
11 0.97734375 0.9390625 0.0453125 0.121875
10 0.82265625 0.89296875 0.1046875 0.1
0 0.84921875 0.97421875 0.1578125 0.0515625