10 0.19140625 0.00546875 0.0484375 0.0109375
10 0.08671875 0.39375 0.0796875 0.03125
1 0.3140625 0.0734375 0.06640625 0.12265625
1 0.25 0.37734375 0.06875 0.0640625
10 0.7109375 0.2453125 0.10390625 0.1125
10 0.54921875 0.10625 0.109375 0.075
11 0.45859375 0.334375 0.0484375 0.15
1 0.4625 0.025 0.0875 0.05
1 0.62578125 0.015625 0.0546875 0.03125
1 0.85546875 0.24140625 0.04453125 0.08984375
1 0.678125 0.1328125 0.06015625 0.11953125
0 0.93515625 0.353125 0.0609375 0.1125
0 0.9921875 0.35703125 0.015625 0.0984375
10 0.16640625 0.67734375 0.0828125 0.10390625
9 0.0296875 0.64609375 0.059375 0.0890625
9 0.26484375 0.496875 0.09296875 0.096875
1 0.05078125 0.715625 0.1015625 0.065625
1 0.01875 0.47421875 0.0375 0.0984375
1 0.19140625 0.446875 0.06328125 0.07421875
1 0.0109375 0.5578125 0.021875 0.071875
1 0.25 0.60625 0.07578125 0.0828125
1 0.15234375 0.56953125 0.07890625 0.08515625
11 0.075 0.971875 0.103125 0.05625
10 0.16875 0.921875 0.059375 0.065625
5 0.91015625 0.52421875 0.1796875 0.0984375
5 0.9140625 0.43984375 0.171875 0.0609375
5 0.79609375 0.496875 0.09765625 0.1546875
1 0.7 0.4203125 0.04375 0.021875
11 0.38515625 0.62265625 0.0328125 0.0984375
0 0.415625 0.87578125 0.08671875 0.1046875
10 0.87734375 0.78046875 0.05546875 0.059375
10 0.67421875 0.77890625 0.06796875 0.0859375
10 0.56640625 0.81171875 0.04140625 0.06171875
10 0.53515625 0.8953125 0.0453125 0.0484375
10 0.78046875 0.8171875 0.046875 0.05625
4 0.6484375 0.859375 0.08203125 0.07890625
1 0.7109375 0.97890625 0.0875 0.0421875
1 0.746875 0.90703125 0.08828125 0.059375
1 0.703125 0.66640625 0.05546875 0.0546875
1 0.97109375 0.73828125 0.0484375 0.04375
10 0.53359375 0.85625 0.0453125 0.053125
1 0.8265625 0.71640625 0.05859375 0.06328125