1 0.0828125 0.0234375 0.1 0.046875
1 0.1375 0.0890625 0.08203125 0.075
1 0.1734375 0.13515625 0.05390625 0.0546875
1 0.13984375 0.19375 0.09375 0.06875
11 0.375 0.07421875 0.1375 0.1484375
11 0.64453125 0.2375 0.0484375 0.06875
1 0.61484375 0.4109375 0.06015625 0.0640625
1 0.6046875 0.3359375 0.0515625 0.04921875
1 0.64921875 0.37578125 0.0390625 0.0546875
1 0.65625 0.453125 0.025 0.0125
1 0.615625 0.20546875 0.05546875 0.04921875
9 0.515625 0.096875 0.075 0.0609375
1 0.609375 0.29453125 0.03984375 0.03359375
1 0.6421875 0.3 0.053125 0.053125
1 0.63828125 0.340625 0.03359375 0.03203125
1 0.428125 0.309375 0.06328125 0.05234375
1 0.85078125 0.3625 0.0765625 0.1203125
0 0.7 0.7515625 0.034375 0.11171875
0 0.71796875 0.88359375 0.0421875 0.10625