1 0.11640625 0.403125 0.0734375 0.0125
1 0.05546875 0.35625 0.04921875 0.05625
1 0.01640625 0.35703125 0.0328125 0.0984375
1 0.01484375 0.3921875 0.0296875 0.034375
1 0.15625 0.278125 0.05546875 0.065625
1 0.04921875 0.2921875 0.05390625 0.084375
1 0.1171875 0.31484375 0.040625 0.046875
9 0.03515625 0.078125 0.065625 0.08671875
9 0.1046875 0.1484375 0.0640625 0.05859375
9 0.31484375 0.2375 0.1390625 0.1546875
10 0.46875 0.3921875 0.071875 0.034375
1 0.5484375 0.265625 0.078125 0.078125
1 0.76328125 0.23125 0.0734375 0.07734375
9 0.95390625 0.28359375 0.0921875 0.1015625
9 0.878125 0.32578125 0.13984375 0.03046875
10 0.87265625 0.11875 0.078125 0.06015625
1 0.475 0.42734375 0.065625 0.0359375
1 0.26875 0.575 0.05390625 0.04921875
1 0.1421875 0.56015625 0.06640625 0.06171875
1 0.10625 0.8484375 0.08359375 0.06796875
1 0.3453125 0.72734375 0.06484375 0.0703125
1 0.4765625 0.55390625 0.065625 0.0546875