9 0.0671875 0.03515625 0.046875 0.0703125
9 0.2125 0.13515625 0.04140625 0.0890625
0 0.27109375 0.14140625 0.03515625 0.0890625
0 0.23828125 0.18828125 0.04375 0.0828125
0 0.20546875 0.075 0.06875 0.10234375
0 0.2109375 0.00859375 0.034375 0.0171875
1 0.15234375 0.09609375 0.021875 0.04921875
1 0.12890625 0.040625 0.02109375 0.05546875
1 0.128125 0.14140625 0.040625 0.06484375
1 0.471875 0.42890625 0.0625 0.0421875
1 0.6046875 0.3703125 0.028125 0.01875
9 0.81953125 0.29453125 0.1578125 0.1125
1 0.72734375 0.02109375 0.1453125 0.0421875
1 0.728125 0.275 0.040625 0.0546875
1 0.65625 0.28125 0.0484375 0.0453125
9 0.51171875 0.81328125 0.065625 0.07734375
9 0.1625 0.9125 0.1125 0.175
0 0.11171875 0.52890625 0.1453125 0.1140625
0 0.52421875 0.92421875 0.1359375 0.1515625