3 0.06484375 0.09140625 0.06328125 0.1171875
9 0.2640625 0.1 0.04296875 0.0984375
10 0.31640625 0.2828125 0.05859375 0.059375
10 0.17578125 0.0453125 0.07265625 0.065625
10 0.128125 0.178125 0.06328125 0.08046875
0 0.49921875 0.15 0.0609375 0.103125
1 0.84375 0.11328125 0.0703125 0.1015625
1 0.9671875 0.1703125 0.065625 0.08125
1 0.78203125 0.34375 0.08125 0.06953125
1 0.92421875 0.303125 0.04765625 0.06796875
9 0.4109375 0.73046875 0.05859375 0.09140625
9 0.496875 0.82578125 0.065625 0.0640625
9 0.42265625 0.9265625 0.1140625 0.05859375
8 0.66640625 0.51171875 0.109375 0.09921875
8 0.9390625 0.4453125 0.121875 0.053125
8 0.61015625 0.66328125 0.1015625 0.190625
8 0.77421875 0.48515625 0.0828125 0.1328125
8 0.9765625 0.67265625 0.046875 0.1453125
11 0.98125 0.91015625 0.0375 0.0703125