1 0.01015625 0.06015625 0.0203125 0.0265625
1 0.09375 0.003125 0.0375 0.00625
11 0.39609375 0.04375 0.1453125 0.0875
10 0.20078125 0.2234375 0.040625 0.075
9 0.075 0.4140625 0.0421875 0.075
4 0.1171875 0.53984375 0.05625 0.075
0 0.0375 0.5578125 0.075 0.04375
0 0.15 0.4734375 0.06640625 0.075
0 0.1453125 0.40859375 0.053125 0.04453125
0 0.0109375 0.44296875 0.021875 0.0640625
9 0.4625 0.515625 0.0296875 0.06796875
11 0.46328125 0.4296875 0.03828125 0.11953125
10 0.5046875 0.2828125 0.028125 0.078125
1 0.50625 0.14453125 0.025 0.0703125
10 0.403125 0.19375 0.04296875 0.07109375
4 0.23515625 0.665625 0.1265625 0.171875
9 0.54375 0.7546875 0.03515625 0.06875
9 0.53046875 0.6984375 0.0234375 0.1
9 0.5671875 0.66875 0.04375 0.08828125
1 0.9109375 0.7171875 0.16875 0.275