10 0.275 0.4640625 0.06171875 0.07734375
10 0.07109375 0.38359375 0.0671875 0.05703125
10 0.07421875 0.3765625 0.02109375 0.01484375
1 0.075 0.4234375 0.040625 0.04140625
1 0.16015625 0.26171875 0.040625 0.0453125
0 0.79765625 0.23671875 0.11328125 0.1
0 0.98046875 0.5609375 0.0390625 0.0796875
9 0.7359375 0.49453125 0.12890625 0.12890625
9 0.88046875 0.49375 0.11875 0.12109375
9 0.64765625 0.44921875 0.1078125 0.1234375
9 0.753125 0.32578125 0.0546875 0.0796875
10 0.3671875 0.7 0.065625 0.08515625
10 0.2890625 0.70625 0.06171875 0.05078125
10 0.3953125 0.8578125 0.04921875 0.0546875
0 0.23046875 0.78203125 0.0671875 0.071875
11 0.3359375 0.9109375 0.08515625 0.07734375
6 0.0453125 0.80390625 0.0671875 0.05859375
9 0.96171875 0.82109375 0.07578125 0.1078125
9 0.7421875 0.690625 0.0671875 0.07421875
9 0.70390625 0.83046875 0.06015625 0.028125
9 0.84140625 0.7515625 0.0640625 0.0625
9 0.8078125 0.90078125 0.0515625 0.05078125
6 0.6265625 0.75390625 0.03203125 0.03203125
6 0.64140625 0.83359375 0.0375 0.0375
6 0.67890625 0.7890625 0.040625 0.04375
10 0.89296875 0.815625 0.03359375 0.0375
6 0.6328125 0.7734375 0.03203125 0.0265625