9 0.14375 0.06796875 0.05078125 0.0828125
1 0.3046875 0.24609375 0.04921875 0.04375
1 0.4078125 0.34921875 0.034375 0.0203125
1 0.2078125 0.34296875 0.040625 0.0328125
1 0.3 0.35 0.059375 0.01875
11 0.409375 0.22890625 0.05546875 0.06640625
1 0.46640625 0.18828125 0.0359375 0.08828125
1 0.103125 0.79375 0.07890625 0.0546875
1 0.334375 0.7484375 0.1609375 0.06328125
5 0.19921875 0.3859375 0.1921875 0.053125
5 0.321875 0.42734375 0.12421875 0.1046875
5 0.2421875 0.59296875 0.12421875 0.11171875
5 0.14375 0.5 0.08515625 0.0421875