8 0.48046875 0.19140625 0.1171875 0.1046875
8 0.2984375 0.26484375 0.171875 0.08203125
8 0.39921875 0.02421875 0.0890625 0.0484375
8 0.2359375 0.01796875 0.0375 0.0359375
1 0.60078125 0.153125 0.0203125 0.06171875
1 0.65234375 0.04609375 0.021875 0.059375
1 0.62265625 0.1265625 0.02265625 0.0671875
1 0.6734375 0.39453125 0.01640625 0.0578125
9 0.7125 0.08203125 0.0234375 0.05234375
9 0.68671875 0.02890625 0.0296875 0.0578125
9 0.7609375 0.11328125 0.0234375 0.075
1 0.63984375 0.4453125 0.0203125 0.046875
1 0.696875 0.3546875 0.0203125 0.05234375
1 0.76953125 0.33515625 0.01953125 0.05625
1 0.784375 0.2703125 0.0234375 0.04921875
0 0.60546875 0.04609375 0.0328125 0.0703125
8 0.98046875 0.240625 0.02890625 0.05078125
8 0.97421875 0.0609375 0.03828125 0.0703125
10 0.2796875 0.5015625 0.10625 0.065625
9 0.1546875 0.753125 0.04453125 0.09296875
9 0.2109375 0.790625 0.03359375 0.02734375
9 0.44609375 0.7796875 0.0703125 0.04921875
9 0.36484375 0.7640625 0.03671875 0.06015625
0 0.29140625 0.65859375 0.0515625 0.09453125
0 0.484375 0.55 0.06640625 0.12578125
11 0.36484375 0.9171875 0.1671875 0.165625
9 0.5921875 0.61640625 0.10625 0.1515625
9 0.984375 0.57265625 0.03125 0.1453125
0 0.590625 0.8125 0.103125 0.215625
1 0.746875 0.8578125 0.08046875 0.1
1 0.709375 0.58984375 0.0515625 0.07421875