9 0.1578125 0.21640625 0.05 0.053125
1 0.02265625 0.046875 0.0453125 0.0625
9 0.0046875 0.26875 0.009375 0.040625
9 0.0625 0.1546875 0.053125 0.06796875
9 0.3109375 0.04609375 0.025 0.0921875
0 0.0328125 0.5203125 0.065625 0.09375
9 0.11328125 0.48203125 0.05078125 0.046875
9 0.1203125 0.5375 0.075 0.0703125
1 0.36484375 0.4859375 0.0078125 0.046875
9 0.7546875 0.14921875 0.05859375 0.09140625
9 0.9640625 0.21875 0.071875 0.053125
9 0.9546875 0.3609375 0.090625 0.1
9 0.8484375 0.2453125 0.08125 0.06328125
9 0.89453125 0.315625 0.03984375 0.06484375
9 0.76640625 0.3453125 0.1140625 0.05859375
0 0.584375 0.471875 0.08125 0.0734375
1 0.0328125 0.74921875 0.065625 0.07890625
0 0.15859375 0.71640625 0.0796875 0.0734375