1 0.2171875 0.40859375 0.034375 0.0765625
1 0.34296875 0.47578125 0.0328125 0.0265625
1 0.26796875 0.41953125 0.0375 0.08203125
1 0.4203125 0.04765625 0.04921875 0.06796875
1 0.43671875 0.1625 0.040625 0.0546875
9 0.54140625 0.12109375 0.0375 0.05625
10 0.99453125 0.15703125 0.0109375 0.0421875
10 0.9484375 0.078125 0.0296875 0.040625
9 0.734375 0.084375 0.21875 0.16875
11 0.83828125 0.1015625 0.0609375 0.07890625
11 0.99140625 0.17890625 0.0171875 0.1203125
4 0.77578125 0.1421875 0.04921875 0.08515625
4 0.6390625 0.04453125 0.053125 0.0890625
11 0.6859375 0.478125 0.040625 0.021875
10 0.67578125 0.434375 0.0375 0.03671875
9 0.803125 0.465625 0.040625 0.046875
9 0.7578125 0.47421875 0.040625 0.0296875
0 0.765625 0.50078125 0.059375 0.0234375
1 0.7921875 0.921875 0.053125 0.07109375
1 0.859375 0.934375 0.040625 0.06328125
1 0.8296875 0.99296875 0.03125 0.0140625
1 0.96875 0.82265625 0.05 0.07890625
1 0.7796875 0.66484375 0.06796875 0.125