9 0.1375 0.4265625 0.04921875 0.059375
9 0.203125 0.52578125 0.04921875 0.04609375
9 0.109375 0.2796875 0.05 0.05703125
9 0.19296875 0.278125 0.02578125 0.0421875
9 0.2765625 0.38515625 0.03203125 0.04140625
9 0.46875 0.48671875 0.05 0.053125
1 0.171875 0.25625 0.0296875 0.046875
1 0.18515625 0.32109375 0.0421875 0.05234375
1 0.29609375 0.4515625 0.03203125 0.03671875
1 0.15234375 0.36640625 0.0328125 0.04296875
1 0.33046875 0.31796875 0.0515625 0.06171875
9 0.24609375 0.33359375 0.04609375 0.053125
9 0.21875 0.2765625 0.04375 0.05234375
9 0.3046875 0.53984375 0.0328125 0.040625
9 0.3734375 0.425 0.053125 0.06796875
9 0.25390625 0.36796875 0.04140625 0.0609375
9 0.29765625 0.39296875 0.0296875 0.0375
10 0.82265625 0.26640625 0.18671875 0.13671875
9 0.89140625 0.43125 0.1640625 0.10390625
9 0.621875 0.3140625 0.025 0.096875
0 0.32109375 0.79140625 0.11171875 0.09375
9 0.42421875 0.75234375 0.05078125 0.046875
9 0.259375 0.7609375 0.06328125 0.05859375
9 0.43125 0.8078125 0.075 0.0703125
9 0.85234375 0.765625 0.05859375 0.0640625
1 0.73828125 0.8921875 0.03828125 0.05546875
1 0.9421875 0.69375 0.053125 0.06171875
1 0.69140625 0.75703125 0.0375 0.04765625
1 0.69375 0.63828125 0.03671875 0.0484375