1 0.00859375 0.35078125 0.0171875 0.0765625
1 0.3140625 0.284375 0.04921875 0.09140625
9 0.425 0.1265625 0.078125 0.1
9 0.7609375 0.121875 0.04453125 0.09140625
9 0.83671875 0.15859375 0.0484375 0.0359375
9 0.6671875 0.334375 0.0703125 0.0828125
9 0.72265625 0.36640625 0.03125 0.09296875
9 0.57265625 0.503125 0.0671875 0.053125
9 0.5546875 0.453125 0.0421875 0.06796875
9 0.61171875 0.3671875 0.04296875 0.0734375
9 0.48125 0.50859375 0.05 0.0421875
1 0.665625 0.39375 0.03359375 0.05234375
1 0.696875 0.3796875 0.03515625 0.05
0 0.53984375 0.3078125 0.05703125 0.06796875
0 0.48125 0.446875 0.12421875 0.14140625
1 0.44765625 0.35234375 0.0765625 0.1
1 0.64609375 0.3734375 0.06171875 0.084375
1 0.94375 0.4015625 0.06875 0.1109375
1 0.81171875 0.2 0.07421875 0.046875
1 0.75546875 0.28515625 0.03359375 0.0734375
1 0.8046875 0.48984375 0.0515625 0.06640625
1 0.83984375 0.5171875 0.0515625 0.025
1 0.90078125 0.38671875 0.05 0.06640625
9 0.11640625 0.5546875 0.0421875 0.05
5 0.10625 0.765625 0.05625 0.1125
5 0.184375 0.71875 0.046875 0.06796875
5 0.20546875 0.67421875 0.0546875 0.02421875
10 0.475 0.846875 0.06796875 0.078125
1 0.475 0.54453125 0.04375 0.0296875
1 0.4046875 0.58203125 0.028125 0.10390625
1 0.78359375 0.54375 0.0421875 0.028125
1 0.81953125 0.88046875 0.03828125 0.0609375
9 0.415625 0.82265625 0.065625 0.08046875
3 0.9609375 0.640625 0.078125 0.1375
3 0.95625 0.91875 0.0875 0.109375