4 0.2609375 0.23828125 0.1328125 0.0625
4 0.31484375 0.23125 0.1015625 0.07578125
1 0.79296875 0.0640625 0.046875 0.0515625
1 0.56171875 0.1078125 0.06328125 0.07265625
1 0.8609375 0.0890625 0.0203125 0.01875
1 0.84140625 0.00859375 0.021875 0.0171875
0 0.65 0.15703125 0.06796875 0.08125
0 0.69921875 0.1265625 0.06328125 0.08125
0 0.71875 0.19765625 0.08671875 0.0828125
9 0.81796875 0.2125 0.053125 0.0625
1 0.384375 0.2890625 0.1078125 0.03984375
1 0.4 0.48828125 0.075 0.09296875
1 0.521875 0.45390625 0.01640625 0.065625
10 0.51484375 0.80546875 0.0296875 0.07421875
9 0.2375 0.46015625 0.06484375 0.07265625
5 0.634375 0.4953125 0.13125 0.18984375
5 0.91953125 0.76171875 0.1609375 0.1953125
5 0.92578125 0.428125 0.11328125 0.22265625
5 0.6828125 0.9 0.05 0.15859375
5 0.64765625 0.6046875 0.03828125 0.0796875
5 0.66796875 0.56875 0.0296875 0.05703125
5 0.71015625 0.509375 0.04140625 0.08125
5 0.725 0.42578125 0.0546875 0.10859375
5 0.7484375 0.5171875 0.04296875 0.0984375
5 0.68046875 0.76953125 0.0578125 0.11015625
5 0.69765625 0.6703125 0.053125 0.12578125
5 0.76015625 0.8 0.0546875 0.1609375
5 0.73125 0.86328125 0.03984375 0.11953125
5 0.71484375 0.7890625 0.053125 0.11015625
5 0.8265625 0.79375 0.03671875 0.0796875
5 0.8765625 0.7328125 0.053125 0.11015625