11 0.03359375 0.26015625 0.03671875 0.15234375
9 0.0203125 0.103125 0.040625 0.065625
4 0.02578125 0.315625 0.0515625 0.10625
1 0.0359375 0.1625 0.03125 0.0609375
1 0.275 0.30390625 0.10234375 0.10703125
1 0.43828125 0.04765625 0.06484375 0.07421875
0 0.48203125 0.20546875 0.0953125 0.1578125
0 0.515625 0.06484375 0.028125 0.1203125
1 0.02578125 0.478125 0.0515625 0.14375
1 0.02734375 0.6359375 0.0484375 0.028125
1 0.0203125 0.41796875 0.040625 0.0640625
5 0.125 0.4265625 0.146875 0.096875
5 0.12578125 0.55546875 0.1484375 0.1890625
5 0.37734375 0.609375 0.2234375 0.08125
5 0.315625 0.58203125 0.1625 0.1359375
10 0.19140625 0.87265625 0.1203125 0.11484375
1 0.45859375 0.67109375 0.0578125 0.0421875
1 0.4671875 0.77578125 0.05546875 0.05390625
1 0.4890625 0.8515625 0.04375 0.04921875
1 0.0671875 0.75625 0.05078125 0.03984375
1 0.10546875 0.796875 0.05703125 0.05078125
1 0.278125 0.90859375 0.0421875 0.05234375
1 0.27265625 0.84921875 0.040625 0.059375
1 0.19375 0.7125 0.06484375 0.07890625
1 0.42890625 0.96953125 0.0890625 0.0609375
1 0.1203125 0.96640625 0.06328125 0.05078125
1 0.30390625 0.98671875 0.0921875 0.0265625
9 0.34609375 0.89375 0.075 0.0875
9 0.43046875 0.82734375 0.09296875 0.0953125
9 0.5171875 0.68125 0.025 0.0625
9 0.01875 0.734375 0.0375 0.08125
1 0.19609375 0.665625 0.0859375 0.03125
1 0.36953125 0.67578125 0.0609375 0.0515625
9 0.69453125 0.9734375 0.0640625 0.053125
10 0.9421875 0.88125 0.115625 0.11875
9 0.77265625 0.775 0.09140625 0.0984375