10 0.27890625 0.36640625 0.09453125 0.10390625
1 0.096875 0.96796875 0.09375 0.0640625
1 0.01484375 0.97734375 0.0296875 0.0453125
1 0.0828125 0.803125 0.06796875 0.08046875
1 0.2859375 0.928125 0.20078125 0.09296875
9 0.0421875 0.66875 0.084375 0.0875
1 0.7328125 0.71875 0.05859375 0.07265625
1 0.76328125 0.6375 0.06640625 0.0546875
11 0.6328125 0.96640625 0.0625 0.0671875
11 0.61328125 0.8234375 0.13515625 0.07734375
11 0.95703125 0.73046875 0.0859375 0.0953125
9 0.5953125 0.7171875 0.06953125 0.08203125
9 0.83203125 0.975 0.0421875 0.05
10 0.74453125 0.9453125 0.07265625 0.065625
0 0.98359375 0.634375 0.0328125 0.06875