9 0.08515625 0.1265625 0.053125 0.07890625
10 0.11328125 0.2515625 0.0484375 0.01796875
9 0.17265625 0.16171875 0.078125 0.115625
0 0.3578125 0.1953125 0.0546875 0.0609375
9 0.36171875 0.00859375 0.0484375 0.0171875
10 0.02421875 0.66328125 0.0484375 0.0734375
1 0.2359375 0.321875 0.06640625 0.12265625
1 0.17265625 0.6359375 0.06953125 0.0828125
1 0.07421875 0.67421875 0.0546875 0.0515625
1 0.9359375 0.8234375 0.0578125 0.0578125
1 0.76640625 0.853125 0.05078125 0.05078125
1 0.93359375 0.88203125 0.0265625 0.03515625
1 0.97734375 0.88828125 0.0375 0.03515625