9 0.15859375 0.1171875 0.1390625 0.0734375
9 0.153125 0.24296875 0.1078125 0.1046875
9 0.3921875 0.02421875 0.0875 0.0484375
9 0.39453125 0.1359375 0.0828125 0.1015625
9 0.259375 0.16015625 0.0828125 0.05703125
10 0.02109375 0.3734375 0.0421875 0.0625
10 0.07890625 0.22109375 0.0828125 0.0671875
10 0.06640625 0.31875 0.11640625 0.096875
0 0.85625 0.16015625 0.1109375 0.09609375
0 0.72421875 0.17734375 0.1078125 0.09296875
0 0.6578125 0.12265625 0.09453125 0.034375
10 0.53203125 0.5171875 0.0921875 0.084375
11 0.6 0.27421875 0.0828125 0.13203125
11 0.79375 0.425 0.15859375 0.18515625
0 0.984375 0.51015625 0.03125 0.0890625
0 0.9796875 0.40390625 0.040625 0.0578125
1 0.30859375 0.571875 0.0453125 0.025
1 0.29765625 0.61484375 0.040625 0.06015625
1 0.0625 0.81015625 0.04140625 0.05390625
1 0.1734375 0.85 0.0421875 0.034375
0 0.23515625 0.765625 0.053125 0.11875
0 0.153125 0.76796875 0.0671875 0.08125
9 0.23203125 0.58359375 0.0296875 0.0484375
9 0.7640625 0.6765625 0.0609375 0.13046875
9 0.5734375 0.74921875 0.04453125 0.10859375
1 0.965625 0.62109375 0.040625 0.0734375
1 0.89921875 0.6046875 0.03359375 0.07890625