6 0.42734375 0.12890625 0.1765625 0.2578125
6 0.184375 0.3421875 0.14375 0.175
6 0.26875 0.39140625 0.115625 0.0765625
9 0.60859375 0.396875 0.0828125 0.065625
0 0.5578125 0.13046875 0.08359375 0.075
9 0.78203125 0.18359375 0.09921875 0.07734375
9 0.97109375 0.25703125 0.0578125 0.0921875
1 0.67109375 0.1703125 0.0328125 0.03828125
1 0.7015625 0.1390625 0.04453125 0.0359375
1 0.80390625 0.04921875 0.06328125 0.0484375
1 0.86640625 0.02890625 0.04140625 0.04453125
1 0.89453125 0.13125 0.02890625 0.04140625
1 0.85859375 0.13359375 0.04140625 0.0296875
1 0.715625 0.10078125 0.04609375 0.04453125