9 0.48125 0.79453125 0.0390625 0.1390625
9 0.65625 0.66640625 0.0890625 0.1125
9 0.23984375 0.34140625 0.03046875 0.15625
9 0.1765625 0.34140625 0.06484375 0.16796875
1 0.6546875 0.89765625 0.04296875 0.15859375
1 0.7703125 0.6578125 0.0359375 0.0609375
1 0.825 0.70703125 0.0359375 0.071875
1 0.340625 0.17890625 0.06796875 0.0921875
1 0.36171875 0.078125 0.0390625 0.0578125
1 0.30546875 0.1171875 0.03046875 0.06640625
1 0.3640625 0.60859375 0.0375 0.04921875
1 0.2875 0.4796875 0.02265625 0.075
1 0.46796875 0.12578125 0.034375 0.10703125
3 0.5875 0.09375 0.1078125 0.11875
3 0.58671875 0.253125 0.0953125 0.12421875