1 0.146875 0.303125 0.07421875 0.04921875
9 0.03203125 0.278125 0.0640625 0.084375
9 0.31796875 0.40390625 0.1234375 0.0859375
9 0.17265625 0.47734375 0.08671875 0.05234375
1 0.325 0.2609375 0.06640625 0.04375
1 0.17421875 0.3375 0.03515625 0.028125
1 0.134375 0.35625 0.04765625 0.03125
1 0.2203125 0.12734375 0.05390625 0.03515625
1 0.12265625 0.10703125 0.040625 0.0265625
1 0.34296875 0.71484375 0.0734375 0.2171875
1 0.2484375 0.79296875 0.121875 0.15
1 0.28359375 0.88203125 0.1765625 0.17890625
1 0.128125 0.925 0.14375 0.15
1 0.48828125 0.8609375 0.04921875 0.12890625
5 0.58515625 0.70625 0.090625 0.1265625
5 0.70078125 0.721875 0.071875 0.08046875
5 0.75 0.784375 0.084375 0.090625
5 0.78046875 0.934375 0.1359375 0.13125