9 0.0546875 0.21171875 0.1078125 0.1
5 0.39921875 0.5578125 0.0203125 0.0625
4 0.57578125 0.0328125 0.0515625 0.065625
1 0.9546875 0.15703125 0.065625 0.07890625
1 0.5421875 0.296875 0.01796875 0.04140625
1 0.553125 0.309375 0.01484375 0.03359375
1 0.4359375 0.334375 0.0125 0.0375
9 0.49609375 0.41953125 0.02734375 0.05234375
9 0.5421875 0.25625 0.0140625 0.0203125
1 0.91328125 0.484375 0.1734375 0.103125
5 0.80234375 0.5625 0.0765625 0.053125
4 0.2625 0.728125 0.08359375 0.1703125
9 0.04921875 0.9765625 0.0828125 0.046875
9 0.20390625 0.93125 0.04375 0.08828125
0 0.09375 0.6234375 0.10625 0.06875
10 0.62734375 0.97109375 0.0953125 0.0578125
11 0.6296875 0.98203125 0.1 0.0359375
9 0.45 0.72265625 0.040625 0.1640625
9 0.50390625 0.8703125 0.0890625 0.0875
9 0.6171875 0.91171875 0.0796875 0.0875
9 0.671875 0.87109375 0.06484375 0.090625
9 0.6609375 0.93125 0.084375 0.1375
1 0.51796875 0.63359375 0.0609375 0.0890625
9 0.67265625 0.8015625 0.06328125 0.14609375
9 0.49140625 0.79609375 0.1234375 0.1640625
9 0.4484375 0.98203125 0.0375 0.0359375
0 0.7359375 0.95625 0.0625 0.0875