5 0.18125 0.15703125 0.0953125 0.084375
5 0.10546875 0.19921875 0.08046875 0.090625
5 0.0796875 0.26015625 0.078125 0.0796875
5 0.37734375 0.28515625 0.0640625 0.0296875
1 0.26328125 0.175 0.05390625 0.0734375
1 0.2984375 0.20234375 0.03671875 0.04921875
1 0.0125 0.07890625 0.025 0.0734375
1 0.73046875 0.08984375 0.0515625 0.03984375
1 0.44375 0.259375 0.04296875 0.0671875
1 0.7125 0.125 0.04453125 0.03125
1 0.84453125 0.1328125 0.04140625 0.046875
1 0.965625 0.21484375 0.06484375 0.0671875
9 0.57265625 0.259375 0.07578125 0.07578125
1 0.03359375 0.4734375 0.0671875 0.0875
1 0.04140625 0.33828125 0.0828125 0.0765625
11 0.3671875 0.37578125 0.084375 0.1515625
11 0.3109375 0.31796875 0.06875 0.0359375
1 0.3421875 0.59921875 0.07265625 0.0546875
1 0.2796875 0.55859375 0.06640625 0.05625
1 0.25234375 0.3828125 0.0640625 0.06171875
10 0.1671875 0.95 0.0578125 0.06953125
9 0.31015625 0.79375 0.0828125 0.08203125
9 0.37421875 0.9609375 0.0703125 0.078125