0 0.040625 0.26328125 0.08125 0.26015625
0 0.3859375 0.46171875 0.0984375 0.0328125
0 0.496875 0.44609375 0.096875 0.0640625
10 0.6078125 0.11875 0.0421875 0.10234375
11 0.5921875 0.35859375 0.07421875 0.125
11 0.415625 0.24609375 0.14765625 0.18203125
1 0.87890625 0.0890625 0.24140625 0.178125
1 0.7328125 0.275 0.17578125 0.23203125
1 0.69609375 0.40703125 0.13359375 0.1421875
1 0.79921875 0.21640625 0.140625 0.16328125
1 0.6890625 0.2296875 0.11953125 0.30703125
9 0.39765625 0.69609375 0.04765625 0.0625
9 0.39140625 0.834375 0.0421875 0.07265625
9 0.31640625 0.77421875 0.03203125 0.05234375
9 0.303125 0.69296875 0.0296875 0.04140625
1 0.3859375 0.93359375 0.0296875 0.046875
1 0.1703125 0.86796875 0.03359375 0.0625
1 0.06796875 0.9578125 0.03515625 0.05859375
10 0.77578125 0.79609375 0.09375 0.11796875
9 0.90234375 0.49296875 0.0578125 0.0296875
9 0.65390625 0.8484375 0.04921875 0.10234375
9 0.796875 0.5796875 0.10078125 0.1125
1 0.69296875 0.92734375 0.128125 0.1453125
1 0.97734375 0.8078125 0.0453125 0.10078125
1 0.9046875 0.8640625 0.10078125 0.13359375
1 0.7125 0.5765625 0.0703125 0.08515625
1 0.63828125 0.50546875 0.01796875 0.05390625
1 0.82421875 0.68515625 0.084375 0.096875
1 0.96640625 0.6109375 0.0671875 0.08828125
1 0.7234375 0.7078125 0.08671875 0.096875