1 0.2171875 0.02578125 0.053125 0.0515625
1 0.3015625 0.06328125 0.0609375 0.02109375
1 0.33828125 0.02578125 0.0296875 0.0515625
1 0.046875 0.02265625 0.05 0.0453125
1 0.4375 0.0203125 0.065625 0.040625
1 0.2875 0.03671875 0.059375 0.0734375
10 0.20078125 0.32421875 0.06484375 0.02578125
4 0.13828125 0.265625 0.0921875 0.0484375
0 0.1234375 0.34375 0.128125 0.071875
1 0.0078125 0.265625 0.015625 0.028125
1 0.07265625 0.1359375 0.0421875 0.02265625
1 0.13046875 0.1734375 0.05390625 0.01640625
1 0.14140625 0.14609375 0.0296875 0.02109375
11 0.53671875 0.13125 0.053125 0.1140625
11 0.53671875 0.296875 0.0671875 0.08203125
9 0.5140625 0.36953125 0.025 0.0203125
10 0.621875 0.18046875 0.0578125 0.06875
1 0.971875 0.19296875 0.05625 0.0609375
9 0.09921875 0.39453125 0.0921875 0.0296875
9 0.5703125 0.39453125 0.196875 0.0296875
8 0.0203125 0.9015625 0.040625 0.196875
8 0.07890625 0.92890625 0.0609375 0.1421875
8 0.059375 0.79296875 0.03828125 0.09765625
8 0.0046875 0.7015625 0.009375 0.128125
8 0.05234375 0.59453125 0.02734375 0.0765625
8 0.01640625 0.6078125 0.02890625 0.07890625
8 0.08984375 0.7578125 0.03125 0.09765625
8 0.13203125 0.89296875 0.025 0.08515625
8 0.153125 0.825 0.02421875 0.07109375
8 0.1234375 0.7953125 0.03515625 0.1109375
8 0.159375 0.70859375 0.02265625 0.0765625
8 0.0140625 0.4734375 0.02734375 0.07890625
8 0.07265625 0.8484375 0.02734375 0.07109375
8 0.0515625 0.86171875 0.021875 0.07109375
8 0.0875 0.6140625 0.03125 0.08515625
8 0.0046875 0.83828125 0.009375 0.1078125
0 0.2140625 0.4703125 0.0375 0.12109375
0 0.27890625 0.67890625 0.12265625 0.15625
7 0.46484375 0.678125 0.140625 0.18125
1 0.92421875 0.83359375 0.05390625 0.08046875
1 0.946875 0.965625 0.08125 0.06875
1 0.678125 0.85 0.01875 0.059375
9 0.89609375 0.6328125 0.0890625 0.128125