10 0.35625 0.1203125 0.04140625 0.0109375
10 0.4828125 0.1046875 0.02890625 0.04296875
9 0.03515625 0.3703125 0.0703125 0.140625
9 0.209375 0.2296875 0.08671875 0.1375
0 0.38359375 0.175 0.0703125 0.09765625
0 0.13515625 0.365625 0.07890625 0.1234375
9 0.5546875 0.76328125 0.04453125 0.1875
10 0.6484375 0.60859375 0.06875 0.0171875
10 0.7453125 0.60859375 0.046875 0.0171875
4 0.63984375 0.65234375 0.07734375 0.08203125
1 0.71484375 0.76875 0.08359375 0.09140625
1 0.73125 0.6765625 0.0796875 0.06640625
10 0.94609375 0.815625 0.06640625 0.06796875
1 0.8515625 0.84140625 0.04296875 0.04296875
1 0.90859375 0.7984375 0.04140625 0.04609375
1 0.99375 0.74609375 0.0125 0.0578125
1 0.8 0.9 0.08203125 0.0765625
1 0.84921875 0.8375 0.053125 0.0625