10 0.1125 0.05546875 0.08125 0.07578125
0 0.0375 0.0203125 0.075 0.040625
0 0.0171875 0.1375 0.034375 0.1
0 0.45859375 0.08203125 0.10546875 0.07578125
0 0.36953125 0.05234375 0.02421875 0.071875
0 0.60703125 0.0140625 0.0453125 0.028125
11 0.37734375 0.25078125 0.0421875 0.0984375
10 0.84765625 0.18203125 0.08046875 0.06953125
0 0.98046875 0.040625 0.0390625 0.071875
0 0.92578125 0.02890625 0.0328125 0.0578125
0 0.84609375 0.021875 0.0484375 0.04375
9 0.36171875 0.6265625 0.16875 0.07890625
1 0.45234375 0.64921875 0.04765625 0.03359375
1 0.521875 0.64453125 0.053125 0.0421875
1 0.5921875 0.6078125 0.075 0.0875
0 0.396875 0.37265625 0.24375 0.1453125
0 0.58671875 0.478125 0.0859375 0.146875
1 0.3171875 0.81015625 0.078125 0.0515625
1 0.38984375 0.78515625 0.04140625 0.059375
1 0.17109375 0.94375 0.078125 0.0546875
9 0.43046875 0.95546875 0.08125 0.08046875
11 0.9625 0.33515625 0.075 0.0703125
0 0.8609375 0.31796875 0.103125 0.0359375
0 0.79296875 0.40859375 0.11640625 0.0578125
0 0.7796875 0.34765625 0.08125 0.06796875
0 0.984375 0.58125 0.03125 0.10625
9 0.7875 0.8421875 0.11484375 0.03203125
10 0.759375 0.94765625 0.084375 0.08046875
10 0.903125 0.8546875 0.06171875 0.0546875