1 0.15390625 0.4578125 0.0640625 0.021875
1 0.2453125 0.00859375 0.05 0.0171875
9 0.49296875 0.125 0.0328125 0.0625
9 0.47421875 0.415625 0.0625 0.06484375
1 0.3609375 0.1703125 0.0640625 0.06953125
11 0.6828125 0.021875 0.08125 0.04375
11 0.6421875 0.33984375 0.09140625 0.1109375
10 0.68359375 0.1421875 0.06796875 0.103125
10 0.7859375 0.06328125 0.0421875 0.09453125
10 0.70078125 0.37734375 0.03828125 0.0359375
10 0.98046875 0.1359375 0.0390625 0.134375
10 0.8375 0.12890625 0.03828125 0.08671875
10 0.7515625 0.2890625 0.046875 0.07890625
11 0.93671875 0.28046875 0.11015625 0.19765625
9 0.99375 0.33359375 0.0125 0.0953125
8 0.3578125 0.55703125 0.1046875 0.121875
8 0.17109375 0.5046875 0.2140625 0.071875
8 0.0203125 0.6109375 0.040625 0.203125
1 0.24921875 0.93125 0.06015625 0.05703125
1 0.41875 0.97578125 0.0421875 0.046875
1 0.37421875 0.8234375 0.07265625 0.0484375