9 0.34765625 0.028125 0.0953125 0.05625
9 0.54140625 0.525 0.115625 0.08046875
1 0.10703125 0.1796875 0.0765625 0.11328125
1 0.1578125 0.04765625 0.06015625 0.08828125
11 0.8546875 0.18671875 0.09375 0.0734375
11 0.840625 0.27421875 0.07421875 0.08671875
11 0.75859375 0.321875 0.04921875 0.05859375
10 0.7875 0.3953125 0.06171875 0.071875
10 0.775 0.19765625 0.03515625 0.046875
10 0.79921875 0.13828125 0.04375 0.04921875
1 0.97734375 0.3390625 0.0453125 0.075
1 0.95234375 0.25234375 0.040625 0.05625
1 0.92734375 0.3265625 0.0515625 0.0625
1 0.8890625 0.36796875 0.03515625 0.04296875
1 0.9671875 0.4171875 0.028125 0.028125
1 0.996875 0.4125 0.00625 0.0375
1 0.88671875 0.11640625 0.04375 0.05625
7 0.6234375 0.40390625 0.046875 0.0546875
7 0.690625 0.4125 0.0921875 0.0375
1 0.88203125 0.40078125 0.02421875 0.03359375
1 0.8375 0.38671875 0.025 0.03359375
1 0.93046875 0.2109375 0.03203125 0.0375
1 0.90390625 0.2390625 0.053125 0.06015625
1 0.9296875 0.27578125 0.0265625 0.0359375
1 0.83671875 0.334375 0.028125 0.0359375
4 0.68671875 0.534375 0.1484375 0.13125
10 0.7625 0.4484375 0.0703125 0.03359375
10 0.396875 0.66171875 0.0921875 0.02421875
1 0.33359375 0.66171875 0.0609375 0.02421875
1 0.06484375 0.85390625 0.0953125 0.09140625
9 0.028125 0.9515625 0.05625 0.0875
9 0.025 0.7015625 0.05 0.05625
9 0.02890625 0.77734375 0.04609375 0.05078125
10 0.5640625 0.72734375 0.071875 0.0640625
10 0.45234375 0.840625 0.078125 0.08359375
1 0.71015625 0.6921875 0.11171875 0.12265625
1 0.79375 0.80078125 0.08359375 0.12265625
1 0.85390625 0.95390625 0.0953125 0.0921875
1 0.740625 0.9546875 0.125 0.090625
1 0.64296875 0.821875 0.0859375 0.115625
1 0.61015625 0.6375 0.0203125 0.075