10 0.01015625 0.22890625 0.0203125 0.0640625
1 0.01953125 0.31953125 0.0390625 0.0234375
1 0.03046875 0.36640625 0.03359375 0.053125
1 0.059375 0.4109375 0.0359375 0.05859375
1 0.10546875 0.45625 0.0375 0.04765625
1 0.3234375 0.28359375 0.05078125 0.08984375
1 0.22578125 0.34921875 0.05859375 0.07578125
1 0.25390625 0.09453125 0.0734375 0.05859375
9 0.065625 0.00859375 0.06875 0.0171875
9 0.09375 0.0859375 0.07734375 0.053125
9 0.040625 0.26796875 0.0734375 0.07578125
9 0.2 0.26796875 0.053125 0.05859375
1 0.93515625 0.3234375 0.06015625 0.07109375
1 0.94375 0.16875 0.04921875 0.07265625
1 0.8734375 0.23203125 0.053125 0.07109375
1 0.7796875 0.275 0.05546875 0.06171875
1 0.73203125 0.22578125 0.0703125 0.07578125
1 0.82265625 0.17890625 0.046875 0.05390625
1 0.85625 0.06328125 0.15 0.1265625
0 0.971875 0.259375 0.05625 0.090625
11 0.95703125 0.4609375 0.0859375 0.096875
1 0.68515625 0.590625 0.1921875 0.1625