1 0.07734375 0.1203125 0.07578125 0.10703125
1 0.72109375 0.2453125 0.0984375 0.09453125
1 0.9515625 0.0546875 0.07265625 0.0984375
1 0.83671875 0.053125 0.06953125 0.08125
1 0.74453125 0.04140625 0.0703125 0.0828125
9 0.66796875 0.87109375 0.06015625 0.08203125
9 0.67109375 0.55546875 0.0859375 0.1234375
9 0.45 0.509375 0.0546875 0.075
9 0.9453125 0.515625 0.06875 0.103125
1 0.54609375 0.71484375 0.05546875 0.09921875
1 0.82265625 0.59921875 0.0546875 0.09375
1 0.90390625 0.42421875 0.03515625 0.0515625
1 0.8703125 0.46328125 0.040625 0.05859375
9 0.82265625 0.4234375 0.0546875 0.09140625
1 0.64921875 0.4171875 0.03515625 0.075