9 0.00859375 0.11875 0.0171875 0.078125
1 0.090625 0.3609375 0.046875 0.05625
1 0.11328125 0.2859375 0.04609375 0.046875
1 0.20078125 0.378125 0.0421875 0.021875
1 0.2328125 0.28671875 0.034375 0.0484375
1 0.053125 0.328125 0.03515625 0.08515625
9 0.01015625 0.32109375 0.0203125 0.0390625
9 0.33046875 0.35234375 0.03203125 0.04921875
4 0.54453125 0.57421875 0.1890625 0.0703125
8 0.90078125 0.4953125 0.04296875 0.06640625
5 0.94140625 0.4078125 0.0546875 0.0375
10 0.7703125 0.95078125 0.053125 0.06328125
10 0.47265625 0.8234375 0.0453125 0.053125
10 0.4859375 0.76640625 0.05 0.0609375
10 0.525 0.903125 0.04921875 0.05703125
9 0.5703125 0.8109375 0.053125 0.0703125
1 0.459375 0.95625 0.01875 0.05
11 0.69296875 0.94375 0.0546875 0.1125
0 0.66640625 0.7484375 0.06640625 0.05859375
0 0.6 0.87734375 0.10546875 0.07890625