4 0.14375 0.08125 0.165625 0.1625
4 0.01796875 0.3640625 0.0359375 0.18125
10 0.06953125 0.23515625 0.06015625 0.07421875
1 0.553125 0.51171875 0.075 0.0546875
1 0.9609375 0.49375 0.078125 0.075
1 0.84296875 0.07734375 0.11953125 0.065625
1 0.521875 0.2671875 0.065625 0.1125
10 0.24140625 0.946875 0.0453125 0.0953125
10 0.06875 0.9671875 0.03125 0.065625
10 0.3375 0.98125 0.03125 0.0375
11 0.11484375 0.7359375 0.05234375 0.11484375
11 0.15 0.98359375 0.046875 0.0328125
0 0.1515625 0.803125 0.0453125 0.09765625
0 0.20546875 0.97109375 0.0421875 0.0578125
0 0.2515625 0.78828125 0.0453125 0.075
0 0.09921875 0.95546875 0.03203125 0.08359375
10 0.91796875 0.55390625 0.0515625 0.0296875
10 0.6046875 0.7671875 0.04609375 0.071875
10 0.62890625 0.85234375 0.0484375 0.08515625
10 0.653125 0.64140625 0.0484375 0.078125
9 0.715625 0.7703125 0.05078125 0.096875
1 0.546875 0.57734375 0.07109375 0.06328125
11 0.834375 0.584375 0.046875 0.090625
0 0.83046875 0.84609375 0.0671875 0.078125
0 0.73984375 0.66640625 0.109375 0.1015625