1 0.44140625 0.040625 0.0171875 0.05625
10 0.40546875 0.26640625 0.05859375 0.07421875
0 0.2890625 0.04296875 0.07578125 0.065625
0 0.41171875 0.11015625 0.0765625 0.0828125
1 0.37421875 0.225 0.04296875 0.0390625
1 0.809375 0.39453125 0.07265625 0.05234375
9 0.3984375 0.88828125 0.103125 0.1046875
10 0.25703125 0.61171875 0.06640625 0.09765625
10 0.01953125 0.4921875 0.0390625 0.046875
1 0.21328125 0.84296875 0.05390625 0.08125
1 0.1140625 0.909375 0.05703125 0.0796875
0 0.0390625 0.64765625 0.0625 0.07890625
0 0.1 0.64453125 0.07109375 0.11171875
0 0.10234375 0.49609375 0.1171875 0.0546875
0 0.19296875 0.7421875 0.15703125 0.1328125
9 0.97265625 0.584375 0.0546875 0.125
9 0.71875 0.91171875 0.1078125 0.12109375
9 0.89375 0.50703125 0.084375 0.0765625
0 0.70078125 0.70859375 0.1703125 0.16484375
1 0.47890625 0.75078125 0.0578125 0.0765625
1 0.58984375 0.98046875 0.0484375 0.0390625