9 0.2234375 0.04375 0.090625 0.0875
9 0.3890625 0.58984375 0.03359375 0.08515625
9 0.47890625 0.5953125 0.03984375 0.0640625
9 0.5203125 0.5390625 0.03515625 0.06875
9 0.49453125 0.48359375 0.0484375 0.1
9 0.54375 0.453125 0.04375 0.08828125
9 0.4375 0.54140625 0.03984375 0.07109375
9 0.465625 0.50078125 0.02421875 0.059375
9 0.4234375 0.44453125 0.05078125 0.07578125
1 0.8875 0.5140625 0.16875 0.25
11 0.55625 0.884375 0.03515625 0.1171875
10 0.50390625 0.9359375 0.065625 0.1140625
10 0.78671875 0.921875 0.07109375 0.1125
9 0.934375 0.93671875 0.08125 0.08203125