9 0.125 0.25234375 0.10390625 0.103125
10 0.3546875 0.28203125 0.0859375 0.08515625
10 0.4828125 0.015625 0.078125 0.03125
9 0.21171875 0.22109375 0.06953125 0.07734375
9 0.203125 0.284375 0.05234375 0.07578125
9 0.40546875 0.11640625 0.1109375 0.12265625
0 0.08828125 0.44375 0.1109375 0.05
10 0.440625 0.4109375 0.0875 0.1
10 0.5484375 0.38359375 0.021875 0.0703125
4 0.50703125 0.446875 0.1015625 0.04375
1 0.25390625 0.43203125 0.0734375 0.0734375
0 0.578125 0.02890625 0.0375 0.0578125
1 0.59140625 0.1625 0.0640625 0.0875
0 0.5984375 0.328125 0.078125 0.109375
0 0.66328125 0.26328125 0.10546875 0.10234375
11 0.68671875 0.425 0.0953125 0.0875
1 0.71328125 0.51953125 0.065625 0.0375
1 0.74765625 0.4828125 0.0828125 0.028125
9 0.61171875 0.79609375 0.08125 0.04140625
1 0.7328125 0.625 0.11015625 0.090625
1 0.621875 0.64296875 0.0640625 0.05859375
1 0.6125 0.72734375 0.0359375 0.03359375
1 0.6578125 0.7171875 0.0515625 0.0453125
1 0.81796875 0.90390625 0.0421875 0.06015625
1 0.61328125 0.8671875 0.0640625 0.02421875
1 0.571875 0.87109375 0.025 0.0296875
1 0.634375 0.94609375 0.05 0.0375
1 0.8109375 0.73671875 0.040625 0.0375
1 0.75859375 0.765625 0.01875 0.03359375
1 0.57421875 0.671875 0.0296875 0.0375
1 0.57265625 0.73984375 0.0265625 0.0515625
1 0.7421875 0.83984375 0.0453125 0.0375
1 0.728125 0.97734375 0.0390625 0.03046875
1 0.56796875 0.90703125 0.0171875 0.0265625
1 0.6578125 0.97421875 0.0359375 0.04296875
1 0.6359375 0.9875 0.046875 0.025
1 0.66875 0.890625 0.0375 0.028125
1 0.696875 0.58828125 0.0453125 0.04140625