9 0.0875 0.278125 0.0625 0.0734375
9 0.42109375 0.11796875 0.05546875 0.0515625
1 0.27265625 0.0234375 0.05 0.04140625
1 0.19375 0.38203125 0.04453125 0.0484375
1 0.2296875 0.0984375 0.05390625 0.040625
1 0.3125 0.315625 0.0359375 0.03359375
1 0.265625 0.33203125 0.040625 0.04140625
1 0.2046875 0.33203125 0.034375 0.04453125
9 0.84453125 0.29140625 0.05859375 0.0859375
9 0.7390625 0.028125 0.05625 0.05625
0 0.72421875 0.1765625 0.053125 0.0625
0 0.81328125 0.403125 0.04296875 0.05390625
1 0.7671875 0.465625 0.04296875 0.04453125
11 0.0875 0.95859375 0.10078125 0.08203125
11 0.1390625 0.7265625 0.1203125 0.08359375
11 0.27421875 0.8640625 0.096875 0.12265625
10 0.20078125 0.95078125 0.08984375 0.0984375
9 0.2921875 0.68671875 0.0515625 0.08046875
9 0.3078125 0.97265625 0.10078125 0.05390625
9 0.13828125 0.77421875 0.1421875 0.18671875
11 0.45859375 0.61875 0.1828125 0.21953125
11 0.43828125 0.7875 0.2625 0.2
1 0.12265625 0.61484375 0.06875 0.09609375
1 0.0125 0.78125 0.025 0.06875
1 0.06328125 0.7296875 0.04140625 0.06015625
10 0.02109375 0.96328125 0.0421875 0.0734375
10 0.92109375 0.71875 0.02578125 0.05546875
10 0.6375 0.6578125 0.02109375 0.04765625
11 0.76640625 0.61484375 0.02578125 0.053125
11 0.85078125 0.6484375 0.01875 0.04609375
11 0.7015625 0.6859375 0.0390625 0.0609375
9 0.69921875 0.7625 0.02734375 0.07109375
1 0.753125 0.78046875 0.02578125 0.0765625
1 0.7296875 0.75234375 0.01953125 0.04453125
6 0.796875 0.79921875 0.02421875 0.0390625
6 0.84296875 0.7109375 0.028125 0.0359375