0 0.0984375 0.125 0.09140625 0.05
9 0.0125 0.21796875 0.025 0.0421875
1 0.01484375 0.18046875 0.0296875 0.0703125
9 0.03515625 0.26015625 0.0703125 0.0453125
1 0.44375 0.3171875 0.078125 0.103125
1 0.83046875 0.053125 0.07265625 0.08671875
1 0.9375 0.25703125 0.05546875 0.06875
1 0.80234375 0.20625 0.05390625 0.0671875
1 0.59296875 0.36015625 0.05078125 0.08125
1 0.69375 0.3671875 0.0421875 0.06015625
1 0.36796875 0.34921875 0.059375 0.0671875
1 0.57890625 0.103125 0.06640625 0.08359375
1 0.7390625 0.2828125 0.04453125 0.06328125
9 0.20703125 0.7296875 0.0890625 0.06796875
11 0.278125 0.8640625 0.103125 0.146875
0 0.16875 0.86953125 0.1125 0.1046875
0 0.12265625 0.98125 0.1171875 0.0375
0 0.09921875 0.9390625 0.0875 0.07421875
9 0.51953125 0.97578125 0.0765625 0.0484375
9 0.86640625 0.60390625 0.065625 0.07734375
9 0.51015625 0.71171875 0.11328125 0.21015625
10 0.4109375 0.84921875 0.096875 0.103125
1 0.6453125 0.97578125 0.05 0.0484375
0 0.86953125 0.746875 0.13515625 0.20234375