1 0.11875 0.0765625 0.0609375 0.0625
1 0.08203125 0.0828125 0.0375 0.0703125
9 0.35390625 0.04609375 0.0703125 0.0890625
11 0.15078125 0.31953125 0.1 0.03046875
10 0.4359375 0.55234375 0.1046875 0.1234375
9 0.31484375 0.47890625 0.1109375 0.10234375
11 0.57265625 0.66328125 0.1296875 0.0515625
11 0.625 0.3921875 0.1109375 0.1328125
1 0.96015625 0.45234375 0.0796875 0.04765625
9 0.071875 0.7453125 0.121875 0.1125
9 0.2859375 0.7171875 0.10625 0.05625
0 0.18359375 0.76484375 0.09609375 0.140625
10 0.64921875 0.82109375 0.06640625 0.03125
1 0.4 0.9484375 0.065625 0.03984375
10 0.84609375 0.87265625 0.0328125 0.0625
10 0.953125 0.88125 0.03984375 0.05703125
10 0.9921875 0.9171875 0.015625 0.071875
10 0.7265625 0.83359375 0.034375 0.06875