11 0.21015625 0.31015625 0.0796875 0.0984375
10 0.03984375 0.33125 0.0421875 0.05625
10 0.14765625 0.30390625 0.04375 0.08046875
1 0.06015625 0.0046875 0.0546875 0.009375
9 0.41953125 0.32734375 0.0390625 0.0640625
10 0.32421875 0.09609375 0.05078125 0.08203125
1 0.425 0.00390625 0.028125 0.0078125
8 0.371875 0.8453125 0.1171875 0.10546875
8 0.0953125 0.41171875 0.190625 0.1046875
8 0.21171875 0.83125 0.09765625 0.134375
8 0.0640625 0.77734375 0.128125 0.1671875
8 0.09296875 0.93828125 0.1859375 0.1234375