9 0.41015625 0.125 0.05703125 0.07734375
9 0.1140625 0.25078125 0.05 0.05546875
1 0.23359375 0.35859375 0.0453125 0.04609375
1 0.325 0.01953125 0.040625 0.0390625
1 0.2765625 0.28984375 0.04765625 0.04453125
1 0.21953125 0.065625 0.0328125 0.0359375
1 0.26015625 0.05546875 0.03671875 0.04609375
1 0.3125 0.0609375 0.03125 0.046875
1 0.4734375 0.49609375 0.0125 0.0421875
1 0.08125 0.40703125 0.065625 0.0375
9 0.26953125 0.5046875 0.1078125 0.028125
1 0.35703125 0.69296875 0.0609375 0.0828125
1 0.1890625 0.54921875 0.05625 0.0609375
1 0.28515625 0.74765625 0.04609375 0.0609375
0 0.39296875 0.53671875 0.0328125 0.0359375
0 0.43359375 0.5640625 0.04765625 0.08828125
0 0.42734375 0.6765625 0.0359375 0.053125
10 0.3265625 0.884375 0.0609375 0.075