9 0.18046875 0.13515625 0.134375 0.03984375
10 0.178125 0.0546875 0.11875 0.109375
0 0.31953125 0.0125 0.0859375 0.025
1 0.0578125 0.42578125 0.10390625 0.121875
1 0.2078125 0.234375 0.0375 0.03984375
9 0.0328125 0.29140625 0.0359375 0.0359375
9 0.0921875 0.2359375 0.046875 0.04765625
9 0.08984375 0.203125 0.040625 0.04453125
9 0.19765625 0.2796875 0.0421875 0.04140625
9 0.30703125 0.47890625 0.0484375 0.04609375
9 0.17109375 0.49765625 0.0640625 0.0234375
9 0.115625 0.33203125 0.046875 0.04453125
9 0.2546875 0.41328125 0.0859375 0.0640625
1 0.8421875 0.01328125 0.084375 0.0265625
1 0.4390625 0.49921875 0.01875 0.0203125
1 0.46796875 0.4921875 0.0359375 0.034375
1 0.51875 0.471875 0.03515625 0.03984375
1 0.57578125 0.49375 0.0234375 0.03125
0 0.546875 0.5015625 0.040625 0.015625
10 0.00703125 0.753125 0.0140625 0.053125
6 0.2359375 0.66015625 0.07265625 0.109375
6 0.31328125 0.70859375 0.06953125 0.0984375
6 0.36953125 0.8671875 0.09375 0.1015625
9 0.9859375 0.6234375 0.028125 0.078125
1 0.62265625 0.52578125 0.0640625 0.0328125
1 0.45625 0.528125 0.04375 0.0375