5 0.76953125 0.02734375 0.2015625 0.0546875
5 0.67578125 0.22109375 0.0734375 0.1453125
5 0.7640625 0.16015625 0.11484375 0.12578125
5 0.6765625 0.31875 0.075 0.140625
1 0.68125 0.125 0.084375 0.15625
1 0.66484375 0.06328125 0.0515625 0.1265625
8 0.32578125 0.9828125 0.1234375 0.034375
8 0.209375 0.9265625 0.08671875 0.0578125
12 0.48203125 0.8546875 0.13828125 0.1171875
12 0.5859375 0.86796875 0.10625 0.1546875
12 0.2953125 0.86328125 0.14453125 0.0875
1 0.8578125 0.525 0.08671875 0.08359375
1 0.92890625 0.56328125 0.0484375 0.0703125
1 0.67734375 0.790625 0.06640625 0.08515625
1 0.9328125 0.69140625 0.059375 0.13515625
10 0.98359375 0.5765625 0.0328125 0.090625
10 0.6578125 0.4046875 0.0375 0.03125
9 0.7515625 0.721875 0.06640625 0.0703125