10 0.303125 0.103125 0.05625 0.05859375
1 0.25 0.05546875 0.04140625 0.04140625
9 0.009375 0.47578125 0.01875 0.0234375
9 0.1390625 0.39140625 0.03515625 0.02890625
9 0.096875 0.4046875 0.0375 0.0203125
9 0.10625 0.45625 0.0515625 0.02890625
9 0.034375 0.484375 0.03125 0.0234375
9 0.02734375 0.28359375 0.0546875 0.0640625
9 0.028125 0.4328125 0.0328125 0.01875
9 0.065625 0.4484375 0.02734375 0.01640625
1 0.3984375 0.28046875 0.021875 0.0734375
9 0.63125 0.35546875 0.0515625 0.096875
0 0.0109375 0.8671875 0.021875 0.125
0 0.25703125 0.9515625 0.0734375 0.0859375
0 0.04375 0.63515625 0.0875 0.1390625
7 0.22734375 0.609375 0.1171875 0.140625