9 0.3390625 0.0625 0.01875 0.09609375
9 0.30859375 0.0140625 0.08046875 0.028125
10 0.1828125 0.02578125 0.053125 0.0515625
10 0.06875 0.3453125 0.07421875 0.075
1 0.15703125 0.128125 0.053125 0.078125
1 0.325 0.2765625 0.0484375 0.05546875
11 0.92265625 0.39140625 0.09609375 0.04453125
11 0.8703125 0.1734375 0.1046875 0.0640625
10 0.490625 0.23828125 0.07578125 0.04296875
9 0.83515625 0.36953125 0.08046875 0.0375
9 0.4734375 0.19609375 0.05703125 0.03203125
9 0.378125 0.2890625 0.05859375 0.04453125
9 0.634375 0.24609375 0.1171875 0.07265625
1 0.4140625 0.21875 0.07421875 0.0390625
1 0.49765625 0.16171875 0.06328125 0.03203125
0 0.49765625 0.39921875 0.1171875 0.06015625
0 0.7328125 0.27578125 0.09453125 0.04609375
0 0.80859375 0.20625 0.071875 0.03203125
9 0.6875 0.19140625 0.12734375 0.06796875
9 0.5359375 0.19375 0.07734375 0.04765625
9 0.896875 0.2890625 0.103125 0.065625
5 0.90859375 0.57265625 0.18203125 0.04609375
5 0.4703125 0.99375 0.12890625 0.0125
5 0.92109375 0.70625 0.1578125 0.2453125
5 0.471875 0.56328125 0.11171875 0.0265625
5 0.70703125 0.675 0.1359375 0.16171875
5 0.5375 0.73203125 0.12734375 0.128125
5 0.64296875 0.8 0.209375 0.23515625
5 0.74296875 0.8328125 0.1515625 0.1796875
5 0.74296875 0.596875 0.13203125 0.09453125
5 0.82421875 0.5890625 0.09765625 0.078125