9 0.034375 0.37265625 0.06875 0.0546875
3 0.10234375 0.321875 0.08984375 0.084375
9 0.38828125 0.65859375 0.09296875 0.0796875
9 0.33046875 0.7515625 0.084375 0.075
9 0.115625 0.8625 0.07265625 0.06796875
10 0.1703125 0.7421875 0.05390625 0.04765625
10 0.22109375 0.78671875 0.05546875 0.05859375
1 0.11328125 0.646875 0.04765625 0.07109375
1 0.59921875 0.9796875 0.0484375 0.040625
11 0.5421875 0.7203125 0.025 0.11875
11 0.54609375 0.88671875 0.0328125 0.0828125
11 0.7796875 0.971875 0.075 0.05625
9 0.6859375 0.7203125 0.0359375 0.09921875
10 0.61484375 0.77109375 0.0578125 0.06875
10 0.58046875 0.640625 0.05234375 0.07578125
0 0.87890625 0.678125 0.0640625 0.10625
0 0.88515625 0.9140625 0.075 0.053125