5 0.0234375 0.0140625 0.046875 0.028125
5 0.09921875 0.0375 0.1171875 0.075
9 0.05078125 0.15703125 0.05859375 0.08828125
9 0.22578125 0.1859375 0.053125 0.1109375
9 0.1 0.2515625 0.04609375 0.08046875
9 0.275 0.4140625 0.05 0.1
1 0.27109375 0.228125 0.03828125 0.075
1 0.1328125 0.43828125 0.04375 0.08671875
1 0.14609375 0.3234375 0.03671875 0.0546875
1 0.17265625 0.44375 0.03515625 0.08984375
1 0.2421875 0.4640625 0.03515625 0.075
9 0.68125 0.5625 0.1375 0.053125
9 0.440625 0.43203125 0.12578125 0.07578125
0 0.753125 0.29375 0.1375 0.07109375
0 0.50078125 0.24765625 0.26953125 0.1078125
9 0.06015625 0.92890625 0.1203125 0.1328125
1 0.15390625 0.7 0.0375 0.06875
5 0.43046875 0.715625 0.0765625 0.14453125
5 0.45546875 0.86171875 0.06328125 0.07734375
1 0.3296875 0.75703125 0.03984375 0.07890625
1 0.36875 0.7640625 0.03125 0.07265625
1 0.40390625 0.96328125 0.0328125 0.0734375
1 0.3234375 0.9765625 0.046875 0.04140625
11 0.85703125 0.671875 0.0359375 0.14296875
11 0.925 0.9296875 0.0359375 0.0484375
11 0.9328125 0.9828125 0.028125 0.034375
10 0.95703125 0.9296875 0.0125 0.034375
10 0.94609375 0.884375 0.0171875 0.034375
1 0.88828125 0.9859375 0.0140625 0.028125
1 0.91171875 0.87734375 0.01640625 0.04140625
9 0.89609375 0.74375 0.02265625 0.05
1 0.8984375 0.5984375 0.015625 0.01875
1 0.896875 0.9578125 0.01171875 0.02734375
1 0.9078125 0.9765625 0.01875 0.04453125
1 0.8390625 0.90625 0.01875 0.04140625