9 0.05078125 0.00390625 0.0265625 0.0078125
1 0.4671875 0.10546875 0.103125 0.1359375
12 0.38828125 0.5421875 0.2609375 0.09375
9 0.56484375 0.52421875 0.0921875 0.1046875
9 0.67890625 0.54375 0.0671875 0.075
3 0.60546875 0.2296875 0.03984375 0.12890625
3 0.684375 0.40859375 0.1171875 0.14609375
4 0.09609375 0.7921875 0.0671875 0.0609375
9 0.021875 0.82421875 0.04375 0.0671875
1 0.9421875 0.92109375 0.04140625 0.04453125
1 0.88828125 0.9203125 0.03984375 0.046875
1 0.81484375 0.92578125 0.04140625 0.04296875
1 0.75 0.86796875 0.0265625 0.0390625
1 0.85 0.85703125 0.028125 0.0609375
9 0.90546875 0.69609375 0.0609375 0.05703125
0 0.7640625 0.69921875 0.071875 0.07109375
0 0.79921875 0.846875 0.04375 0.0734375
0 0.903125 0.825 0.05703125 0.04296875