4 0.15 0.084375 0.3 0.16875
0 0.415625 0.02890625 0.046875 0.0578125
0 0.4265625 0.1140625 0.046875 0.05
5 0.60390625 0.0984375 0.1484375 0.140625
5 0.8796875 0.103125 0.240625 0.13125
10 0.15390625 0.534375 0.084375 0.08984375
0 0.0515625 0.48984375 0.103125 0.0640625
0 0.03671875 0.8578125 0.0734375 0.140625
0 0.03671875 0.66171875 0.065625 0.125
1 0.46328125 0.55078125 0.0265625 0.0421875
1 0.46328125 0.61484375 0.0265625 0.0546875
1 0.46328125 0.2484375 0.0265625 0.053125
10 0.909375 0.565625 0.06171875 0.05
1 0.75625 0.39921875 0.0734375 0.05546875
1 0.6078125 0.2359375 0.0453125 0.03203125
1 0.63203125 0.28125 0.046875 0.0265625
0 0.7984375 0.30546875 0.07578125 0.05546875
11 0.8734375 0.7875 0.1140625 0.06796875
11 0.98984375 0.684375 0.0203125 0.08125
10 0.6078125 0.7046875 0.08359375 0.1109375
10 0.57421875 0.85 0.04765625 0.05546875
9 0.53671875 0.72578125 0.046875 0.0890625
9 0.878125 0.74140625 0.125 0.16953125
1 0.8453125 0.896875 0.06015625 0.0890625
1 0.7375 0.7140625 0.05546875 0.0625
1 0.7984375 0.77421875 0.0359375 0.05546875
1 0.65234375 0.8546875 0.03671875 0.04609375