1 0.190625 0.08203125 0.01953125 0.078125
1 0.2671875 0.3578125 0.0453125 0.10390625
1 0.27265625 0.446875 0.04765625 0.096875
1 0.30703125 0.528125 0.04609375 0.09921875
1 0.3125 0.403125 0.0453125 0.10546875
1 0.296875 0.32109375 0.0375 0.08125
1 0.34140625 0.3890625 0.0359375 0.096875
9 0.634375 0.46015625 0.06328125 0.084375
9 0.78828125 0.51796875 0.10859375 0.1390625
9 0.84296875 0.28359375 0.0546875 0.07890625
0 0.93515625 0.25234375 0.04453125 0.08046875
0 0.87421875 0.21953125 0.059375 0.0703125
0 0.84375 0.34765625 0.1 0.08046875
0 0.8703125 0.42890625 0.04765625 0.0421875
0 0.8875 0.6296875 0.10546875 0.0484375
0 0.67421875 0.634375 0.040625 0.07421875
1 0.7546875 0.34921875 0.02734375 0.04453125
1 0.728125 0.41484375 0.02578125 0.05078125
1 0.70703125 0.31484375 0.0578125 0.05234375
0 0.271875 0.91875 0.08125 0.0734375
9 0.525 0.975 0.090625 0.05
9 0.5890625 0.8484375 0.04375 0.040625
9 0.55859375 0.790625 0.0390625 0.040625
9 0.4796875 0.74296875 0.06015625 0.05859375
9 0.77421875 0.934375 0.05703125 0.046875
9 0.75625 0.76171875 0.05078125 0.04609375
9 0.44375 0.79921875 0.05703125 0.05859375