9 0.24375 0.28671875 0.06328125 0.084375
9 0.396875 0.30234375 0.109375 0.0546875
9 0.45234375 0.11015625 0.0546875 0.07890625
0 0.46640625 0.04609375 0.0265625 0.0703125
0 0.44140625 0.1734375 0.0765625 0.08125
0 0.4671875 0.25546875 0.025 0.0421875
1 0.3640625 0.17578125 0.02734375 0.04453125
1 0.3375 0.24140625 0.02578125 0.05078125
1 0.31640625 0.14140625 0.0578125 0.05234375
3 0.27578125 0.475 0.090625 0.11640625
3 0.03515625 0.53671875 0.06796875 0.08359375
3 0.15390625 0.4796875 0.1015625 0.1375
1 0.19296875 0.8265625 0.0640625 0.04921875
1 0.32109375 0.80390625 0.0640625 0.04765625
1 0.30546875 0.89921875 0.0734375 0.06875
3 0.19609375 0.9265625 0.0734375 0.0640625
9 0.8578125 0.38046875 0.05859375 0.09140625
9 0.9515625 0.4765625 0.08125 0.06328125
9 0.98828125 0.54609375 0.0234375 0.0640625
9 0.86953125 0.5765625 0.1140625 0.05859375
0 0.6875 0.703125 0.08125 0.0734375