9 0.2171875 0.19375 0.04453125 0.09140625
9 0.29296875 0.23046875 0.0484375 0.0359375
9 0.56953125 0.1390625 0.07265625 0.09296875
10 0.540625 0.0609375 0.0515625 0.06484375
10 0.25 0.03359375 0.065625 0.0671875
9 0.1234375 0.40625 0.0703125 0.0828125
9 0.17890625 0.43828125 0.03125 0.09296875
9 0.015625 0.5046875 0.03125 0.028125
9 0.06796875 0.4390625 0.04296875 0.0734375
1 0.121875 0.465625 0.03359375 0.05234375
1 0.153125 0.4515625 0.03515625 0.05
0 0.01171875 0.37890625 0.0234375 0.0671875
1 0.10234375 0.4453125 0.06171875 0.084375
1 0.4 0.46796875 0.06875 0.1015625
1 0.26796875 0.271875 0.07421875 0.046875
1 0.21171875 0.35703125 0.03359375 0.0734375
1 0.52265625 0.27890625 0.059375 0.0609375
1 0.4828125 0.49609375 0.05625 0.0453125
1 0.35703125 0.45859375 0.05 0.06640625
9 0.9203125 0.03203125 0.159375 0.0640625
5 0.65703125 0.43828125 0.0765625 0.0890625
5 0.9 0.50703125 0.06875 0.0234375
5 0.94921875 0.39609375 0.09921875 0.046875
5 0.93671875 0.28671875 0.1265625 0.0953125
1 0.97890625 0.234375 0.0421875 0.0125
1 0.64765625 0.34453125 0.0578125 0.0546875
5 0.65625 0.91015625 0.075 0.1453125
5 0.70390625 0.740625 0.1703125 0.215625
5 0.7953125 0.603125 0.353125 0.16875