3 0.3328125 0.15234375 0.0625 0.07265625
3 0.2125 0.1328125 0.05390625 0.04453125
3 0.14609375 0.06171875 0.0453125 0.10390625
9 0.37421875 0.2875 0.0296875 0.0625
3 0.98203125 0.04921875 0.0359375 0.0984375
3 0.8609375 0.07421875 0.09375 0.10625
9 0.815625 0.21875 0.103125 0.053125
10 0.640625 0.01796875 0.05 0.0359375
9 0.15859375 0.478125 0.1 0.17109375
9 0.240625 0.7765625 0.0796875 0.11328125
9 0.3078125 0.36875 0.090625 0.1
1 0.11875 0.95390625 0.075 0.0921875
1 0.0578125 0.4515625 0.05078125 0.078125
1 0.18125 0.57890625 0.1046875 0.05546875
1 0.3484375 0.7609375 0.078125 0.103125
0 0.4609375 0.3796875 0.1078125 0.1
11 0.71796875 0.41484375 0.0921875 0.0296875
10 0.5125 0.72109375 0.02578125 0.07265625
10 0.51015625 0.8390625 0.0296875 0.0703125
10 0.615625 0.7453125 0.10625 0.125
10 0.9609375 0.63828125 0.078125 0.109375
10 0.9640625 0.50546875 0.071875 0.1046875
11 0.9125 0.93359375 0.121875 0.1328125
11 0.784375 0.60546875 0.115625 0.17109375
0 0.8265625 0.8796875 0.10625 0.12734375
0 0.678125 0.68359375 0.09765625 0.12109375
0 0.62265625 0.9390625 0.10234375 0.10234375
0 0.7359375 0.4421875 0.06171875 0.025
0 0.9046875 0.67734375 0.07578125 0.10703125