0 0.40546875 0.18125 0.03359375 0.06953125
0 0.31015625 0.2078125 0.02890625 0.0625
0 0.2765625 0.29921875 0.02890625 0.05703125
8 0.23828125 0.2046875 0.02578125 0.07734375
8 0.22109375 0.4140625 0.01640625 0.03515625
5 0.2453125 0.05078125 0.03671875 0.05546875
5 0.28125 0.0140625 0.028125 0.028125
5 0.1734375 0.16640625 0.03515625 0.0421875
5 0.159375 0.103125 0.01875 0.04921875
5 0.28203125 0.1171875 0.03203125 0.0796875
5 0.2453125 0.1140625 0.0234375 0.0625
5 0.4359375 0.03828125 0.021875 0.0734375
5 0.31484375 0.3515625 0.02890625 0.065625
5 0.3578125 0.30390625 0.0296875 0.08046875
1 0.92890625 0.3734375 0.11640625 0.1484375
1 0.53046875 0.41875 0.0796875 0.0625
1 0.78515625 0.10546875 0.0765625 0.1484375
10 0.01484375 0.47890625 0.0296875 0.0578125
10 0.0953125 0.484375 0.059375 0.06875
11 0.37421875 0.484375 0.0859375 0.06875
11 0.19296875 0.503125 0.09140625 0.0328125
10 0.27578125 0.496875 0.04765625 0.04609375
1 0.2734375 0.9703125 0.0125 0.059375
1 0.36484375 0.6296875 0.0171875 0.06953125
1 0.34453125 0.615625 0.015625 0.053125
1 0.3171875 0.58984375 0.02109375 0.0546875
1 0.334375 0.9609375 0.01953125 0.071875
1 0.3828125 0.84921875 0.01796875 0.09375
1 0.40390625 0.8390625 0.0109375 0.096875
1 0.31484375 0.67421875 0.0125 0.0828125
5 0.56953125 0.88125 0.03984375 0.1
5 0.68515625 0.81953125 0.034375 0.065625